-1.158999999999999986e+01 -1.500000000000000000e+01 -4.453912379072307637e+00
-9.783428731292216796e+00 -1.500000000000000000e+01 0.000000000000000000e+00
3.859999999999999876e+00 -1.500000000000000000e+01 -2.269561895361537629e-01
1.158999999999999986e+01 -1.500000000000000000e+01 -5.474803869686160063e-01
-1.158999999999999986e+01 -5.000000000000000000e+00 -4.453912379072307637e+00
-9.783428731292216796e+00 -5.000000000000000000e+00 0.000000000000000000e+00
3.859999999999999876e+00 -5.000000000000000000e+00 -2.269561895361537629e-01
1.158999999999999986e+01 -5.000000000000000000e+00 -5.474803869686160063e-01
-1.158999999999999986e+01 5.000000000000000000e+00 -3.546087620927692363e+00
-9.783428731292216796e+00 5.000000000000000000e+00 0.000000000000000000e+00
3.859999999999999876e+00 5.000000000000000000e+00 -4.539123790723075258e-01
1.158999999999999986e+01 5.000000000000000000e+00 -8.652190523192311300e-01
-1.158999999999999986e+01 1.500000000000000000e+01 -2.638262862783077534e+00
-9.783428731292216796e+00 1.500000000000000000e+01 0.000000000000000000e+00
3.859999999999999876e+00 1.500000000000000000e+01 -4.539123790723075258e-01
1.158999999999999986e+01 1.500000000000000000e+01 -2.751329595252314242e-01
