-1.158999999999999986e+01 -1.500000000000000000e+01 -2.477053017399770685e+00
-1.049459211008321269e+01 -1.500000000000000000e+01 0.000000000000000000e+00
3.860000000000000320e+00 -1.500000000000000000e+01 -1.376140565222094825e-01
1.158999999999999986e+01 -1.500000000000000000e+01 -1.119270038257859312e+00
-1.158999999999999986e+01 -5.000000000000000000e+00 -2.477053017399770685e+00
-1.049459211008321269e+01 -5.000000000000000000e+00 0.000000000000000000e+00
3.860000000000000320e+00 -5.000000000000000000e+00 -1.376140565222094825e-01
1.158999999999999986e+01 -5.000000000000000000e+00 -1.119270038257859312e+00
-1.158999999999999986e+01 5.000000000000000000e+00 -1.926596791310932755e+00
-1.049459211008321269e+01 5.000000000000000000e+00 0.000000000000000000e+00
3.860000000000000320e+00 5.000000000000000000e+00 -2.752281130444189650e-01
1.158999999999999986e+01 5.000000000000000000e+00 -1.761473491300114658e+00
-1.158999999999999986e+01 1.500000000000000000e+01 -1.376140565222094825e+00
-1.049459211008321269e+01 1.500000000000000000e+01 0.000000000000000000e+00
3.860000000000000320e+00 1.500000000000000000e+01 -2.752281130444189650e-01
1.158999999999999986e+01 1.500000000000000000e+01 -1.853220718253532073e+00
