-1.158999999999999986e+01 -1.500000000000000000e+01 -1.040084828720602372e+00
-1.158999999999999986e+01 -1.500000000000000000e+01 0.000000000000000000e+00
3.859999999999999432e+00 -1.500000000000000000e+01 0.000000000000000000e+00
1.158999999999999986e+01 -1.500000000000000000e+01 -9.599151712793976277e-01
-1.158999999999999986e+01 -5.000000000000000000e+00 -1.040084828720602372e+00
-1.158999999999999986e+01 -5.000000000000000000e+00 0.000000000000000000e+00
3.859999999999999432e+00 -5.000000000000000000e+00 0.000000000000000000e+00
1.158999999999999986e+01 -5.000000000000000000e+00 -9.599151712793976277e-01
-1.158999999999999986e+01 5.000000000000000000e+00 -1.560127243080903447e+00
-1.158999999999999986e+01 5.000000000000000000e+00 0.000000000000000000e+00
3.859999999999999432e+00 5.000000000000000000e+00 0.000000000000000000e+00
1.158999999999999986e+01 5.000000000000000000e+00 -1.439872756919096553e+00
-1.158999999999999986e+01 1.500000000000000000e+01 -2.080169657441204745e+00
-1.158999999999999986e+01 1.500000000000000000e+01 0.000000000000000000e+00
3.859999999999999432e+00 1.500000000000000000e+01 0.000000000000000000e+00
1.158999999999999986e+01 1.500000000000000000e+01 -1.919830342558795255e+00
