-1.158999999999999986e+01 -1.500000000000000000e+01 -3.545495690443050130e-01
-1.086494613130439646e+01 -1.500000000000000000e+01 0.000000000000000000e+00
3.860000000000000320e+00 -1.500000000000000000e+01 -4.431869613053812662e-02
1.158999999999999986e+01 -1.500000000000000000e+01 -3.361810775720250888e+00
-1.158999999999999986e+01 -5.000000000000000000e+00 -3.545495690443050130e-01
-1.086494613130439646e+01 -5.000000000000000000e+00 0.000000000000000000e+00
3.860000000000000320e+00 -5.000000000000000000e+00 -4.431869613053812662e-02
1.158999999999999986e+01 -5.000000000000000000e+00 -3.361810775720250888e+00
-1.158999999999999986e+01 5.000000000000000000e+00 -4.431869613053812662e-01
-1.086494613130439646e+01 5.000000000000000000e+00 0.000000000000000000e+00
3.860000000000000320e+00 5.000000000000000000e+00 -8.863739226107625324e-02
1.158999999999999986e+01 5.000000000000000000e+00 -3.423856950303004520e+00
-1.158999999999999986e+01 1.500000000000000000e+01 -7.090991380886100259e-01
-1.086494613130439646e+01 1.500000000000000000e+01 0.000000000000000000e+00
3.860000000000000320e+00 1.500000000000000000e+01 -8.863739226107625324e-02
1.158999999999999986e+01 1.500000000000000000e+01 -3.308628340363605425e+00
