-1.098135406610913378e+01 -1.500000000000000000e+01 -1.565416264436532146e+00
-1.158999999999999986e+01 -1.500000000000000000e+01 0.000000000000000000e+00
3.860000000000000320e+00 -1.500000000000000000e+01 0.000000000000000000e+00
1.158999999999999986e+01 -1.500000000000000000e+01 -2.434583735563467854e+00
-1.158999999999999986e+01 -5.000000000000000000e+00 -1.565416264436532146e+00
-1.158999999999999986e+01 -5.000000000000000000e+00 0.000000000000000000e+00
3.860000000000000320e+00 -5.000000000000000000e+00 0.000000000000000000e+00
1.158999999999999986e+01 -5.000000000000000000e+00 -2.434583735563467854e+00
-1.219864593389086593e+01 5.000000000000000000e+00 -1.565416264436532146e+00
-1.158999999999999986e+01 5.000000000000000000e+00 0.000000000000000000e+00
3.860000000000000320e+00 5.000000000000000000e+00 0.000000000000000000e+00
1.158999999999999986e+01 5.000000000000000000e+00 -2.434583735563467854e+00
-1.219864593389086593e+01 1.500000000000000000e+01 -1.565416264436532146e+00
-1.158999999999999986e+01 1.500000000000000000e+01 0.000000000000000000e+00
3.860000000000000320e+00 1.500000000000000000e+01 0.000000000000000000e+00
1.158999999999999986e+01 1.500000000000000000e+01 -2.434583735563467854e+00
