-1.191598040955924631e+01 -1.500000000000000000e+01 -2.696078361763011300e-01
-1.024870101502290254e+01 -1.500000000000000000e+01 -1.685048976101881923e-01
3.860000000000000320e+00 -1.500000000000000000e+01 0.000000000000000000e+00
1.158999999999999986e+01 -1.500000000000000000e+01 -4.337009795220376773e+00
-1.191598040955924631e+01 -5.000000000000000000e+00 -2.696078361763011300e-01
-1.024870101502290254e+01 -5.000000000000000000e+00 -1.685048976101881923e-01
3.860000000000000320e+00 -5.000000000000000000e+00 0.000000000000000000e+00
1.158999999999999986e+01 -5.000000000000000000e+00 -4.337009795220376773e+00
-1.191598040955924631e+01 5.000000000000000000e+00 -5.055146928305646048e-01
-1.024870101502290254e+01 5.000000000000000000e+00 -3.370097952203763847e-01
3.860000000000000320e+00 5.000000000000000000e+00 0.000000000000000000e+00
1.158999999999999986e+01 5.000000000000000000e+00 -3.662990204779623671e+00
-1.191598040955924631e+01 1.500000000000000000e+01 -6.740195904407528249e-02
-1.024870101502290254e+01 1.500000000000000000e+01 -3.370097952203763847e-01
3.860000000000000320e+00 1.500000000000000000e+01 0.000000000000000000e+00
1.158999999999999986e+01 1.500000000000000000e+01 -2.988970614338870568e+00
