-1.158999999999999986e+01 -1.500000000000000000e+01 -4.264648170940009919e+00
-1.159529296341879956e+01 -1.500000000000000000e+01 0.000000000000000000e+00
3.859999999999999432e+00 -1.500000000000000000e+01 -1.323240854700048486e-01
1.158999999999999986e+01 -1.500000000000000000e+01 -2.117185367520077743e-01
-1.158999999999999986e+01 -5.000000000000000000e+00 -4.264648170940009919e+00
-1.159529296341879956e+01 -5.000000000000000000e+00 0.000000000000000000e+00
3.859999999999999432e+00 -5.000000000000000000e+00 -1.323240854700048486e-01
1.158999999999999986e+01 -5.000000000000000000e+00 -2.117185367520077743e-01
-1.158999999999999986e+01 5.000000000000000000e+00 -3.735351829059990081e+00
-1.159529296341879956e+01 5.000000000000000000e+00 0.000000000000000000e+00
3.859999999999999432e+00 5.000000000000000000e+00 -2.646481709400096971e-01
1.158999999999999986e+01 5.000000000000000000e+00 -3.969722564100145457e-01
-1.158999999999999986e+01 1.500000000000000000e+01 -3.206055487179971131e+00
-1.159529296341879956e+01 1.500000000000000000e+01 0.000000000000000000e+00
3.859999999999999432e+00 1.500000000000000000e+01 -2.646481709400096971e-01
1.158999999999999986e+01 1.500000000000000000e+01 -5.292963418800194358e-02
