-1.158999999999999986e+01 -1.500000000000000000e+01 -4.330659704453456271e+00
-1.159962368823211953e+01 -1.500000000000000000e+01 0.000000000000000000e+00
3.859999999999999876e+00 -1.500000000000000000e+01 -2.405922058029698052e-01
1.158999999999999986e+01 -1.500000000000000000e+01 -5.354722364372348498e-01
-1.158999999999999986e+01 -5.000000000000000000e+00 -4.330659704453456271e+00
-1.159962368823211953e+01 -5.000000000000000000e+00 0.000000000000000000e+00
3.859999999999999876e+00 -5.000000000000000000e+00 -2.405922058029698052e-01
1.158999999999999986e+01 -5.000000000000000000e+00 -5.354722364372348498e-01
-1.158999999999999986e+01 5.000000000000000000e+00 -3.368290881241577495e+00
-1.159962368823211953e+01 5.000000000000000000e+00 0.000000000000000000e+00
3.859999999999999876e+00 5.000000000000000000e+00 -4.811844116059396104e-01
1.158999999999999986e+01 5.000000000000000000e+00 -8.723013245613925326e-01
-1.158999999999999986e+01 1.500000000000000000e+01 -2.405922058029697830e+00
-1.159962368823211953e+01 1.500000000000000000e+01 0.000000000000000000e+00
3.859999999999999876e+00 1.500000000000000000e+01 -4.811844116059396104e-01
1.158999999999999986e+01 1.500000000000000000e+01 -2.467615894736710502e-01
