-1.158999999999999986e+01 -1.500000000000000000e+01 0.000000000000000000e+00
-1.035651681736885266e+01 -1.500000000000000000e+01 0.000000000000000000e+00
3.859999999999999432e+00 -1.500000000000000000e+01 0.000000000000000000e+00
1.158999999999999986e+01 -1.500000000000000000e+01 -2.149775226053278310e+00
-1.158999999999999986e+01 -5.000000000000000000e+00 0.000000000000000000e+00
-1.035651681736885266e+01 -5.000000000000000000e+00 0.000000000000000000e+00
3.859999999999999432e+00 -5.000000000000000000e+00 0.000000000000000000e+00
1.158999999999999986e+01 -5.000000000000000000e+00 -2.149775226053278310e+00
-1.158999999999999986e+01 5.000000000000000000e+00 0.000000000000000000e+00
-1.035651681736885266e+01 5.000000000000000000e+00 0.000000000000000000e+00
3.859999999999999432e+00 5.000000000000000000e+00 0.000000000000000000e+00
1.158999999999999986e+01 5.000000000000000000e+00 -3.074887613026639155e+00
-1.158999999999999986e+01 1.500000000000000000e+01 0.000000000000000000e+00
-1.035651681736885266e+01 1.500000000000000000e+01 0.000000000000000000e+00
3.859999999999999432e+00 1.500000000000000000e+01 0.000000000000000000e+00
1.158999999999999986e+01 1.500000000000000000e+01 -4.000000000000000000e+00
