-1.158999999999999986e+01 -1.500000000000000000e+01 -3.407896581787893453e+00
-1.018210341821210640e+01 -1.500000000000000000e+01 0.000000000000000000e+00
3.859999999999999432e+00 -1.500000000000000000e+01 -3.519741454469734188e-01
1.158999999999999986e+01 -1.500000000000000000e+01 -1.407896581787893675e+00
-1.158999999999999986e+01 -5.000000000000000000e+00 -2.351974145446973363e+00
-1.018210341821210640e+01 -5.000000000000000000e+00 0.000000000000000000e+00
3.859999999999999432e+00 -5.000000000000000000e+00 -3.519741454469734188e-01
1.158999999999999986e+01 -5.000000000000000000e+00 -8.799353636174335191e-01
-1.158999999999999986e+01 5.000000000000000000e+00 -1.592103418212106325e+00
-1.018210341821210640e+01 5.000000000000000000e+00 0.000000000000000000e+00
3.859999999999999432e+00 5.000000000000000000e+00 -1.759870727234867094e-01
1.158999999999999986e+01 5.000000000000000000e+00 -8.799353636174335191e-01
-1.158999999999999986e+01 1.500000000000000000e+01 -1.888155127318159376e+00
-1.018210341821210640e+01 1.500000000000000000e+01 0.000000000000000000e+00
3.859999999999999432e+00 1.500000000000000000e+01 -1.759870727234867094e-01
1.158999999999999986e+01 1.500000000000000000e+01 -1.407896581787893675e+00
