-1.205636668828222824e+01 -1.500000000000000000e+01 -2.134533246871085588e+00
-1.052273337656445662e+01 -1.500000000000000000e+01 0.000000000000000000e+00
3.859999999999999876e+00 -1.500000000000000000e+01 -2.668166558588856985e-01
1.158999999999999986e+01 -1.500000000000000000e+01 -2.932733376564457206e+00
-1.205636668828222824e+01 -5.000000000000000000e+00 -1.334083279294428603e+00
-1.052273337656445662e+01 -5.000000000000000000e+00 0.000000000000000000e+00
3.859999999999999876e+00 -5.000000000000000000e+00 -2.668166558588856985e-01
1.158999999999999986e+01 -5.000000000000000000e+00 -2.532508392776128936e+00
-1.205636668828222824e+01 5.000000000000000000e+00 -5.336333117177713969e-01
-1.052273337656445662e+01 5.000000000000000000e+00 0.000000000000000000e+00
3.859999999999999876e+00 5.000000000000000000e+00 -1.334083279294428492e-01
1.158999999999999986e+01 5.000000000000000000e+00 -2.532508392776128936e+00
-1.205636668828222824e+01 1.500000000000000000e+01 -5.336333117177713969e-01
-1.052273337656445662e+01 1.500000000000000000e+01 0.000000000000000000e+00
3.859999999999999876e+00 1.500000000000000000e+01 -1.334083279294428492e-01
1.158999999999999986e+01 1.500000000000000000e+01 -2.932733376564457206e+00
