-1.201880376182145227e+01 -1.500000000000000000e+01 -5.711962381785471443e-01
-1.044760752364290468e+01 -1.500000000000000000e+01 0.000000000000000000e+00
3.859999999999999432e+00 -1.500000000000000000e+01 -1.427990595446367861e-01
1.158999999999999986e+01 -1.500000000000000000e+01 -1.943693542557230369e+00
-1.201880376182145227e+01 -5.000000000000000000e+00 -5.711962381785471443e-01
-1.044760752364290468e+01 -5.000000000000000000e+00 0.000000000000000000e+00
3.859999999999999432e+00 -5.000000000000000000e+00 -1.427990595446367861e-01
1.158999999999999986e+01 -5.000000000000000000e+00 -1.943693542557230369e+00
-1.201880376182145227e+01 5.000000000000000000e+00 -1.427990595446367861e+00
-1.044760752364290468e+01 5.000000000000000000e+00 0.000000000000000000e+00
3.859999999999999432e+00 5.000000000000000000e+00 -2.855981190892735722e-01
1.158999999999999986e+01 5.000000000000000000e+00 -2.143612225919721670e+00
-1.201880376182145227e+01 1.500000000000000000e+01 -2.284784952714188577e+00
-1.044760752364290468e+01 1.500000000000000000e+01 0.000000000000000000e+00
3.859999999999999432e+00 1.500000000000000000e+01 -2.855981190892735722e-01
1.158999999999999986e+01 1.500000000000000000e+01 -1.772334671103666048e+00
