-1.222961798603298078e+01 -1.500000000000000000e+01 -3.603820139670194100e-01
-1.011603756287489020e+01 -1.500000000000000000e+01 0.000000000000000000e+00
3.859999999999999876e+00 -1.500000000000000000e+01 -9.009550349175485251e-02
1.158999999999999986e+01 -1.500000000000000000e+01 -2.702624749718729902e+00
-1.222961798603298078e+01 -5.000000000000000000e+00 -3.603820139670194100e-01
-1.011603756287489020e+01 -5.000000000000000000e+00 0.000000000000000000e+00
3.859999999999999876e+00 -5.000000000000000000e+00 -9.009550349175485251e-02
1.158999999999999986e+01 -5.000000000000000000e+00 -2.702624749718729902e+00
-1.222961798603298078e+01 5.000000000000000000e+00 -9.009550349175485806e-01
-1.011603756287489020e+01 5.000000000000000000e+00 0.000000000000000000e+00
3.859999999999999876e+00 5.000000000000000000e+00 -1.801910069835097050e-01
1.158999999999999986e+01 5.000000000000000000e+00 -2.828758454607187112e+00
-1.222961798603298078e+01 1.500000000000000000e+01 -1.441528055868077640e+00
-1.011603756287489020e+01 1.500000000000000000e+01 0.000000000000000000e+00
3.859999999999999876e+00 1.500000000000000000e+01 -1.801910069835097050e-01
1.158999999999999986e+01 1.500000000000000000e+01 -2.594510145528624356e+00
