-1.158999999999999986e+01 -1.500000000000000000e+01 -1.213374202064735563e+00
-7.648650694105099568e+00 -1.500000000000000000e+01 0.000000000000000000e+00
3.859999999999999432e+00 -1.500000000000000000e+01 -2.677811835053945932e-01
1.158999999999999986e+01 -1.500000000000000000e+01 -5.137995744345256188e-01
-1.158999999999999986e+01 -5.000000000000000000e+00 -1.106687101032367782e+00
-7.648650694105099568e+00 -5.000000000000000000e+00 0.000000000000000000e+00
3.859999999999999432e+00 -5.000000000000000000e+00 -2.677811835053945932e-01
1.158999999999999986e+01 -5.000000000000000000e+00 -4.604560239183417281e-01
-1.158999999999999986e+01 5.000000000000000000e+00 -2.393312898967632218e+00
-7.648650694105099568e+00 5.000000000000000000e+00 0.000000000000000000e+00
3.859999999999999432e+00 5.000000000000000000e+00 -4.822188164946054068e-01
1.158999999999999986e+01 5.000000000000000000e+00 -7.855623670107891865e-01
-1.158999999999999986e+01 1.500000000000000000e+01 -3.786625797935264437e+00
-7.648650694105099568e+00 1.500000000000000000e+01 0.000000000000000000e+00
3.859999999999999432e+00 1.500000000000000000e+01 -4.822188164946054068e-01
1.158999999999999986e+01 1.500000000000000000e+01 -2.351369946409991307e-01
