-1.158999999999999986e+01 -1.500000000000000000e+01 -4.079329245084167610e+00
-1.141210039613759442e+01 -1.500000000000000000e+01 0.000000000000000000e+00
3.859999999999999876e+00 -1.500000000000000000e+01 -2.266294025046760030e-01
1.158999999999999986e+01 -1.500000000000000000e+01 -4.560894339887776039e-01
-1.158999999999999986e+01 -5.000000000000000000e+00 -4.079329245084167610e+00
-1.141210039613759442e+01 -5.000000000000000000e+00 0.000000000000000000e+00
3.859999999999999876e+00 -5.000000000000000000e+00 -2.266294025046760030e-01
1.158999999999999986e+01 -5.000000000000000000e+00 -4.560894339887776039e-01
-1.158999999999999986e+01 5.000000000000000000e+00 -3.172811635065464042e+00
-1.141210039613759442e+01 5.000000000000000000e+00 0.000000000000000000e+00
3.859999999999999876e+00 5.000000000000000000e+00 -4.532588050093520060e-01
1.158999999999999986e+01 5.000000000000000000e+00 -9.135941824672679790e-01
-1.158999999999999986e+01 1.500000000000000000e+01 -2.266294025046760030e+00
-1.141210039613759442e+01 1.500000000000000000e+01 0.000000000000000000e+00
3.859999999999999876e+00 1.500000000000000000e+01 -4.532588050093520060e-01
1.158999999999999986e+01 1.500000000000000000e+01 -4.645813209270543420e-01
