-1.088638643085318591e+01 -1.500000000000000000e+01 -1.185545723412741170e-01
-1.037777949781047226e+01 -1.500000000000000000e+01 -7.409660771329631967e-02
3.859999999999999432e+00 -1.500000000000000000e+01 0.000000000000000000e+00
1.158999999999999986e+01 -1.500000000000000000e+01 -3.703613569146814832e+00
-1.158999999999999986e+01 -5.000000000000000000e+00 -1.185545723412741170e-01
-1.037777949781047226e+01 -5.000000000000000000e+00 -7.409660771329631967e-02
3.859999999999999432e+00 -5.000000000000000000e+00 0.000000000000000000e+00
1.158999999999999986e+01 -5.000000000000000000e+00 -3.703613569146814832e+00
-1.229361356914681558e+01 5.000000000000000000e+00 -2.222898231398889590e-01
-1.037777949781047226e+01 5.000000000000000000e+00 -1.481932154265926393e-01
3.859999999999999432e+00 5.000000000000000000e+00 0.000000000000000000e+00
1.158999999999999986e+01 5.000000000000000000e+00 -3.703613569146814832e+00
-1.229361356914681558e+01 1.500000000000000000e+01 -2.963864308531852926e-02
-1.037777949781047226e+01 1.500000000000000000e+01 -1.481932154265926393e-01
3.859999999999999432e+00 1.500000000000000000e+01 0.000000000000000000e+00
1.158999999999999986e+01 1.500000000000000000e+01 -3.703613569146814832e+00
