-1.226305621463560236e+01 -1.500000000000000000e+01 -3.269437853643977210e-01
-1.093611242927120486e+01 -1.500000000000000000e+01 0.000000000000000000e+00
3.859999999999999876e+00 -1.500000000000000000e+01 -8.173594634109943025e-02
1.158999999999999986e+01 -1.500000000000000000e+01 -2.823002372688168116e+00
-1.226305621463560236e+01 -5.000000000000000000e+00 -3.269437853643977210e-01
-1.093611242927120486e+01 -5.000000000000000000e+00 0.000000000000000000e+00
3.859999999999999876e+00 -5.000000000000000000e+00 -8.173594634109943025e-02
1.158999999999999986e+01 -5.000000000000000000e+00 -2.823002372688168116e+00
-1.226305621463560236e+01 5.000000000000000000e+00 -8.173594634109943025e-01
-1.093611242927120486e+01 5.000000000000000000e+00 0.000000000000000000e+00
3.859999999999999876e+00 5.000000000000000000e+00 -1.634718926821988605e-01
1.158999999999999986e+01 5.000000000000000000e+00 -2.937432697565707240e+00
-1.226305621463560236e+01 1.500000000000000000e+01 -1.307775141457590884e+00
-1.093611242927120486e+01 1.500000000000000000e+01 0.000000000000000000e+00
3.859999999999999876e+00 1.500000000000000000e+01 -1.634718926821988605e-01
1.158999999999999986e+01 1.500000000000000000e+01 -2.724919237078848866e+00
