-1.158999999999999986e+01 -1.500000000000000000e+01 -2.000000000000000000e+00
-8.097019814935999094e+00 -1.500000000000000000e+01 -1.428277069224877516e-01
3.859999999999999876e+00 -1.500000000000000000e+01 -1.785861465387561242e-01
1.158999999999999986e+01 -1.500000000000000000e+01 -1.428359489841911856e+00
-1.158999999999999986e+01 -5.000000000000000000e+00 -1.785758439616268234e+00
-8.097019814935999094e+00 -5.000000000000000000e+00 -1.428277069224877516e-01
3.859999999999999876e+00 -5.000000000000000000e+00 -1.785861465387561242e-01
1.158999999999999986e+01 -5.000000000000000000e+00 -9.998763690744485455e-01
-1.158999999999999986e+01 5.000000000000000000e+00 -2.142930732693780538e+00
-8.097019814935999094e+00 5.000000000000000000e+00 -7.141385346124387579e-02
3.859999999999999876e+00 5.000000000000000000e+00 -3.571722930775122484e-01
1.158999999999999986e+01 5.000000000000000000e+00 -8.214138534612438480e-01
-1.158999999999999986e+01 1.500000000000000000e+01 -3.428689172310049216e+00
-8.097019814935999094e+00 1.500000000000000000e+01 -7.141385346124387579e-02
3.859999999999999876e+00 1.500000000000000000e+01 -3.571722930775122484e-01
1.158999999999999986e+01 1.500000000000000000e+01 -3.570898724604779639e-01
