-1.113583594854485526e+01 -1.500000000000000000e+01 -1.091671897089708798e+00
-9.357530970451545471e+00 -1.500000000000000000e+01 0.000000000000000000e+00
3.859999999999999876e+00 -1.500000000000000000e+01 -1.364589871362135998e-01
1.158999999999999986e+01 -1.500000000000000000e+01 -2.034990585238523941e+00
-1.158999999999999986e+01 -5.000000000000000000e+00 -1.091671897089708798e+00
-9.357530970451545471e+00 -5.000000000000000000e+00 0.000000000000000000e+00
3.859999999999999876e+00 -5.000000000000000000e+00 -1.364589871362135998e-01
1.158999999999999986e+01 -5.000000000000000000e+00 -2.034990585238523941e+00
-1.204416405145514624e+01 5.000000000000000000e+00 -1.364589871362136053e+00
-9.357530970451545471e+00 5.000000000000000000e+00 0.000000000000000000e+00
3.859999999999999876e+00 5.000000000000000000e+00 -2.729179742724271995e-01
1.158999999999999986e+01 5.000000000000000000e+00 -2.226033167229223064e+00
-1.204416405145514624e+01 1.500000000000000000e+01 -2.183343794179417596e+00
-9.357530970451545471e+00 1.500000000000000000e+01 0.000000000000000000e+00
3.859999999999999876e+00 1.500000000000000000e+01 -2.729179742724271995e-01
1.158999999999999986e+01 1.500000000000000000e+01 -1.871239800675067899e+00
