-1.194080396782686648e+01 -1.500000000000000000e+01 -1.662894284176715587e+00
-1.029809989597546149e+01 -1.500000000000000000e+01 -1.622990080432836490e-01
3.859999999999999432e+00 -1.500000000000000000e+01 0.000000000000000000e+00
1.158999999999999986e+01 -1.500000000000000000e+01 -2.921382144779105516e+00
-1.194080396782686648e+01 -5.000000000000000000e+00 -1.662894284176715587e+00
-1.029809989597546149e+01 -5.000000000000000000e+00 -1.622990080432836490e-01
3.859999999999999432e+00 -5.000000000000000000e+00 0.000000000000000000e+00
1.158999999999999986e+01 -5.000000000000000000e+00 -2.921382144779105516e+00
-1.194080396782686648e+01 5.000000000000000000e+00 -1.890112895437312535e+00
-1.029809989597546149e+01 5.000000000000000000e+00 -3.245980160865672981e-01
3.859999999999999432e+00 5.000000000000000000e+00 0.000000000000000000e+00
1.158999999999999986e+01 5.000000000000000000e+00 -2.272186112605971253e+00
-1.194080396782686648e+01 1.500000000000000000e+01 -1.468135474524774997e+00
-1.029809989597546149e+01 1.500000000000000000e+01 -3.245980160865672981e-01
3.859999999999999432e+00 1.500000000000000000e+01 0.000000000000000000e+00
1.158999999999999986e+01 1.500000000000000000e+01 -1.622990080432836546e+00
