-1.158999999999999986e+01 -1.500000000000000000e+01 -9.362764998925348081e-01
-9.675314557719765673e+00 -1.500000000000000000e+01 0.000000000000000000e+00
3.859999999999999876e+00 -1.500000000000000000e+01 -1.170345624865668510e-01
1.158999999999999986e+01 -1.500000000000000000e+01 -2.314702300193437257e+00
-1.158999999999999986e+01 -5.000000000000000000e+00 -9.362764998925348081e-01
-9.675314557719765673e+00 -5.000000000000000000e+00 0.000000000000000000e+00
3.859999999999999876e+00 -5.000000000000000000e+00 -1.170345624865668510e-01
1.158999999999999986e+01 -5.000000000000000000e+00 -2.314702300193437257e+00
-1.158999999999999986e+01 5.000000000000000000e+00 -1.170345624865668510e+00
-9.675314557719765673e+00 5.000000000000000000e+00 0.000000000000000000e+00
3.859999999999999876e+00 5.000000000000000000e+00 -2.340691249731337020e-01
1.158999999999999986e+01 5.000000000000000000e+00 -2.478550687674630826e+00
-1.158999999999999986e+01 1.500000000000000000e+01 -1.872552999785069616e+00
-9.675314557719765673e+00 1.500000000000000000e+01 0.000000000000000000e+00
3.859999999999999876e+00 1.500000000000000000e+01 -2.340691249731337020e-01
1.158999999999999986e+01 1.500000000000000000e+01 -2.174260825209556991e+00
