-1.212223351902876445e+01 -1.500000000000000000e+01 -1.871065923884938642e-01
-9.676835092827650087e+00 -1.500000000000000000e+01 -1.169416202428086582e-01
3.859999999999999432e+00 -1.500000000000000000e+01 0.000000000000000000e+00
1.158999999999999986e+01 -1.500000000000000000e+01 -3.532233519028765478e+00
-1.212223351902876445e+01 -5.000000000000000000e+00 -1.871065923884938642e-01
-9.676835092827650087e+00 -5.000000000000000000e+00 -1.169416202428086582e-01
3.859999999999999432e+00 -5.000000000000000000e+00 0.000000000000000000e+00
1.158999999999999986e+01 -5.000000000000000000e+00 -3.532233519028765478e+00
-1.212223351902876445e+01 5.000000000000000000e+00 -3.508248607284260023e-01
-9.676835092827650087e+00 5.000000000000000000e+00 -2.338832404856173164e-01
3.859999999999999432e+00 5.000000000000000000e+00 0.000000000000000000e+00
1.158999999999999986e+01 5.000000000000000000e+00 -3.532233519028765478e+00
-1.212223351902876445e+01 1.500000000000000000e+01 -4.677664809712346605e-02
-9.676835092827650087e+00 1.500000000000000000e+01 -2.338832404856173164e-01
3.859999999999999432e+00 1.500000000000000000e+01 0.000000000000000000e+00
1.158999999999999986e+01 1.500000000000000000e+01 -3.532233519028765478e+00
