-1.158999999999999986e+01 -1.500000000000000000e+01 -2.906314017635406977e+00
-1.034745120336911484e+01 -1.500000000000000000e+01 -7.595041544198563588e-02
3.859999999999999876e+00 -1.500000000000000000e+01 0.000000000000000000e+00
1.158999999999999986e+01 -1.500000000000000000e+01 -9.114049853038276305e-01
-1.158999999999999986e+01 -5.000000000000000000e+00 -2.906314017635406977e+00
-1.034745120336911484e+01 -5.000000000000000000e+00 -7.595041544198563588e-02
3.859999999999999876e+00 -5.000000000000000000e+00 0.000000000000000000e+00
1.158999999999999986e+01 -5.000000000000000000e+00 -9.114049853038276305e-01
-1.158999999999999986e+01 5.000000000000000000e+00 -3.012644599254186595e+00
-1.034745120336911484e+01 5.000000000000000000e+00 -1.519008308839712718e-01
3.859999999999999876e+00 5.000000000000000000e+00 0.000000000000000000e+00
1.158999999999999986e+01 5.000000000000000000e+00 -9.114049853038276305e-01
-1.158999999999999986e+01 1.500000000000000000e+01 -2.815173519105024003e+00
-1.034745120336911484e+01 1.500000000000000000e+01 -1.519008308839712718e-01
3.859999999999999876e+00 1.500000000000000000e+01 0.000000000000000000e+00
1.158999999999999986e+01 1.500000000000000000e+01 -9.114049853038276305e-01
