-1.158999999999999986e+01 -1.500000000000000000e+01 -4.578217872921204745e-01
-7.701412559067552621e+00 -1.500000000000000000e+01 -2.259075886282831402e-01
3.859999999999999876e+00 -1.500000000000000000e+01 0.000000000000000000e+00
1.158999999999999986e+01 -1.500000000000000000e+01 -2.710891063539397905e+00
-1.158999999999999986e+01 -5.000000000000000000e+00 -4.578217872921204745e-01
-7.701412559067552621e+00 -5.000000000000000000e+00 -2.259075886282831402e-01
3.859999999999999876e+00 -5.000000000000000000e+00 0.000000000000000000e+00
1.158999999999999986e+01 -5.000000000000000000e+00 -2.710891063539397905e+00
-1.158999999999999986e+01 5.000000000000000000e+00 -9.186468796020180738e-01
-7.701412559067552621e+00 5.000000000000000000e+00 -4.518151772565662805e-01
3.859999999999999876e+00 5.000000000000000000e+00 0.000000000000000000e+00
1.158999999999999986e+01 5.000000000000000000e+00 -2.710891063539397905e+00
-1.158999999999999986e+01 1.500000000000000000e+01 -4.758416173987830011e-01
-7.701412559067552621e+00 1.500000000000000000e+01 -4.518151772565662805e-01
3.859999999999999876e+00 1.500000000000000000e+01 0.000000000000000000e+00
1.158999999999999986e+01 1.500000000000000000e+01 -2.710891063539397905e+00
