-1.158999999999999986e+01 -1.500000000000000000e+01 -2.952259318245246678e-01
-8.047444506216859139e+00 -1.500000000000000000e+01 -1.845162073903278965e-01
3.859999999999999432e+00 -1.500000000000000000e+01 0.000000000000000000e+00
1.158999999999999986e+01 -1.500000000000000000e+01 -3.261935170438688303e+00
-1.158999999999999986e+01 -5.000000000000000000e+00 -2.952259318245246678e-01
-8.047444506216859139e+00 -5.000000000000000000e+00 -1.845162073903278965e-01
3.859999999999999432e+00 -5.000000000000000000e+00 0.000000000000000000e+00
1.158999999999999986e+01 -5.000000000000000000e+00 -2.869032414780655849e+00
-1.158999999999999986e+01 5.000000000000000000e+00 -5.535486221709836618e-01
-8.047444506216859139e+00 5.000000000000000000e+00 -3.690324147806557931e-01
3.859999999999999432e+00 5.000000000000000000e+00 0.000000000000000000e+00
1.158999999999999986e+01 5.000000000000000000e+00 -2.476129659122622950e+00
-1.158999999999999986e+01 1.500000000000000000e+01 -7.380648295613116694e-02
-8.047444506216859139e+00 1.500000000000000000e+01 -3.690324147806557931e-01
3.859999999999999432e+00 1.500000000000000000e+01 0.000000000000000000e+00
1.158999999999999986e+01 1.500000000000000000e+01 -2.476129659122622950e+00
