-1.158999999999999986e+01 -1.500000000000000000e+01 -2.901238692063212721e+00
-1.068876130793678669e+01 -1.500000000000000000e+01 0.000000000000000000e+00
3.860000000000000320e+00 -1.500000000000000000e+01 -2.253096730158031802e-01
1.158999999999999986e+01 -1.500000000000000000e+01 -9.012386920632127207e-01
-1.158999999999999986e+01 -5.000000000000000000e+00 -2.225309673015803291e+00
-1.068876130793678669e+01 -5.000000000000000000e+00 0.000000000000000000e+00
3.860000000000000320e+00 -5.000000000000000000e+00 -2.253096730158031802e-01
1.158999999999999986e+01 -5.000000000000000000e+00 -5.632741825395080060e-01
-1.158999999999999986e+01 5.000000000000000000e+00 -2.098761307936787279e+00
-1.068876130793678669e+01 5.000000000000000000e+00 0.000000000000000000e+00
3.860000000000000320e+00 5.000000000000000000e+00 -1.126548365079015901e-01
1.158999999999999986e+01 5.000000000000000000e+00 -5.632741825395080060e-01
-1.158999999999999986e+01 1.500000000000000000e+01 -2.648141961905181141e+00
-1.068876130793678669e+01 1.500000000000000000e+01 0.000000000000000000e+00
3.860000000000000320e+00 1.500000000000000000e+01 -1.126548365079015901e-01
1.158999999999999986e+01 1.500000000000000000e+01 -9.012386920632127207e-01
