-1.158999999999999986e+01 -1.500000000000000000e+01 -2.419139947567206406e+00
-9.591676559790268897e+00 -1.500000000000000000e+01 -4.161720104865586634e-01
3.859999999999999876e+00 -1.500000000000000000e+01 -4.191399475672066832e-02
1.158999999999999986e+01 -1.500000000000000000e+01 -3.396438475503222421e+00
-1.158999999999999986e+01 -5.000000000000000000e+00 -1.794881931837368549e+00
-9.591676559790268897e+00 -5.000000000000000000e+00 -4.161720104865586634e-01
3.859999999999999876e+00 -5.000000000000000000e+00 -4.191399475672066832e-02
1.158999999999999986e+01 -5.000000000000000000e+00 -2.147922444043546264e+00
-1.158999999999999986e+01 5.000000000000000000e+00 -1.627225952810485987e+00
-9.591676559790268897e+00 5.000000000000000000e+00 -2.080860052432793317e-01
3.859999999999999876e+00 5.000000000000000000e+00 -8.382798951344133664e-02
1.158999999999999986e+01 5.000000000000000000e+00 -9.580860052432793594e-01
-1.158999999999999986e+01 1.500000000000000000e+01 -2.083827989513441281e+00
-9.591676559790268897e+00 1.500000000000000000e+01 -2.080860052432793317e-01
3.859999999999999876e+00 1.500000000000000000e+01 -8.382798951344133664e-02
1.158999999999999986e+01 1.500000000000000000e+01 -8.491096188758056051e-01
