-1.158999999999999986e+01 -1.500000000000000000e+01 -2.000000000000000000e+00
-9.588689438778555285e+00 -1.500000000000000000e+01 -4.996864686073098083e-01
3.859999999999999876e+00 -1.500000000000000000e+01 -1.567656963450958507e-04
1.158999999999999986e+01 -1.500000000000000000e+01 -3.997742573972630442e+00
-1.158999999999999986e+01 -5.000000000000000000e+00 -1.250470297089035343e+00
-9.588689438778555285e+00 -5.000000000000000000e+00 -4.996864686073098083e-01
3.859999999999999876e+00 -5.000000000000000000e+00 -1.567656963450958507e-04
1.158999999999999986e+01 -5.000000000000000000e+00 -2.498683168150701128e+00
-1.158999999999999986e+01 5.000000000000000000e+00 -1.250783828481725646e+00
-9.588689438778555285e+00 5.000000000000000000e+00 -2.498432343036549041e-01
3.859999999999999876e+00 5.000000000000000000e+00 -3.135313926901917014e-04
1.158999999999999986e+01 5.000000000000000000e+00 -9.998432343036549597e-01
-1.158999999999999986e+01 1.500000000000000000e+01 -2.001254125570760767e+00
-9.588689438778555285e+00 1.500000000000000000e+01 -2.498432343036549041e-01
3.859999999999999876e+00 1.500000000000000000e+01 -3.135313926901917014e-04
1.158999999999999986e+01 1.500000000000000000e+01 -9.994356434931576105e-01
