-1.158999999999999986e+01 -1.500000000000000000e+01 -2.812550198631688758e+00
-1.034622780104954209e+01 -1.500000000000000000e+01 0.000000000000000000e+00
3.859999999999999876e+00 -1.500000000000000000e+01 -1.562527888128716069e-01
1.158999999999999986e+01 -1.500000000000000000e+01 -1.749959841094648860e+00
-1.158999999999999986e+01 -5.000000000000000000e+00 -2.812550198631688758e+00
-1.034622780104954209e+01 -5.000000000000000000e+00 0.000000000000000000e+00
3.859999999999999876e+00 -5.000000000000000000e+00 -1.562527888128716069e-01
1.158999999999999986e+01 -5.000000000000000000e+00 -1.749959841094648860e+00
-1.158999999999999986e+01 5.000000000000000000e+00 -2.187539043380202664e+00
-1.034622780104954209e+01 5.000000000000000000e+00 0.000000000000000000e+00
3.859999999999999876e+00 5.000000000000000000e+00 -3.125055776257432139e-01
1.158999999999999986e+01 5.000000000000000000e+00 -1.968713745432669082e+00
-1.158999999999999986e+01 1.500000000000000000e+01 -1.562527888128716125e+00
-1.034622780104954209e+01 1.500000000000000000e+01 0.000000000000000000e+00
3.859999999999999876e+00 1.500000000000000000e+01 -3.125055776257432139e-01
1.158999999999999986e+01 1.500000000000000000e+01 -1.562456494519202987e+00
