-1.158999999999999986e+01 -1.500000000000000000e+01 -7.786474119964333918e-01
-8.467917446915883772e+00 -1.500000000000000000e+01 -1.908363418755572860e-01
3.859999999999999432e+00 -1.500000000000000000e+01 0.000000000000000000e+00
1.158999999999999986e+01 -1.500000000000000000e+01 -1.709963897493312679e+00
-1.158999999999999986e+01 -5.000000000000000000e+00 -7.786474119964333918e-01
-8.467917446915883772e+00 -5.000000000000000000e+00 -1.908363418755572860e-01
3.859999999999999432e+00 -5.000000000000000000e+00 0.000000000000000000e+00
1.158999999999999986e+01 -5.000000000000000000e+00 -1.709963897493312679e+00
-1.158999999999999986e+01 5.000000000000000000e+00 -1.045818290622213542e+00
-8.467917446915883772e+00 5.000000000000000000e+00 -3.816726837511145720e-01
3.859999999999999432e+00 5.000000000000000000e+00 0.000000000000000000e+00
1.158999999999999986e+01 5.000000000000000000e+00 -2.854981948746656339e+00
-1.158999999999999986e+01 1.500000000000000000e+01 -5.496438017457646596e-01
-8.467917446915883772e+00 1.500000000000000000e+01 -3.816726837511145720e-01
3.859999999999999432e+00 1.500000000000000000e+01 0.000000000000000000e+00
1.158999999999999986e+01 1.500000000000000000e+01 -4.000000000000000000e+00
