-1.158999999999999986e+01 -1.500000000000000000e+01 -4.000000000000000222e-01
-8.945440814656800299e+00 -1.500000000000000000e+01 -2.500000000000000000e-01
3.859999999999999876e+00 -1.500000000000000000e+01 0.000000000000000000e+00
1.158999999999999986e+01 -1.500000000000000000e+01 -1.616803048175310842e+00
-1.158999999999999986e+01 -5.000000000000000000e+00 -4.000000000000000222e-01
-8.945440814656800299e+00 -5.000000000000000000e+00 -2.500000000000000000e-01
3.859999999999999876e+00 -5.000000000000000000e+00 0.000000000000000000e+00
1.158999999999999986e+01 -5.000000000000000000e+00 -1.616803048175310842e+00
-1.158999999999999986e+01 5.000000000000000000e+00 -7.500000000000000000e-01
-8.945440814656800299e+00 5.000000000000000000e+00 -5.000000000000000000e-01
3.859999999999999876e+00 5.000000000000000000e+00 0.000000000000000000e+00
1.158999999999999986e+01 5.000000000000000000e+00 -2.654200762043827488e+00
-1.158999999999999986e+01 1.500000000000000000e+01 -1.000000000000000056e-01
-8.945440814656800299e+00 1.500000000000000000e+01 -5.000000000000000000e-01
3.859999999999999876e+00 1.500000000000000000e+01 0.000000000000000000e+00
1.158999999999999986e+01 1.500000000000000000e+01 -3.691598475912344579e+00
