-1.143604379878014221e+01 -1.500000000000000000e+01 -1.692087597560285817e+00
-8.129680862989214774e+00 -1.500000000000000000e+01 0.000000000000000000e+00
3.859999999999999876e+00 -1.500000000000000000e+01 -2.115109496950357271e-01
1.158999999999999986e+01 -1.500000000000000000e+01 -9.542423243914854858e-01
-1.158999999999999986e+01 -5.000000000000000000e+00 -1.692087597560285817e+00
-8.129680862989214774e+00 -5.000000000000000000e+00 0.000000000000000000e+00
3.859999999999999876e+00 -5.000000000000000000e+00 -2.115109496950357271e-01
1.158999999999999986e+01 -5.000000000000000000e+00 -9.542423243914854858e-01
-1.174395620121985573e+01 5.000000000000000000e+00 -2.115109496950357215e+00
-8.129680862989214774e+00 5.000000000000000000e+00 0.000000000000000000e+00
3.859999999999999876e+00 5.000000000000000000e+00 -4.230218993900714541e-01
1.158999999999999986e+01 5.000000000000000000e+00 -1.250357653964535576e+00
-1.174395620121985573e+01 1.500000000000000000e+01 -3.384175195120571633e+00
-8.129680862989214774e+00 1.500000000000000000e+01 0.000000000000000000e+00
3.859999999999999876e+00 1.500000000000000000e+01 -4.230218993900714541e-01
1.158999999999999986e+01 1.500000000000000000e+01 -7.004291847574426466e-01
