-1.158999999999999986e+01 -1.500000000000000000e+01 -1.581132349063760767e+00
-1.051926956729423779e+01 -1.500000000000000000e+01 -6.544807045878739404e-02
3.860000000000000320e+00 -1.500000000000000000e+01 0.000000000000000000e+00
1.158999999999999986e+01 -1.500000000000000000e+01 -5.235845636702991523e-01
-1.158999999999999986e+01 -5.000000000000000000e+00 -1.581132349063760767e+00
-1.051926956729423779e+01 -5.000000000000000000e+00 -6.544807045878739404e-02
3.860000000000000320e+00 -5.000000000000000000e+00 0.000000000000000000e+00
1.158999999999999986e+01 -5.000000000000000000e+00 -5.235845636702991523e-01
-1.158999999999999986e+01 5.000000000000000000e+00 -2.410967365870913426e+00
-1.051926956729423779e+01 5.000000000000000000e+00 -1.308961409175747881e-01
3.860000000000000320e+00 5.000000000000000000e+00 0.000000000000000000e+00
1.158999999999999986e+01 5.000000000000000000e+00 -6.544807045878739959e-01
-1.158999999999999986e+01 1.500000000000000000e+01 -2.979010100842916842e+00
-1.051926956729423779e+01 1.500000000000000000e+01 -1.308961409175747881e-01
3.860000000000000320e+00 1.500000000000000000e+01 0.000000000000000000e+00
1.158999999999999986e+01 1.500000000000000000e+01 -1.047169127340598305e+00
