-1.158999999999999986e+01 -1.500000000000000000e+01 -2.265423702940819961e+00
-9.594818267491831421e+00 -1.500000000000000000e+01 -1.204566872957763823e-01
3.859999999999999876e+00 -1.500000000000000000e+01 -2.590866254084472353e-01
1.158999999999999986e+01 -1.500000000000000000e+01 -3.204566872957763657e+00
-1.158999999999999986e+01 -5.000000000000000000e+00 -1.488163826715478422e+00
-9.594818267491831421e+00 -5.000000000000000000e+00 -1.204566872957763823e-01
3.859999999999999876e+00 -5.000000000000000000e+00 -2.590866254084472353e-01
1.158999999999999986e+01 -5.000000000000000000e+00 -2.815936934845093109e+00
-1.158999999999999986e+01 5.000000000000000000e+00 -8.795433127042235899e-01
-9.594818267491831421e+00 5.000000000000000000e+00 -2.409133745915527647e-01
3.859999999999999876e+00 5.000000000000000000e+00 -1.295433127042236177e-01
1.158999999999999986e+01 5.000000000000000000e+00 -2.334110185661987469e+00
-1.158999999999999986e+01 1.500000000000000000e+01 -5.663559257352049903e-01
-9.594818267491831421e+00 1.500000000000000000e+01 -2.409133745915527647e-01
3.859999999999999876e+00 1.500000000000000000e+01 -1.295433127042236177e-01
1.158999999999999986e+01 1.500000000000000000e+01 -2.240913374591552820e+00
