-1.226470225057728847e+01 -1.500000000000000000e+01 -1.301190997690842455e+00
-1.093940450115457885e+01 -1.500000000000000000e+01 0.000000000000000000e+00
3.860000000000000320e+00 -1.500000000000000000e+01 -1.626488747113553068e-01
1.158999999999999986e+01 -1.500000000000000000e+01 -3.349404501154578995e+00
-1.226470225057728847e+01 -5.000000000000000000e+00 -8.132443735567764787e-01
-1.093940450115457885e+01 -5.000000000000000000e+00 0.000000000000000000e+00
3.860000000000000320e+00 -5.000000000000000000e+00 -1.626488747113553068e-01
1.158999999999999986e+01 -5.000000000000000000e+00 -3.105431189087545896e+00
-1.226470225057728847e+01 5.000000000000000000e+00 -3.252977494227106137e-01
-1.093940450115457885e+01 5.000000000000000000e+00 0.000000000000000000e+00
3.860000000000000320e+00 5.000000000000000000e+00 -8.132443735567765342e-02
1.158999999999999986e+01 5.000000000000000000e+00 -3.105431189087545896e+00
-1.226470225057728847e+01 1.500000000000000000e+01 -3.252977494227106137e-01
-1.093940450115457885e+01 1.500000000000000000e+01 0.000000000000000000e+00
3.860000000000000320e+00 1.500000000000000000e+01 -8.132443735567765342e-02
1.158999999999999986e+01 1.500000000000000000e+01 -3.349404501154578995e+00
