-1.213408314298709456e+01 -1.500000000000000000e+01 -2.632249428961286331e+00
-9.725300054817219930e+00 -1.500000000000000000e+01 0.000000000000000000e+00
3.859999999999999876e+00 -1.500000000000000000e+01 -1.139792142532261299e-01
1.158999999999999986e+01 -1.500000000000000000e+01 -1.823667428051618244e-01
-1.213408314298709456e+01 -5.000000000000000000e+00 -2.632249428961286331e+00
-9.725300054817219930e+00 -5.000000000000000000e+00 0.000000000000000000e+00
3.859999999999999876e+00 -5.000000000000000000e+00 -1.139792142532261299e-01
1.158999999999999986e+01 -5.000000000000000000e+00 -1.823667428051618244e-01
-1.213408314298709456e+01 5.000000000000000000e+00 -3.316124714480642943e+00
-9.725300054817219930e+00 5.000000000000000000e+00 0.000000000000000000e+00
3.859999999999999876e+00 5.000000000000000000e+00 -2.279584285064522597e-01
1.158999999999999986e+01 5.000000000000000000e+00 -3.419376427596784174e-01
-1.213408314298709456e+01 1.500000000000000000e+01 -4.000000000000000000e+00
-9.725300054817219930e+00 1.500000000000000000e+01 0.000000000000000000e+00
3.859999999999999876e+00 1.500000000000000000e+01 -2.279584285064522597e-01
1.158999999999999986e+01 1.500000000000000000e+01 -4.559168570129045611e-02
