-1.158999999999999986e+01 -1.500000000000000000e+01 -1.480086107274407148e+00
-9.589999999999999858e+00 -1.500000000000000000e+01 0.000000000000000000e+00
3.859999999999999432e+00 -1.500000000000000000e+01 0.000000000000000000e+00
1.158999999999999986e+01 -1.500000000000000000e+01 -6.299784731813982130e-01
-1.158999999999999986e+01 -5.000000000000000000e+00 -9.250538170465044674e-01
-9.589999999999999858e+00 -5.000000000000000000e+00 0.000000000000000000e+00
3.859999999999999432e+00 -5.000000000000000000e+00 0.000000000000000000e+00
1.158999999999999986e+01 -5.000000000000000000e+00 -6.299784731813982130e-01
-1.158999999999999986e+01 5.000000000000000000e+00 -3.700215268186017870e-01
-9.589999999999999858e+00 5.000000000000000000e+00 0.000000000000000000e+00
3.859999999999999432e+00 5.000000000000000000e+00 0.000000000000000000e+00
1.158999999999999986e+01 5.000000000000000000e+00 -1.574946182953495644e+00
-1.158999999999999986e+01 1.500000000000000000e+01 -3.700215268186017870e-01
-9.589999999999999858e+00 1.500000000000000000e+01 0.000000000000000000e+00
3.859999999999999432e+00 1.500000000000000000e+01 0.000000000000000000e+00
1.158999999999999986e+01 1.500000000000000000e+01 -2.519913892725592852e+00
