-1.158999999999999986e+01 -1.500000000000000000e+01 -2.767716259837498249e+00
-7.985473016939629076e+00 -1.500000000000000000e+01 -1.161418700812509308e-01
3.859999999999999876e+00 -1.500000000000000000e+01 -1.919290649593745346e-01
1.158999999999999986e+01 -1.500000000000000000e+01 -1.236221464585006702e+00
-1.158999999999999986e+01 -5.000000000000000000e+00 -2.593503454715621714e+00
-7.985473016939629076e+00 -5.000000000000000000e+00 -1.161418700812509308e-01
3.859999999999999876e+00 -5.000000000000000000e+00 -1.919290649593745346e-01
1.158999999999999986e+01 -5.000000000000000000e+00 -8.877958543412538539e-01
-1.158999999999999986e+01 5.000000000000000000e+00 -2.593503454715621714e+00
-7.985473016939629076e+00 5.000000000000000000e+00 -5.807093504062546541e-02
3.859999999999999876e+00 5.000000000000000000e+00 -3.838581299187490692e-01
1.158999999999999986e+01 5.000000000000000000e+00 -8.080709350406254377e-01
-1.158999999999999986e+01 1.500000000000000000e+01 -2.767716259837498249e+00
-7.985473016939629076e+00 1.500000000000000000e+01 -5.807093504062546541e-02
3.859999999999999876e+00 1.500000000000000000e+01 -3.838581299187490692e-01
1.158999999999999986e+01 1.500000000000000000e+01 -3.090553661462516755e-01
