-1.110475352308782249e+01 -1.500000000000000000e+01 -2.059014092351293401e-01
-1.159514753523087904e+01 -1.500000000000000000e+01 -1.286883807719558237e-01
3.859999999999999876e+00 -1.500000000000000000e+01 0.000000000000000000e+00
1.158999999999999986e+01 -1.500000000000000000e+01 -4.257376761543911314e+00
-1.158999999999999986e+01 -5.000000000000000000e+00 -2.059014092351293401e-01
-1.159514753523087904e+01 -5.000000000000000000e+00 -1.286883807719558237e-01
3.859999999999999876e+00 -5.000000000000000000e+00 0.000000000000000000e+00
1.158999999999999986e+01 -5.000000000000000000e+00 -4.257376761543911314e+00
-1.207524647691217723e+01 5.000000000000000000e+00 -3.860651423158674711e-01
-1.159514753523087904e+01 5.000000000000000000e+00 -2.573767615439116474e-01
3.859999999999999876e+00 5.000000000000000000e+00 0.000000000000000000e+00
1.158999999999999986e+01 5.000000000000000000e+00 -3.742623238456088242e+00
-1.207524647691217723e+01 1.500000000000000000e+01 -5.147535230878233503e-02
-1.159514753523087904e+01 1.500000000000000000e+01 -2.573767615439116474e-01
3.859999999999999876e+00 1.500000000000000000e+01 0.000000000000000000e+00
1.158999999999999986e+01 1.500000000000000000e+01 -3.227869715368265169e+00
