-1.158999999999999986e+01 -1.500000000000000000e+01 -1.948966239911725351e+00
-9.654111161110893846e+00 -1.500000000000000000e+01 -4.920259749862070930e-01
3.859999999999999876e+00 -1.500000000000000000e+01 0.000000000000000000e+00
1.158999999999999986e+01 -1.500000000000000000e+01 -4.015948050027585481e+00
-1.158999999999999986e+01 -5.000000000000000000e+00 -1.222888314953104016e+00
-9.654111161110893846e+00 -5.000000000000000000e+00 -4.920259749862070930e-01
3.859999999999999876e+00 -5.000000000000000000e+00 0.000000000000000000e+00
1.158999999999999986e+01 -5.000000000000000000e+00 -2.563792200110343256e+00
-1.158999999999999986e+01 5.000000000000000000e+00 -1.234051949972414075e+00
-9.654111161110893846e+00 5.000000000000000000e+00 -2.579740250137929070e-01
3.859999999999999876e+00 5.000000000000000000e+00 0.000000000000000000e+00
1.158999999999999986e+01 5.000000000000000000e+00 -1.079740250137929181e+00
-1.158999999999999986e+01 1.500000000000000000e+01 -1.939397409895173841e+00
-9.654111161110893846e+00 1.500000000000000000e+01 -2.579740250137929070e-01
3.859999999999999876e+00 1.500000000000000000e+01 0.000000000000000000e+00
1.158999999999999986e+01 1.500000000000000000e+01 -1.047844150082757331e+00
