-1.232884062691121230e+01 -1.500000000000000000e+01 -3.059826256880363804e+00
-1.159261159373088645e+01 -1.500000000000000000e+01 -6.528984327219694572e-02
3.859999999999999432e+00 -1.500000000000000000e+01 0.000000000000000000e+00
1.158999999999999986e+01 -1.500000000000000000e+01 -1.175217178899544912e+00
-1.232884062691121230e+01 -5.000000000000000000e+00 -3.059826256880363804e+00
-1.159261159373088645e+01 -5.000000000000000000e+00 -6.528984327219694572e-02
3.859999999999999432e+00 -5.000000000000000000e+00 0.000000000000000000e+00
1.158999999999999986e+01 -5.000000000000000000e+00 -1.175217178899544912e+00
-1.232884062691121230e+01 5.000000000000000000e+00 -3.151232037461439539e+00
-1.159261159373088645e+01 5.000000000000000000e+00 -1.305796865443938914e-01
3.859999999999999432e+00 5.000000000000000000e+00 0.000000000000000000e+00
1.158999999999999986e+01 5.000000000000000000e+00 -9.140578058107572401e-01
-1.232884062691121230e+01 1.500000000000000000e+01 -2.981478444953727713e+00
-1.159261159373088645e+01 1.500000000000000000e+01 -1.305796865443938914e-01
3.859999999999999432e+00 1.500000000000000000e+01 0.000000000000000000e+00
1.158999999999999986e+01 1.500000000000000000e+01 -6.528984327219694572e-01
