-1.158999999999999986e+01 -1.500000000000000000e+01 -3.316226338964415099e+00
-1.019168286318222982e+01 -1.500000000000000000e+01 0.000000000000000000e+00
3.859999999999999876e+00 -1.500000000000000000e+01 -8.547170762944808486e-02
1.158999999999999986e+01 -1.500000000000000000e+01 -1.452981071171532301e+00
-1.158999999999999986e+01 -5.000000000000000000e+00 -3.316226338964415099e+00
-1.019168286318222982e+01 -5.000000000000000000e+00 0.000000000000000000e+00
3.859999999999999876e+00 -5.000000000000000000e+00 -8.547170762944808486e-02
1.158999999999999986e+01 -5.000000000000000000e+00 -1.452981071171532301e+00
-1.158999999999999986e+01 5.000000000000000000e+00 -3.487169754223311546e+00
-1.019168286318222982e+01 5.000000000000000000e+00 0.000000000000000000e+00
3.859999999999999876e+00 5.000000000000000000e+00 -1.709434152588961697e-01
1.158999999999999986e+01 5.000000000000000000e+00 -1.572641461852759548e+00
-1.158999999999999986e+01 1.500000000000000000e+01 -4.000000000000000000e+00
-1.019168286318222982e+01 1.500000000000000000e+01 0.000000000000000000e+00
3.859999999999999876e+00 1.500000000000000000e+01 -1.709434152588961697e-01
1.158999999999999986e+01 1.500000000000000000e+01 -1.350415022016194566e+00
