-1.246338350032220887e+01 -1.500000000000000000e+01 -5.697742485500644216e-01
-1.133803316564119257e+01 -1.500000000000000000e+01 0.000000000000000000e+00
3.859999999999999876e+00 -1.500000000000000000e+01 -3.165412491944802342e-02
1.158999999999999986e+01 -1.500000000000000000e+01 -3.544180601159948374e+00
-1.246338350032220887e+01 -5.000000000000000000e+00 -5.697742485500644216e-01
-1.133803316564119257e+01 -5.000000000000000000e+00 0.000000000000000000e+00
3.859999999999999876e+00 -5.000000000000000000e+00 -3.165412491944802342e-02
1.158999999999999986e+01 -5.000000000000000000e+00 -3.544180601159948374e+00
-1.246338350032220887e+01 5.000000000000000000e+00 -4.431577488722723279e-01
-1.133803316564119257e+01 5.000000000000000000e+00 0.000000000000000000e+00
3.859999999999999876e+00 5.000000000000000000e+00 -6.330824983889604685e-02
1.158999999999999986e+01 5.000000000000000000e+00 -3.588496376047175751e+00
-1.246338350032220887e+01 1.500000000000000000e+01 -3.165412491944802342e-01
-1.133803316564119257e+01 1.500000000000000000e+01 0.000000000000000000e+00
3.859999999999999876e+00 1.500000000000000000e+01 -6.330824983889604685e-02
1.158999999999999986e+01 1.500000000000000000e+01 -3.506195651256610812e+00
