-1.158999999999999986e+01 -1.500000000000000000e+01 -3.740173508809110370e-01
-1.146943718817657754e+01 -1.500000000000000000e+01 -2.337608443005693981e-01
3.859999999999999876e+00 -1.500000000000000000e+01 0.000000000000000000e+00
1.158999999999999986e+01 -1.500000000000000000e+01 -4.272651820207971518e+00
-1.158999999999999986e+01 -5.000000000000000000e+00 -3.740173508809110370e-01
-1.146943718817657754e+01 -5.000000000000000000e+00 -2.337608443005693981e-01
3.859999999999999876e+00 -5.000000000000000000e+00 0.000000000000000000e+00
1.158999999999999986e+01 -5.000000000000000000e+00 -4.272651820207971518e+00
-1.158999999999999986e+01 5.000000000000000000e+00 -7.012825329017081666e-01
-1.146943718817657754e+01 5.000000000000000000e+00 -4.675216886011387962e-01
3.859999999999999876e+00 5.000000000000000000e+00 0.000000000000000000e+00
1.158999999999999986e+01 5.000000000000000000e+00 -3.435043377202277703e+00
-1.158999999999999986e+01 1.500000000000000000e+01 -9.350433772022775925e-02
-1.146943718817657754e+01 1.500000000000000000e+01 -4.675216886011387962e-01
3.859999999999999876e+00 1.500000000000000000e+01 0.000000000000000000e+00
1.158999999999999986e+01 1.500000000000000000e+01 -2.597434934196583445e+00
