-1.158999999999999986e+01 -1.500000000000000000e+01 -2.607484597247808011e+00
-1.098251540275219185e+01 -1.500000000000000000e+01 0.000000000000000000e+00
3.859999999999999876e+00 -1.500000000000000000e+01 -1.518711493119520028e-01
1.158999999999999986e+01 -1.500000000000000000e+01 -6.074845972478080114e-01
-1.158999999999999986e+01 -5.000000000000000000e+00 -2.151871149311952003e+00
-1.098251540275219185e+01 -5.000000000000000000e+00 0.000000000000000000e+00
3.859999999999999876e+00 -5.000000000000000000e+00 -1.518711493119520028e-01
1.158999999999999986e+01 -5.000000000000000000e+00 -3.796778732798800071e-01
-1.158999999999999986e+01 5.000000000000000000e+00 -2.392515402752191989e+00
-1.098251540275219185e+01 5.000000000000000000e+00 0.000000000000000000e+00
3.859999999999999876e+00 5.000000000000000000e+00 -7.593557465597600142e-02
1.158999999999999986e+01 5.000000000000000000e+00 -3.796778732798800071e-01
-1.158999999999999986e+01 1.500000000000000000e+01 -3.088773104128287983e+00
-1.098251540275219185e+01 1.500000000000000000e+01 0.000000000000000000e+00
3.859999999999999876e+00 1.500000000000000000e+01 -7.593557465597600142e-02
1.158999999999999986e+01 1.500000000000000000e+01 -6.074845972478080114e-01
