-1.158999999999999986e+01 -1.500000000000000000e+01 -7.094831543493782533e-01
-1.017103369130124335e+01 -1.500000000000000000e+01 0.000000000000000000e+00
3.860000000000000320e+00 -1.500000000000000000e+01 0.000000000000000000e+00
1.158999999999999986e+01 -1.500000000000000000e+01 -1.162067382602486987e+00
-1.158999999999999986e+01 -5.000000000000000000e+00 -7.094831543493782533e-01
-1.017103369130124335e+01 -5.000000000000000000e+00 0.000000000000000000e+00
3.860000000000000320e+00 -5.000000000000000000e+00 0.000000000000000000e+00
1.158999999999999986e+01 -5.000000000000000000e+00 -1.162067382602486987e+00
-1.158999999999999986e+01 5.000000000000000000e+00 -1.773707885873445633e+00
-1.017103369130124335e+01 5.000000000000000000e+00 0.000000000000000000e+00
3.860000000000000320e+00 5.000000000000000000e+00 0.000000000000000000e+00
1.158999999999999986e+01 5.000000000000000000e+00 -1.162067382602486987e+00
-1.158999999999999986e+01 1.500000000000000000e+01 -2.837932617397513013e+00
-1.017103369130124335e+01 1.500000000000000000e+01 0.000000000000000000e+00
3.860000000000000320e+00 1.500000000000000000e+01 0.000000000000000000e+00
1.158999999999999986e+01 1.500000000000000000e+01 -1.162067382602486987e+00
