-1.158999999999999986e+01 -1.500000000000000000e+01 -2.377562486645064532e-01
-9.595943906216612973e+00 -1.500000000000000000e+01 -1.485976554153165263e-01
3.859999999999999876e+00 -1.500000000000000000e+01 0.000000000000000000e+00
1.158999999999999986e+01 -1.500000000000000000e+01 -4.297195310830632664e+00
-1.158999999999999986e+01 -5.000000000000000000e+00 -2.377562486645064532e-01
-9.595943906216612973e+00 -5.000000000000000000e+00 -1.485976554153165263e-01
3.859999999999999876e+00 -5.000000000000000000e+00 0.000000000000000000e+00
1.158999999999999986e+01 -5.000000000000000000e+00 -3.688781243322532433e+00
-1.158999999999999986e+01 5.000000000000000000e+00 -4.457929662459495512e-01
-9.595943906216612973e+00 5.000000000000000000e+00 -2.971953108306330527e-01
3.859999999999999876e+00 5.000000000000000000e+00 0.000000000000000000e+00
1.158999999999999986e+01 5.000000000000000000e+00 -2.485976554153165097e+00
-1.158999999999999986e+01 1.500000000000000000e+01 -5.943906216612661331e-02
-9.595943906216612973e+00 1.500000000000000000e+01 -2.971953108306330527e-01
3.859999999999999876e+00 1.500000000000000000e+01 0.000000000000000000e+00
1.158999999999999986e+01 1.500000000000000000e+01 -1.891585932491899325e+00
