-1.158999999999999986e+01 -1.500000000000000000e+01 -5.009558028634550908e-01
-1.158999999999999986e+01 -1.500000000000000000e+01 0.000000000000000000e+00
3.860000000000000320e+00 -1.500000000000000000e+01 0.000000000000000000e+00
1.158999999999999986e+01 -1.500000000000000000e+01 -3.499044197136544909e+00
-1.158999999999999986e+01 -5.000000000000000000e+00 -5.009558028634550908e-01
-1.158999999999999986e+01 -5.000000000000000000e+00 0.000000000000000000e+00
3.860000000000000320e+00 -5.000000000000000000e+00 0.000000000000000000e+00
1.158999999999999986e+01 -5.000000000000000000e+00 -3.499044197136544909e+00
-1.158999999999999986e+01 5.000000000000000000e+00 -5.009558028634550908e-01
-1.158999999999999986e+01 5.000000000000000000e+00 0.000000000000000000e+00
3.860000000000000320e+00 5.000000000000000000e+00 0.000000000000000000e+00
1.158999999999999986e+01 5.000000000000000000e+00 -3.499044197136544909e+00
-1.158999999999999986e+01 1.500000000000000000e+01 -5.009558028634550908e-01
-1.158999999999999986e+01 1.500000000000000000e+01 0.000000000000000000e+00
3.860000000000000320e+00 1.500000000000000000e+01 0.000000000000000000e+00
1.158999999999999986e+01 1.500000000000000000e+01 -3.499044197136544909e+00
