-1.158999999999999986e+01 -1.500000000000000000e+01 0.000000000000000000e+00
-1.051246395566408154e+01 -1.500000000000000000e+01 0.000000000000000000e+00
3.859999999999999876e+00 -1.500000000000000000e+01 0.000000000000000000e+00
1.158999999999999986e+01 -1.500000000000000000e+01 -2.383695933496124297e+00
-1.158999999999999986e+01 -5.000000000000000000e+00 0.000000000000000000e+00
-1.051246395566408154e+01 -5.000000000000000000e+00 0.000000000000000000e+00
3.859999999999999876e+00 -5.000000000000000000e+00 0.000000000000000000e+00
1.158999999999999986e+01 -5.000000000000000000e+00 -2.383695933496124297e+00
-1.158999999999999986e+01 5.000000000000000000e+00 0.000000000000000000e+00
-1.051246395566408154e+01 5.000000000000000000e+00 0.000000000000000000e+00
3.859999999999999876e+00 5.000000000000000000e+00 0.000000000000000000e+00
1.158999999999999986e+01 5.000000000000000000e+00 -3.191847966748062149e+00
-1.158999999999999986e+01 1.500000000000000000e+01 0.000000000000000000e+00
-1.051246395566408154e+01 1.500000000000000000e+01 0.000000000000000000e+00
3.859999999999999876e+00 1.500000000000000000e+01 0.000000000000000000e+00
1.158999999999999986e+01 1.500000000000000000e+01 -4.000000000000000000e+00
