-1.158999999999999986e+01 -1.500000000000000000e+01 -2.702004842729041290e+00
-1.071854383753301754e+01 -1.500000000000000000e+01 -1.096338510531072452e-01
3.860000000000000320e+00 -1.500000000000000000e+01 -1.403661489468927548e-01
1.158999999999999986e+01 -1.500000000000000000e+01 -6.631212425274574107e-01
-1.158999999999999986e+01 -5.000000000000000000e+00 -2.702004842729041290e+00
-1.071854383753301754e+01 -5.000000000000000000e+00 -1.096338510531072452e-01
3.860000000000000320e+00 -5.000000000000000000e+00 -1.403661489468927548e-01
1.158999999999999986e+01 -5.000000000000000000e+00 -6.631212425274574107e-01
-1.158999999999999986e+01 5.000000000000000000e+00 -2.294027638415820025e+00
-1.071854383753301754e+01 5.000000000000000000e+00 -2.192677021062144904e-01
3.860000000000000320e+00 5.000000000000000000e+00 -2.807322978937855096e-01
1.158999999999999986e+01 5.000000000000000000e+00 -1.517436957371750550e+00
-1.158999999999999986e+01 1.500000000000000000e+01 -1.447515029890170446e+00
-1.071854383753301754e+01 1.500000000000000000e+01 -2.192677021062144904e-01
3.860000000000000320e+00 1.500000000000000000e+01 -2.807322978937855096e-01
1.158999999999999986e+01 1.500000000000000000e+01 -1.810288076428473003e+00
