-1.080779189003462903e+01 -1.500000000000000000e+01 -8.711675601385185375e-02
-1.069923116975836486e+01 -1.500000000000000000e+01 -5.444797250865740512e-02
3.859999999999999876e+00 -1.500000000000000000e+01 0.000000000000000000e+00
1.158999999999999986e+01 -1.500000000000000000e+01 -3.564416219930740759e+00
-1.158999999999999986e+01 -5.000000000000000000e+00 -8.711675601385185375e-02
-1.069923116975836486e+01 -5.000000000000000000e+00 -5.444797250865740512e-02
3.859999999999999876e+00 -5.000000000000000000e+00 0.000000000000000000e+00
1.158999999999999986e+01 -5.000000000000000000e+00 -3.564416219930740759e+00
-1.237220810996537068e+01 5.000000000000000000e+00 -1.633439175259722154e-01
-1.069923116975836486e+01 5.000000000000000000e+00 -1.088959450173148102e-01
3.859999999999999876e+00 5.000000000000000000e+00 0.000000000000000000e+00
1.158999999999999986e+01 5.000000000000000000e+00 -3.673312164948055347e+00
-1.237220810996537068e+01 1.500000000000000000e+01 -2.177918900346296344e-02
-1.069923116975836486e+01 1.500000000000000000e+01 -1.088959450173148102e-01
3.859999999999999876e+00 1.500000000000000000e+01 0.000000000000000000e+00
1.158999999999999986e+01 1.500000000000000000e+01 -4.000000000000000000e+00
