-1.143789233348565837e+01 -1.500000000000000000e+01 -8.478923334856570682e-01
-8.122120356043662781e+00 -1.500000000000000000e+01 0.000000000000000000e+00
3.859999999999999432e+00 -1.500000000000000000e+01 -2.119730833714142670e-01
1.158999999999999986e+01 -1.500000000000000000e+01 -9.475875994516345102e-01
-1.158999999999999986e+01 -5.000000000000000000e+00 -8.478923334856570682e-01
-8.122120356043662781e+00 -5.000000000000000000e+00 0.000000000000000000e+00
3.859999999999999432e+00 -5.000000000000000000e+00 -2.119730833714142670e-01
1.158999999999999986e+01 -5.000000000000000000e+00 -9.475875994516345102e-01
-1.174210766651434312e+01 5.000000000000000000e+00 -2.119730833714142726e+00
-8.122120356043662781e+00 5.000000000000000000e+00 0.000000000000000000e+00
3.859999999999999432e+00 5.000000000000000000e+00 -4.239461667428285341e-01
1.158999999999999986e+01 5.000000000000000000e+00 -1.244349916171614501e+00
-1.174210766651434312e+01 1.500000000000000000e+01 -3.391569333942628273e+00
-8.122120356043662781e+00 1.500000000000000000e+01 0.000000000000000000e+00
3.859999999999999432e+00 1.500000000000000000e+01 -4.239461667428285341e-01
1.158999999999999986e+01 1.500000000000000000e+01 -6.932198994059374231e-01
