-1.158999999999999986e+01 -1.500000000000000000e+01 -3.400297776240060799e+00
-9.889851111879970347e+00 -1.500000000000000000e+01 0.000000000000000000e+00
3.859999999999999876e+00 -1.500000000000000000e+01 0.000000000000000000e+00
1.158999999999999986e+01 -1.500000000000000000e+01 -5.997022237599392014e-01
-1.158999999999999986e+01 -5.000000000000000000e+00 -2.125186110150037777e+00
-9.889851111879970347e+00 -5.000000000000000000e+00 0.000000000000000000e+00
3.859999999999999876e+00 -5.000000000000000000e+00 0.000000000000000000e+00
1.158999999999999986e+01 -5.000000000000000000e+00 -5.997022237599392014e-01
-1.158999999999999986e+01 5.000000000000000000e+00 -8.500744440600151997e-01
-9.889851111879970347e+00 5.000000000000000000e+00 0.000000000000000000e+00
3.859999999999999876e+00 5.000000000000000000e+00 0.000000000000000000e+00
1.158999999999999986e+01 5.000000000000000000e+00 -5.997022237599392014e-01
-1.158999999999999986e+01 1.500000000000000000e+01 -8.500744440600151997e-01
-9.889851111879970347e+00 1.500000000000000000e+01 0.000000000000000000e+00
3.859999999999999876e+00 1.500000000000000000e+01 0.000000000000000000e+00
1.158999999999999986e+01 1.500000000000000000e+01 -5.997022237599392014e-01
