-1.158999999999999986e+01 -1.500000000000000000e+01 -2.919667713852804880e+00
-1.019318552643218467e+01 -1.500000000000000000e+01 -7.502307542688854691e-02
3.859999999999999876e+00 -1.500000000000000000e+01 0.000000000000000000e+00
1.158999999999999986e+01 -1.500000000000000000e+01 -1.350415357683993900e+00
-1.158999999999999986e+01 -5.000000000000000000e+00 -1.869806166414136106e+00
-1.019318552643218467e+01 -5.000000000000000000e+00 -7.502307542688854691e-02
3.859999999999999876e+00 -5.000000000000000000e+00 0.000000000000000000e+00
1.158999999999999986e+01 -5.000000000000000000e+00 -1.350415357683993900e+00
-1.158999999999999986e+01 5.000000000000000000e+00 -9.249769245731114253e-01
-1.019318552643218467e+01 5.000000000000000000e+00 -1.500461508537770938e-01
3.859999999999999876e+00 5.000000000000000000e+00 0.000000000000000000e+00
1.158999999999999986e+01 5.000000000000000000e+00 -1.050323055976439601e+00
-1.158999999999999986e+01 1.500000000000000000e+01 -7.299169284632012200e-01
-1.019318552643218467e+01 1.500000000000000000e+01 -1.500461508537770938e-01
3.859999999999999876e+00 1.500000000000000000e+01 0.000000000000000000e+00
1.158999999999999986e+01 1.500000000000000000e+01 -7.502307542688855246e-01
