-1.158999999999999986e+01 -1.500000000000000000e+01 -1.683921958163599797e+00
-1.043196097908180064e+01 -1.500000000000000000e+01 0.000000000000000000e+00
3.859999999999999432e+00 -1.500000000000000000e+01 0.000000000000000000e+00
1.158999999999999986e+01 -1.500000000000000000e+01 -5.790195104591000508e-01
-1.158999999999999986e+01 -5.000000000000000000e+00 -1.683921958163599797e+00
-1.043196097908180064e+01 -5.000000000000000000e+00 0.000000000000000000e+00
3.859999999999999432e+00 -5.000000000000000000e+00 0.000000000000000000e+00
1.158999999999999986e+01 -5.000000000000000000e+00 -5.790195104591000508e-01
-1.158999999999999986e+01 5.000000000000000000e+00 -1.683921958163599797e+00
-1.043196097908180064e+01 5.000000000000000000e+00 0.000000000000000000e+00
3.859999999999999432e+00 5.000000000000000000e+00 0.000000000000000000e+00
1.158999999999999986e+01 5.000000000000000000e+00 -1.447548776147750127e+00
-1.158999999999999986e+01 1.500000000000000000e+01 -1.683921958163599797e+00
-1.043196097908180064e+01 1.500000000000000000e+01 0.000000000000000000e+00
3.859999999999999432e+00 1.500000000000000000e+01 0.000000000000000000e+00
1.158999999999999986e+01 1.500000000000000000e+01 -2.316078041836400203e+00
