-1.158999999999999986e+01 -1.500000000000000000e+01 -2.605468901404678572e+00
-1.043780375248993053e+01 -1.500000000000000000e+01 0.000000000000000000e+00
3.859999999999999876e+00 -1.500000000000000000e+01 -1.447482723002599114e-01
1.158999999999999986e+01 -1.500000000000000000e+01 -1.915624878876257320e+00
-1.158999999999999986e+01 -5.000000000000000000e+00 -2.605468901404678572e+00
-1.043780375248993053e+01 -5.000000000000000000e+00 0.000000000000000000e+00
3.859999999999999876e+00 -5.000000000000000000e+00 -1.447482723002599114e-01
1.158999999999999986e+01 -5.000000000000000000e+00 -1.915624878876257320e+00
-1.158999999999999986e+01 5.000000000000000000e+00 -2.026475812203638593e+00
-1.043780375248993053e+01 5.000000000000000000e+00 0.000000000000000000e+00
3.859999999999999876e+00 5.000000000000000000e+00 -2.894965446005198229e-01
1.158999999999999986e+01 5.000000000000000000e+00 -2.118272460096621401e+00
-1.158999999999999986e+01 1.500000000000000000e+01 -1.447482723002599059e+00
-1.043780375248993053e+01 1.500000000000000000e+01 0.000000000000000000e+00
3.859999999999999876e+00 1.500000000000000000e+01 -2.894965446005198229e-01
1.158999999999999986e+01 1.500000000000000000e+01 -1.741926952115945282e+00
