-1.158999999999999986e+01 -1.500000000000000000e+01 -1.362256232404086553e+00
-8.981627990532713213e+00 -1.500000000000000000e+01 0.000000000000000000e+00
3.859999999999999876e+00 -1.500000000000000000e+01 -1.594359418989783617e-01
1.158999999999999986e+01 -1.500000000000000000e+01 -1.704122436654711636e+00
-1.158999999999999986e+01 -5.000000000000000000e+00 -1.362256232404086553e+00
-8.981627990532713213e+00 -5.000000000000000000e+00 0.000000000000000000e+00
3.859999999999999876e+00 -5.000000000000000000e+00 -1.594359418989783617e-01
1.158999999999999986e+01 -5.000000000000000000e+00 -1.704122436654711636e+00
-1.158999999999999986e+01 5.000000000000000000e+00 -2.318871883797956723e+00
-8.981627990532713213e+00 5.000000000000000000e+00 0.000000000000000000e+00
3.859999999999999876e+00 5.000000000000000000e+00 -3.188718837979567233e-01
1.158999999999999986e+01 5.000000000000000000e+00 -1.927332755313281298e+00
-1.158999999999999986e+01 1.500000000000000000e+01 -3.275487535191826893e+00
-8.981627990532713213e+00 1.500000000000000000e+01 0.000000000000000000e+00
3.859999999999999876e+00 1.500000000000000000e+01 -3.188718837979567233e-01
1.158999999999999986e+01 1.500000000000000000e+01 -1.512799306375937514e+00
