-1.158999999999999986e+01 -1.500000000000000000e+01 -1.830129903398310720e+00
-9.344795152333432497e+00 -1.500000000000000000e+01 -1.124875092886239714e-01
3.859999999999999876e+00 -1.500000000000000000e+01 -1.375124907113760286e-01
1.158999999999999986e+01 -1.500000000000000000e+01 -2.244795152333432853e+00
-1.158999999999999986e+01 -5.000000000000000000e+00 -1.830129903398310720e+00
-9.344795152333432497e+00 -5.000000000000000000e+00 -1.124875092886239714e-01
3.859999999999999876e+00 -5.000000000000000000e+00 -1.375124907113760286e-01
1.158999999999999986e+01 -5.000000000000000000e+00 -2.244795152333432853e+00
-1.158999999999999986e+01 5.000000000000000000e+00 -1.987612416402384063e+00
-9.344795152333432497e+00 5.000000000000000000e+00 -2.249750185772479427e-01
3.859999999999999876e+00 5.000000000000000000e+00 -2.750249814227520573e-01
1.158999999999999986e+01 5.000000000000000000e+00 -1.987362602174863824e+00
-1.158999999999999986e+01 1.500000000000000000e+01 -1.695144892251961855e+00
-9.344795152333432497e+00 1.500000000000000000e+01 -2.249750185772479427e-01
3.859999999999999876e+00 1.500000000000000000e+01 -2.750249814227520573e-01
1.158999999999999986e+01 1.500000000000000000e+01 -1.179880089170790125e+00
