-1.215819208736851387e+01 -1.500000000000000000e+01 -1.727231650525945739e+00
-1.072638417473702788e+01 -1.500000000000000000e+01 0.000000000000000000e+00
3.860000000000000320e+00 -1.500000000000000000e+01 0.000000000000000000e+00
1.158999999999999986e+01 -1.500000000000000000e+01 -2.272768349474054261e+00
-1.215819208736851387e+01 -5.000000000000000000e+00 -1.079519781578716087e+00
-1.072638417473702788e+01 -5.000000000000000000e+00 0.000000000000000000e+00
3.860000000000000320e+00 -5.000000000000000000e+00 0.000000000000000000e+00
1.158999999999999986e+01 -5.000000000000000000e+00 -2.272768349474054261e+00
-1.215819208736851387e+01 5.000000000000000000e+00 -4.318079126314864347e-01
-1.072638417473702788e+01 5.000000000000000000e+00 0.000000000000000000e+00
3.860000000000000320e+00 5.000000000000000000e+00 0.000000000000000000e+00
1.158999999999999986e+01 5.000000000000000000e+00 -2.272768349474054261e+00
-1.215819208736851387e+01 1.500000000000000000e+01 -4.318079126314864347e-01
-1.072638417473702788e+01 1.500000000000000000e+01 0.000000000000000000e+00
3.860000000000000320e+00 1.500000000000000000e+01 0.000000000000000000e+00
1.158999999999999986e+01 1.500000000000000000e+01 -2.272768349474054261e+00
