-1.158999999999999986e+01 -1.500000000000000000e+01 -3.958251286753628140e+00
-9.589999999999999858e+00 -1.500000000000000000e+01 -1.043717831159296505e-02
3.859999999999999876e+00 -1.500000000000000000e+01 0.000000000000000000e+00
1.158999999999999986e+01 -1.500000000000000000e+01 -8.349742649274372042e-02
-1.158999999999999986e+01 -5.000000000000000000e+00 -2.473907054221017532e+00
-9.589999999999999858e+00 -5.000000000000000000e+00 -1.043717831159296505e-02
3.859999999999999876e+00 -5.000000000000000000e+00 0.000000000000000000e+00
1.158999999999999986e+01 -5.000000000000000000e+00 -5.218589155796482526e-02
-1.158999999999999986e+01 5.000000000000000000e+00 -1.005218589155796538e+00
-9.589999999999999858e+00 5.000000000000000000e+00 -5.218589155796482526e-03
3.859999999999999876e+00 5.000000000000000000e+00 0.000000000000000000e+00
1.158999999999999986e+01 5.000000000000000000e+00 -2.087435662318593010e-02
-1.158999999999999986e+01 1.500000000000000000e+01 -1.020874356623185930e+00
-9.589999999999999858e+00 1.500000000000000000e+01 -5.218589155796482526e-03
3.859999999999999876e+00 1.500000000000000000e+01 0.000000000000000000e+00
1.158999999999999986e+01 1.500000000000000000e+01 -2.087435662318593010e-02
