-1.145049028083614218e+01 -1.500000000000000000e+01 -8.604902808361415412e-01
-8.070594751380181009e+00 -1.500000000000000000e+01 0.000000000000000000e+00
3.859999999999999876e+00 -1.500000000000000000e+01 -2.151225702090353853e-01
1.158999999999999986e+01 -1.500000000000000000e+01 -9.022349889898904074e-01
-1.158999999999999986e+01 -5.000000000000000000e+00 -8.604902808361415412e-01
-8.070594751380181009e+00 -5.000000000000000000e+00 0.000000000000000000e+00
3.859999999999999876e+00 -5.000000000000000000e+00 -2.151225702090353853e-01
1.158999999999999986e+01 -5.000000000000000000e+00 -9.022349889898904074e-01
-1.172950971916385932e+01 5.000000000000000000e+00 -2.151225702090354019e+00
-8.070594751380181009e+00 5.000000000000000000e+00 0.000000000000000000e+00
3.859999999999999876e+00 5.000000000000000000e+00 -4.302451404180707706e-01
1.158999999999999986e+01 5.000000000000000000e+00 -1.203406587282540130e+00
-1.172950971916385932e+01 1.500000000000000000e+01 -3.441961123344566165e+00
-8.070594751380181009e+00 1.500000000000000000e+01 0.000000000000000000e+00
3.859999999999999876e+00 1.500000000000000000e+01 -4.302451404180707706e-01
1.158999999999999986e+01 1.500000000000000000e+01 -6.440879047390479784e-01
