-1.158999999999999986e+01 -1.500000000000000000e+01 -5.274149897398577869e-01
-7.500000000000000000e+00 -1.500000000000000000e+01 -2.377485586788598282e-01
3.859999999999999876e+00 -1.500000000000000000e+01 -1.225144132114017181e-02
1.158999999999999986e+01 -1.500000000000000000e+01 -9.705965408292636099e-01
-1.158999999999999986e+01 -5.000000000000000000e+00 -5.274149897398577869e-01
-7.500000000000000000e+00 -5.000000000000000000e+00 -2.377485586788598282e-01
3.859999999999999876e+00 -5.000000000000000000e+00 -1.225144132114017181e-02
1.158999999999999986e+01 -5.000000000000000000e+00 -9.705965408292636099e-01
-1.158999999999999986e+01 5.000000000000000000e+00 -8.602629718902615741e-01
-7.500000000000000000e+00 5.000000000000000000e+00 -4.754971173577196564e-01
3.859999999999999876e+00 5.000000000000000000e+00 -2.450288264228034363e-02
1.158999999999999986e+01 5.000000000000000000e+00 -2.414239910752018936e+00
-1.158999999999999986e+01 1.500000000000000000e+01 -2.421167193252259930e-01
-7.500000000000000000e+00 1.500000000000000000e+01 -4.754971173577196564e-01
3.859999999999999876e+00 1.500000000000000000e+01 -2.450288264228034363e-02
1.158999999999999986e+01 1.500000000000000000e+01 -3.808877515390213464e+00
