-1.158999999999999986e+01 -1.500000000000000000e+01 -1.593194985856516199e+00
-9.985463323904344435e+00 -1.500000000000000000e+01 0.000000000000000000e+00
3.859999999999999876e+00 -1.500000000000000000e+01 0.000000000000000000e+00
1.158999999999999986e+01 -1.500000000000000000e+01 0.000000000000000000e+00
-1.158999999999999986e+01 -5.000000000000000000e+00 -1.593194985856516199e+00
-9.985463323904344435e+00 -5.000000000000000000e+00 0.000000000000000000e+00
3.859999999999999876e+00 -5.000000000000000000e+00 0.000000000000000000e+00
1.158999999999999986e+01 -5.000000000000000000e+00 0.000000000000000000e+00
-1.158999999999999986e+01 5.000000000000000000e+00 -2.796597492928257989e+00
-9.985463323904344435e+00 5.000000000000000000e+00 0.000000000000000000e+00
3.859999999999999876e+00 5.000000000000000000e+00 0.000000000000000000e+00
1.158999999999999986e+01 5.000000000000000000e+00 0.000000000000000000e+00
-1.158999999999999986e+01 1.500000000000000000e+01 -4.000000000000000000e+00
-9.985463323904344435e+00 1.500000000000000000e+01 0.000000000000000000e+00
3.859999999999999876e+00 1.500000000000000000e+01 0.000000000000000000e+00
1.158999999999999986e+01 1.500000000000000000e+01 0.000000000000000000e+00
