-1.158999999999999986e+01 -1.500000000000000000e+01 -6.332161475849183985e-01
-8.312369580754133125e+00 -1.500000000000000000e+01 -1.528266051729506581e-01
3.859999999999999876e+00 -1.500000000000000000e+01 -9.717339482704934195e-02
1.158999999999999986e+01 -1.500000000000000000e+01 -7.667838524150816237e-01
-1.158999999999999986e+01 -5.000000000000000000e+00 -6.332161475849183985e-01
-8.312369580754133125e+00 -5.000000000000000000e+00 -1.528266051729506581e-01
3.859999999999999876e+00 -5.000000000000000000e+00 -9.717339482704934195e-02
1.158999999999999986e+01 -5.000000000000000000e+00 -7.667838524150816237e-01
-1.158999999999999986e+01 5.000000000000000000e+00 -1.430213763789345283e+00
-8.312369580754133125e+00 5.000000000000000000e+00 -3.056532103459013161e-01
3.859999999999999876e+00 5.000000000000000000e+00 -1.943467896540986839e-01
1.158999999999999986e+01 5.000000000000000000e+00 -1.819786236210654717e+00
-1.158999999999999986e+01 1.500000000000000000e+01 -1.615904959301969646e+00
-8.312369580754133125e+00 1.500000000000000000e+01 -3.056532103459013161e-01
3.859999999999999876e+00 1.500000000000000000e+01 -1.943467896540986839e-01
1.158999999999999986e+01 1.500000000000000000e+01 -2.484095040698030221e+00
