-1.158999999999999986e+01 -1.500000000000000000e+01 -4.384975014157445727e+00
-1.113759955691293158e+01 -1.500000000000000000e+01 0.000000000000000000e+00
3.859999999999999432e+00 -1.500000000000000000e+01 -1.924875070787228915e-01
1.158999999999999986e+01 -1.500000000000000000e+01 -3.079800113259566485e-01
-1.158999999999999986e+01 -5.000000000000000000e+00 -4.039900056629782910e+00
-1.113759955691293158e+01 -5.000000000000000000e+00 0.000000000000000000e+00
3.859999999999999432e+00 -5.000000000000000000e+00 -1.924875070787228915e-01
1.158999999999999986e+01 -5.000000000000000000e+00 -3.079800113259566485e-01
-1.158999999999999986e+01 5.000000000000000000e+00 -2.924875070787229081e+00
-1.113759955691293158e+01 5.000000000000000000e+00 0.000000000000000000e+00
3.859999999999999432e+00 5.000000000000000000e+00 -3.849750141574457829e-01
1.158999999999999986e+01 5.000000000000000000e+00 -5.774625212361687021e-01
-1.158999999999999986e+01 1.500000000000000000e+01 -2.154925042472337182e+00
-1.113759955691293158e+01 1.500000000000000000e+01 0.000000000000000000e+00
3.859999999999999432e+00 1.500000000000000000e+01 -3.849750141574457829e-01
1.158999999999999986e+01 1.500000000000000000e+01 -7.699500283148916213e-02
