-1.158999999999999986e+01 -1.500000000000000000e+01 -4.581503378662206138e-01
-1.004815033786622003e+01 -1.500000000000000000e+01 0.000000000000000000e+00
3.859999999999999876e+00 -1.500000000000000000e+01 0.000000000000000000e+00
1.158999999999999986e+01 -1.500000000000000000e+01 -1.687225506799330921e+00
-1.158999999999999986e+01 -5.000000000000000000e+00 -4.581503378662206138e-01
-1.004815033786622003e+01 -5.000000000000000000e+00 0.000000000000000000e+00
3.859999999999999876e+00 -5.000000000000000000e+00 0.000000000000000000e+00
1.158999999999999986e+01 -5.000000000000000000e+00 -1.687225506799330921e+00
-1.158999999999999986e+01 5.000000000000000000e+00 -4.581503378662206138e-01
-1.004815033786622003e+01 5.000000000000000000e+00 0.000000000000000000e+00
3.859999999999999876e+00 5.000000000000000000e+00 0.000000000000000000e+00
1.158999999999999986e+01 5.000000000000000000e+00 -2.843612753399665571e+00
-1.158999999999999986e+01 1.500000000000000000e+01 -4.581503378662206138e-01
-1.004815033786622003e+01 1.500000000000000000e+01 0.000000000000000000e+00
3.859999999999999876e+00 1.500000000000000000e+01 0.000000000000000000e+00
1.158999999999999986e+01 1.500000000000000000e+01 -4.000000000000000000e+00
