-1.158999999999999986e+01 -1.500000000000000000e+01 -3.948099472536015675e+00
-9.481527897600273036e+00 -1.500000000000000000e+01 0.000000000000000000e+00
3.859999999999999876e+00 -1.500000000000000000e+01 -1.297513186599608126e-02
1.158999999999999986e+01 -1.500000000000000000e+01 -2.076021098559373279e-02
-1.158999999999999986e+01 -5.000000000000000000e+00 -2.525950263731992163e+00
-9.481527897600273036e+00 -5.000000000000000000e+00 0.000000000000000000e+00
3.859999999999999876e+00 -5.000000000000000000e+00 -1.297513186599608126e-02
1.158999999999999986e+01 -5.000000000000000000e+00 -2.076021098559373279e-02
-1.158999999999999986e+01 5.000000000000000000e+00 -1.103801054927968650e+00
-9.481527897600273036e+00 5.000000000000000000e+00 0.000000000000000000e+00
3.859999999999999876e+00 5.000000000000000000e+00 -2.595026373199216252e-02
1.158999999999999986e+01 5.000000000000000000e+00 -3.892539559798824378e-02
-1.158999999999999986e+01 1.500000000000000000e+01 -1.103801054927968650e+00
-9.481527897600273036e+00 1.500000000000000000e+01 0.000000000000000000e+00
3.859999999999999876e+00 1.500000000000000000e+01 -2.595026373199216252e-02
1.158999999999999986e+01 1.500000000000000000e+01 -5.190052746398433198e-03
