-1.158999999999999986e+01 -1.500000000000000000e+01 -1.487233877079719990e+00
-8.735218488126681891e+00 -1.500000000000000000e+01 -1.744976474250194420e-01
3.859999999999999876e+00 -1.500000000000000000e+01 0.000000000000000000e+00
1.158999999999999986e+01 -1.500000000000000000e+01 -1.395981179400155536e+00
-1.158999999999999986e+01 -5.000000000000000000e+00 -1.487233877079719990e+00
-8.735218488126681891e+00 -5.000000000000000000e+00 -1.744976474250194420e-01
3.859999999999999876e+00 -5.000000000000000000e+00 0.000000000000000000e+00
1.158999999999999986e+01 -5.000000000000000000e+00 -1.395981179400155536e+00
-1.158999999999999986e+01 5.000000000000000000e+00 -1.731530583474747198e+00
-8.735218488126681891e+00 5.000000000000000000e+00 -3.489952948500388841e-01
3.859999999999999876e+00 5.000000000000000000e+00 0.000000000000000000e+00
1.158999999999999986e+01 5.000000000000000000e+00 -1.744976474250194531e+00
-1.158999999999999986e+01 1.500000000000000000e+01 -1.277836700169696638e+00
-8.735218488126681891e+00 1.500000000000000000e+01 -3.489952948500388841e-01
3.859999999999999876e+00 1.500000000000000000e+01 0.000000000000000000e+00
1.158999999999999986e+01 1.500000000000000000e+01 -2.791962358800311073e+00
