-1.158999999999999986e+01 -1.500000000000000000e+01 -4.000000000000000000e+00
-1.043660798216444618e+01 -1.500000000000000000e+01 0.000000000000000000e+00
3.859999999999999432e+00 -1.500000000000000000e+01 0.000000000000000000e+00
1.158999999999999986e+01 -1.500000000000000000e+01 0.000000000000000000e+00
-1.158999999999999986e+01 -5.000000000000000000e+00 -3.134955986623335633e+00
-1.043660798216444618e+01 -5.000000000000000000e+00 0.000000000000000000e+00
3.859999999999999432e+00 -5.000000000000000000e+00 0.000000000000000000e+00
1.158999999999999986e+01 -5.000000000000000000e+00 0.000000000000000000e+00
-1.158999999999999986e+01 5.000000000000000000e+00 -2.269911973246670822e+00
-1.043660798216444618e+01 5.000000000000000000e+00 0.000000000000000000e+00
3.859999999999999432e+00 5.000000000000000000e+00 0.000000000000000000e+00
1.158999999999999986e+01 5.000000000000000000e+00 0.000000000000000000e+00
-1.158999999999999986e+01 1.500000000000000000e+01 -2.269911973246670822e+00
-1.043660798216444618e+01 1.500000000000000000e+01 0.000000000000000000e+00
3.859999999999999432e+00 1.500000000000000000e+01 0.000000000000000000e+00
1.158999999999999986e+01 1.500000000000000000e+01 0.000000000000000000e+00
