-1.158999999999999986e+01 -1.500000000000000000e+01 -3.825649148329903215e-01
-9.677175425835047307e+00 -1.500000000000000000e+01 -2.391030717706189301e-01
3.859999999999999876e+00 -1.500000000000000000e+01 0.000000000000000000e+00
1.158999999999999986e+01 -1.500000000000000000e+01 -1.043587712917524168e+00
-1.158999999999999986e+01 -5.000000000000000000e+00 -3.825649148329903215e-01
-9.677175425835047307e+00 -5.000000000000000000e+00 -2.391030717706189301e-01
3.859999999999999876e+00 -5.000000000000000000e+00 0.000000000000000000e+00
1.158999999999999986e+01 -5.000000000000000000e+00 -1.043587712917524168e+00
-1.158999999999999986e+01 5.000000000000000000e+00 -7.173092153118567627e-01
-9.677175425835047307e+00 5.000000000000000000e+00 -4.782061435412378603e-01
3.859999999999999876e+00 5.000000000000000000e+00 0.000000000000000000e+00
1.158999999999999986e+01 5.000000000000000000e+00 -2.521793856458762306e+00
-1.158999999999999986e+01 1.500000000000000000e+01 -9.564122870824758038e-02
-9.677175425835047307e+00 1.500000000000000000e+01 -4.782061435412378603e-01
3.859999999999999876e+00 1.500000000000000000e+01 0.000000000000000000e+00
1.158999999999999986e+01 1.500000000000000000e+01 -4.000000000000000000e+00
