-1.158999999999999986e+01 -1.500000000000000000e+01 -1.840304114868961394e+00
-1.143030411486896192e+01 -1.500000000000000000e+01 0.000000000000000000e+00
3.859999999999999876e+00 -1.500000000000000000e+01 0.000000000000000000e+00
1.158999999999999986e+01 -1.500000000000000000e+01 -4.000000000000000000e+00
-1.158999999999999986e+01 -5.000000000000000000e+00 -1.840304114868961394e+00
-1.143030411486896192e+01 -5.000000000000000000e+00 0.000000000000000000e+00
3.859999999999999876e+00 -5.000000000000000000e+00 0.000000000000000000e+00
1.158999999999999986e+01 -5.000000000000000000e+00 -3.880228086151721101e+00
-1.158999999999999986e+01 5.000000000000000000e+00 -1.840304114868961394e+00
-1.143030411486896192e+01 5.000000000000000000e+00 0.000000000000000000e+00
3.859999999999999876e+00 5.000000000000000000e+00 0.000000000000000000e+00
1.158999999999999986e+01 5.000000000000000000e+00 -3.760456172303442202e+00
-1.158999999999999986e+01 1.500000000000000000e+01 -1.840304114868961394e+00
-1.143030411486896192e+01 1.500000000000000000e+01 0.000000000000000000e+00
3.859999999999999876e+00 1.500000000000000000e+01 0.000000000000000000e+00
1.158999999999999986e+01 1.500000000000000000e+01 -3.760456172303442202e+00
