-1.158999999999999986e+01 -1.500000000000000000e+01 -8.927263268170070321e-01
-7.500000000000000000e+00 -1.500000000000000000e+01 -4.469736382624706073e-02
3.859999999999999432e+00 -1.500000000000000000e+01 -2.053026361737529393e-01
1.158999999999999986e+01 -1.500000000000000000e+01 -5.072736731829929901e-01
-1.158999999999999986e+01 -5.000000000000000000e+00 -8.927263268170070321e-01
-7.500000000000000000e+00 -5.000000000000000000e+00 -4.469736382624706073e-02
3.859999999999999432e+00 -5.000000000000000000e+00 -2.053026361737529393e-01
1.158999999999999986e+01 -5.000000000000000000e+00 -5.072736731829929901e-01
-1.158999999999999986e+01 5.000000000000000000e+00 -2.187118453216270630e+00
-7.500000000000000000e+00 5.000000000000000000e+00 -8.939472765249412145e-02
3.859999999999999432e+00 5.000000000000000000e+00 -4.106052723475058785e-01
1.158999999999999986e+01 5.000000000000000000e+00 -1.062881546783729370e+00
-1.158999999999999986e+01 1.500000000000000000e+01 -3.302721124310545875e+00
-7.500000000000000000e+00 1.500000000000000000e+01 -8.939472765249412145e-02
3.859999999999999432e+00 1.500000000000000000e+01 -4.106052723475058785e-01
1.158999999999999986e+01 1.500000000000000000e+01 -7.972788756894542139e-01
