-1.158999999999999986e+01 -1.500000000000000000e+01 -9.223844578921238657e-01
-8.182364698121586954e+00 -1.500000000000000000e+01 -3.316225715456443401e-01
3.859999999999999876e+00 -1.500000000000000000e+01 0.000000000000000000e+00
1.158999999999999986e+01 -1.500000000000000000e+01 -2.652980572365154721e+00
-1.158999999999999986e+01 -5.000000000000000000e+00 -6.775167432551907343e-01
-8.182364698121586954e+00 -5.000000000000000000e+00 -3.316225715456443401e-01
3.859999999999999876e+00 -5.000000000000000000e+00 0.000000000000000000e+00
1.158999999999999986e+01 -5.000000000000000000e+00 -2.163245143091288902e+00
-1.158999999999999986e+01 5.000000000000000000e+00 -9.132451430912886803e-01
-8.182364698121586954e+00 5.000000000000000000e+00 -4.183774284543556599e-01
3.859999999999999876e+00 5.000000000000000000e+00 0.000000000000000000e+00
1.158999999999999986e+01 5.000000000000000000e+00 -2.010264570726134181e+00
-1.158999999999999986e+01 1.500000000000000000e+01 -7.203315437468970073e-01
-8.182364698121586954e+00 1.500000000000000000e+01 -4.183774284543556599e-01
3.859999999999999876e+00 1.500000000000000000e+01 0.000000000000000000e+00
1.158999999999999986e+01 1.500000000000000000e+01 -3.020529141452267918e+00
