-1.158999999999999986e+01 -1.500000000000000000e+01 -9.800983475401676692e-01
-8.907198151213682635e+00 -1.500000000000000000e+01 0.000000000000000000e+00
3.859999999999999432e+00 -1.500000000000000000e+01 -8.167486229501397244e-02
1.158999999999999986e+01 -1.500000000000000000e+01 -2.823881982951798708e+00
-1.158999999999999986e+01 -5.000000000000000000e+00 -9.800983475401676692e-01
-8.907198151213682635e+00 -5.000000000000000000e+00 0.000000000000000000e+00
3.859999999999999432e+00 -5.000000000000000000e+00 -8.167486229501397244e-02
1.158999999999999986e+01 -5.000000000000000000e+00 -1.813931156721882543e+00
-1.158999999999999986e+01 5.000000000000000000e+00 -9.800983475401676692e-01
-8.907198151213682635e+00 5.000000000000000000e+00 0.000000000000000000e+00
3.859999999999999432e+00 5.000000000000000000e+00 -1.633497245900279449e-01
1.158999999999999986e+01 5.000000000000000000e+00 -9.183251377049860276e-01
-1.158999999999999986e+01 1.500000000000000000e+01 -9.800983475401676692e-01
-8.907198151213682635e+00 1.500000000000000000e+01 0.000000000000000000e+00
3.859999999999999432e+00 1.500000000000000000e+01 -1.633497245900279449e-01
1.158999999999999986e+01 1.500000000000000000e+01 -7.059704957379496770e-01
