-1.158999999999999986e+01 -1.500000000000000000e+01 -1.806338354047567929e+00
-9.589999999999999858e+00 -1.500000000000000000e+01 -4.697403678199324473e-01
3.859999999999999876e+00 -1.500000000000000000e+01 0.000000000000000000e+00
1.158999999999999986e+01 -1.500000000000000000e+01 -3.636884413839189811e+00
-1.158999999999999986e+01 -5.000000000000000000e+00 -1.147117250587770476e+00
-9.589999999999999858e+00 -5.000000000000000000e+00 -4.697403678199324473e-01
3.859999999999999876e+00 -5.000000000000000000e+00 0.000000000000000000e+00
1.158999999999999986e+01 -5.000000000000000000e+00 -2.318442206919594906e+00
-1.158999999999999986e+01 5.000000000000000000e+00 -1.189480735639864895e+00
-9.589999999999999858e+00 5.000000000000000000e+00 -2.802596321800675527e-01
3.859999999999999876e+00 5.000000000000000000e+00 0.000000000000000000e+00
1.158999999999999986e+01 5.000000000000000000e+00 -1.181557793080405094e+00
-1.158999999999999986e+01 1.500000000000000000e+01 -1.770026795431486777e+00
-9.589999999999999858e+00 1.500000000000000000e+01 -2.802596321800675527e-01
3.859999999999999876e+00 1.500000000000000000e+01 0.000000000000000000e+00
1.158999999999999986e+01 1.500000000000000000e+01 -1.363115586160810189e+00
