-1.158999999999999986e+01 -1.500000000000000000e+01 -2.657783420348439840e+00
-1.159372837938792067e+01 -1.500000000000000000e+01 -9.320948469802500802e-02
3.859999999999999876e+00 -1.500000000000000000e+01 0.000000000000000000e+00
1.158999999999999986e+01 -1.500000000000000000e+01 -1.677770724564450200e+00
-1.158999999999999986e+01 -5.000000000000000000e+00 -2.657783420348439840e+00
-1.159372837938792067e+01 -5.000000000000000000e+00 -9.320948469802500802e-02
3.859999999999999876e+00 -5.000000000000000000e+00 0.000000000000000000e+00
1.158999999999999986e+01 -5.000000000000000000e+00 -1.677770724564450200e+00
-1.158999999999999986e+01 5.000000000000000000e+00 -2.788276698925674868e+00
-1.159372837938792067e+01 5.000000000000000000e+00 -1.864189693960500160e-01
3.859999999999999876e+00 5.000000000000000000e+00 0.000000000000000000e+00
1.158999999999999986e+01 5.000000000000000000e+00 -1.304932785772350057e+00
-1.158999999999999986e+01 1.500000000000000000e+01 -2.545932038710809753e+00
-1.159372837938792067e+01 1.500000000000000000e+01 -1.864189693960500160e-01
3.859999999999999876e+00 1.500000000000000000e+01 0.000000000000000000e+00
1.158999999999999986e+01 1.500000000000000000e+01 -9.320948469802501357e-01
