-1.077553844656521775e+01 -1.500000000000000000e+01 -3.628923106869563320e+00
-1.083114775354825632e+01 -1.500000000000000000e+01 0.000000000000000000e+00
3.859999999999999876e+00 -1.500000000000000000e+01 -4.638461164130455727e-02
1.158999999999999986e+01 -1.500000000000000000e+01 -7.421537862608729164e-02
-1.158999999999999986e+01 -5.000000000000000000e+00 -3.628923106869563320e+00
-1.083114775354825632e+01 -5.000000000000000000e+00 0.000000000000000000e+00
3.859999999999999876e+00 -5.000000000000000000e+00 -4.638461164130455727e-02
1.158999999999999986e+01 -5.000000000000000000e+00 -7.421537862608729164e-02
-1.240446155343478196e+01 5.000000000000000000e+00 -3.721692330152172712e+00
-1.083114775354825632e+01 5.000000000000000000e+00 0.000000000000000000e+00
3.859999999999999876e+00 5.000000000000000000e+00 -9.276922328260911454e-02
1.158999999999999986e+01 5.000000000000000000e+00 -1.391538349239136718e-01
-1.240446155343478196e+01 1.500000000000000000e+01 -4.000000000000000000e+00
-1.083114775354825632e+01 1.500000000000000000e+01 0.000000000000000000e+00
3.859999999999999876e+00 1.500000000000000000e+01 -9.276922328260911454e-02
1.158999999999999986e+01 1.500000000000000000e+01 -1.855384465652182291e-02
