-1.082639815902381031e+01 -1.500000000000000000e+01 -3.527203681952378211e+00
-1.158999999999999986e+01 -1.500000000000000000e+01 0.000000000000000000e+00
3.859999999999999432e+00 -1.500000000000000000e+01 0.000000000000000000e+00
1.158999999999999986e+01 -1.500000000000000000e+01 0.000000000000000000e+00
-1.158999999999999986e+01 -5.000000000000000000e+00 -3.527203681952378211e+00
-1.158999999999999986e+01 -5.000000000000000000e+00 0.000000000000000000e+00
3.859999999999999432e+00 -5.000000000000000000e+00 0.000000000000000000e+00
1.158999999999999986e+01 -5.000000000000000000e+00 0.000000000000000000e+00
-1.235360184097618763e+01 5.000000000000000000e+00 -3.763601840976189106e+00
-1.158999999999999986e+01 5.000000000000000000e+00 0.000000000000000000e+00
3.859999999999999432e+00 5.000000000000000000e+00 0.000000000000000000e+00
1.158999999999999986e+01 5.000000000000000000e+00 0.000000000000000000e+00
-1.235360184097618763e+01 1.500000000000000000e+01 -4.000000000000000000e+00
-1.158999999999999986e+01 1.500000000000000000e+01 0.000000000000000000e+00
3.859999999999999432e+00 1.500000000000000000e+01 0.000000000000000000e+00
1.158999999999999986e+01 1.500000000000000000e+01 0.000000000000000000e+00
