-1.169404283173774495e+01 -1.500000000000000000e+01 -3.583828673049018754e-01
-1.159895957168262370e+01 -1.500000000000000000e+01 -2.239892920655636721e-01
3.859999999999999876e+00 -1.500000000000000000e+01 0.000000000000000000e+00
1.158999999999999986e+01 -1.500000000000000000e+01 -4.447978584131127455e+00
-1.169404283173774495e+01 -5.000000000000000000e+00 -3.583828673049018754e-01
-1.159895957168262370e+01 -5.000000000000000000e+00 -2.239892920655636721e-01
3.859999999999999876e+00 -5.000000000000000000e+00 0.000000000000000000e+00
1.158999999999999986e+01 -5.000000000000000000e+00 -4.447978584131127455e+00
-1.169404283173774495e+01 5.000000000000000000e+00 -6.719678761966909608e-01
-1.159895957168262370e+01 5.000000000000000000e+00 -4.479785841311273442e-01
3.859999999999999876e+00 5.000000000000000000e+00 0.000000000000000000e+00
1.158999999999999986e+01 5.000000000000000000e+00 -3.552021415868872545e+00
-1.169404283173774495e+01 1.500000000000000000e+01 -8.959571682622546884e-02
-1.159895957168262370e+01 1.500000000000000000e+01 -4.479785841311273442e-01
3.859999999999999876e+00 1.500000000000000000e+01 0.000000000000000000e+00
1.158999999999999986e+01 1.500000000000000000e+01 -2.656064247606618078e+00
