-1.237739022274634237e+01 -1.500000000000000000e+01 -8.504391090146330712e-02
-1.072042601103253645e+01 -1.500000000000000000e+01 -5.315244431341456521e-02
3.859999999999999876e+00 -1.500000000000000000e+01 0.000000000000000000e+00
1.158999999999999986e+01 -1.500000000000000000e+01 -3.787390222746341628e+00
-1.237739022274634237e+01 -5.000000000000000000e+00 -8.504391090146330712e-02
-1.072042601103253645e+01 -5.000000000000000000e+00 -5.315244431341456521e-02
3.859999999999999876e+00 -5.000000000000000000e+00 0.000000000000000000e+00
1.158999999999999986e+01 -5.000000000000000000e+00 -3.787390222746341628e+00
-1.237739022274634237e+01 5.000000000000000000e+00 -1.594573329402436956e-01
-1.072042601103253645e+01 5.000000000000000000e+00 -1.063048886268291304e-01
3.859999999999999876e+00 5.000000000000000000e+00 0.000000000000000000e+00
1.158999999999999986e+01 5.000000000000000000e+00 -3.787390222746341628e+00
-1.237739022274634237e+01 1.500000000000000000e+01 -2.126097772536582678e-02
-1.072042601103253645e+01 1.500000000000000000e+01 -1.063048886268291304e-01
3.859999999999999876e+00 1.500000000000000000e+01 0.000000000000000000e+00
1.158999999999999986e+01 1.500000000000000000e+01 -3.787390222746341628e+00
