-1.061760911151647413e+01 -1.500000000000000000e+01 -4.000000000000000000e+00
-1.153478177696704954e+01 -1.500000000000000000e+01 0.000000000000000000e+00
3.859999999999999876e+00 -1.500000000000000000e+01 -1.380455575823763548e-02
1.158999999999999986e+01 -1.500000000000000000e+01 -5.521822303295054191e-02
-1.158999999999999986e+01 -5.000000000000000000e+00 -3.958586332725287260e+00
-1.153478177696704954e+01 -5.000000000000000000e+00 0.000000000000000000e+00
3.859999999999999876e+00 -5.000000000000000000e+00 -1.380455575823763548e-02
1.158999999999999986e+01 -5.000000000000000000e+00 -3.451138939559408869e-02
-1.256239088848352381e+01 5.000000000000000000e+00 -3.917172665450574076e+00
-1.153478177696704954e+01 5.000000000000000000e+00 0.000000000000000000e+00
3.859999999999999876e+00 5.000000000000000000e+00 -6.902277879118817738e-03
1.158999999999999986e+01 5.000000000000000000e+00 -3.451138939559408869e-02
-1.256239088848352381e+01 1.500000000000000000e+01 -3.917172665450574076e+00
-1.153478177696704954e+01 1.500000000000000000e+01 0.000000000000000000e+00
3.859999999999999876e+00 1.500000000000000000e+01 -6.902277879118817738e-03
1.158999999999999986e+01 1.500000000000000000e+01 -5.521822303295054191e-02
