-1.158999999999999986e+01 -1.500000000000000000e+01 -1.087837319921816093e+00
-1.044979664990226986e+01 -1.500000000000000000e+01 -1.425254187622162494e-01
3.859999999999999432e+00 -1.500000000000000000e+01 0.000000000000000000e+00
1.158999999999999986e+01 -1.500000000000000000e+01 -2.289694974853405007e+00
-1.158999999999999986e+01 -5.000000000000000000e+00 -1.087837319921816093e+00
-1.044979664990226986e+01 -5.000000000000000000e+00 -1.425254187622162494e-01
3.859999999999999432e+00 -5.000000000000000000e+00 0.000000000000000000e+00
1.158999999999999986e+01 -5.000000000000000000e+00 -2.289694974853405007e+00
-1.158999999999999986e+01 5.000000000000000000e+00 -1.287372906188918753e+00
-1.044979664990226986e+01 5.000000000000000000e+00 -2.850508375244324988e-01
3.859999999999999432e+00 5.000000000000000000e+00 0.000000000000000000e+00
1.158999999999999986e+01 5.000000000000000000e+00 -3.144847487426702504e+00
-1.158999999999999986e+01 1.500000000000000000e+01 -9.168068174071565268e-01
-1.044979664990226986e+01 1.500000000000000000e+01 -2.850508375244324988e-01
3.859999999999999432e+00 1.500000000000000000e+01 0.000000000000000000e+00
1.158999999999999986e+01 1.500000000000000000e+01 -4.000000000000000000e+00
