-1.158999999999999986e+01 -1.500000000000000000e+01 -1.325750434534850086e+00
-8.425750434534849731e+00 -1.500000000000000000e+01 -1.935518027722652468e-01
3.860000000000000320e+00 -1.500000000000000000e+01 -5.644819722773475323e-02
1.158999999999999986e+01 -1.500000000000000000e+01 -1.638731537742497579e+00
-1.158999999999999986e+01 -5.000000000000000000e+00 -1.325750434534850086e+00
-8.425750434534849731e+00 -5.000000000000000000e+00 -1.935518027722652468e-01
3.860000000000000320e+00 -5.000000000000000000e+00 -5.644819722773475323e-02
1.158999999999999986e+01 -5.000000000000000000e+00 -1.638731537742497579e+00
-1.158999999999999986e+01 5.000000000000000000e+00 -1.370930169505082397e+00
-8.425750434534849731e+00 5.000000000000000000e+00 -3.871036055445304935e-01
3.860000000000000320e+00 5.000000000000000000e+00 -1.128963944554695065e-01
1.158999999999999986e+01 5.000000000000000000e+00 -2.104862619405856616e+00
-1.158999999999999986e+01 1.500000000000000000e+01 -6.419026933862536088e-01
-8.425750434534849731e+00 1.500000000000000000e+01 -3.871036055445304935e-01
3.860000000000000320e+00 1.500000000000000000e+01 -1.128963944554695065e-01
1.158999999999999986e+01 1.500000000000000000e+01 -3.119408123247337628e+00
