-1.158999999999999986e+01 -1.500000000000000000e+01 -3.599385171583507903e-01
-1.109928382160744853e+01 -1.500000000000000000e+01 0.000000000000000000e+00
3.859999999999999876e+00 -1.500000000000000000e+01 -2.999487642986256586e-02
1.158999999999999986e+01 -1.500000000000000000e+01 -3.568073779409979274e+00
-1.158999999999999986e+01 -5.000000000000000000e+00 -3.599385171583507903e-01
-1.109928382160744853e+01 -5.000000000000000000e+00 0.000000000000000000e+00
3.859999999999999876e+00 -5.000000000000000000e+00 -2.999487642986256586e-02
1.158999999999999986e+01 -5.000000000000000000e+00 -3.568073779409979274e+00
-1.158999999999999986e+01 5.000000000000000000e+00 -3.599385171583507903e-01
-1.109928382160744853e+01 5.000000000000000000e+00 0.000000000000000000e+00
3.859999999999999876e+00 5.000000000000000000e+00 -5.998975285972513172e-02
1.158999999999999986e+01 5.000000000000000000e+00 -3.610066606411786783e+00
-1.158999999999999986e+01 1.500000000000000000e+01 -3.599385171583507903e-01
-1.109928382160744853e+01 1.500000000000000000e+01 0.000000000000000000e+00
3.859999999999999876e+00 1.500000000000000000e+01 -5.998975285972513172e-02
1.158999999999999986e+01 1.500000000000000000e+01 -3.532079927694144139e+00
