-1.158999999999999986e+01 -1.500000000000000000e+01 -7.903290225453970530e-01
-1.007791127818174637e+01 -1.500000000000000000e+01 -1.890110902272817139e-01
3.859999999999999876e+00 -1.500000000000000000e+01 0.000000000000000000e+00
1.158999999999999986e+01 -1.500000000000000000e+01 -7.560443609091268558e-01
-1.158999999999999986e+01 -5.000000000000000000e+00 -7.903290225453970530e-01
-1.007791127818174637e+01 -5.000000000000000000e+00 -1.890110902272817139e-01
3.859999999999999876e+00 -5.000000000000000000e+00 0.000000000000000000e+00
1.158999999999999986e+01 -5.000000000000000000e+00 -7.560443609091268558e-01
-1.158999999999999986e+01 5.000000000000000000e+00 -1.298900187954464602e+00
-1.007791127818174637e+01 5.000000000000000000e+00 -3.780221804545634279e-01
3.859999999999999876e+00 5.000000000000000000e+00 0.000000000000000000e+00
1.158999999999999986e+01 5.000000000000000000e+00 -1.890110902272817084e+00
-1.158999999999999986e+01 1.500000000000000000e+01 -1.051426992454405296e+00
-1.007791127818174637e+01 1.500000000000000000e+01 -3.780221804545634279e-01
3.859999999999999876e+00 1.500000000000000000e+01 0.000000000000000000e+00
1.158999999999999986e+01 1.500000000000000000e+01 -3.024177443636507423e+00
