-1.158999999999999986e+01 -1.500000000000000000e+01 -1.491117350819859633e+00
-7.500000000000000000e+00 -1.500000000000000000e+01 -1.450848701134750396e-01
3.859999999999999876e+00 -1.500000000000000000e+01 -1.049151298865249604e-01
1.158999999999999986e+01 -1.500000000000000000e+01 -1.908882649180140501e+00
-1.158999999999999986e+01 -5.000000000000000000e+00 -1.491117350819859633e+00
-7.500000000000000000e+00 -5.000000000000000000e+00 -1.450848701134750396e-01
3.859999999999999876e+00 -5.000000000000000000e+00 -1.049151298865249604e-01
1.158999999999999986e+01 -5.000000000000000000e+00 -1.908882649180140501e+00
-1.158999999999999986e+01 5.000000000000000000e+00 -1.694236168978724644e+00
-7.500000000000000000e+00 5.000000000000000000e+00 -2.901697402269500792e-01
3.859999999999999876e+00 5.000000000000000000e+00 -2.098302597730499208e-01
1.158999999999999986e+01 5.000000000000000000e+00 -2.055763831021275578e+00
-1.158999999999999986e+01 1.500000000000000000e+01 -1.317015506683689496e+00
-7.500000000000000000e+00 1.500000000000000000e+01 -2.901697402269500792e-01
3.859999999999999876e+00 1.500000000000000000e+01 -2.098302597730499208e-01
1.158999999999999986e+01 1.500000000000000000e+01 -1.782984493316310370e+00
