-1.158999999999999986e+01 -1.500000000000000000e+01 -3.243801341487328571e+00
-1.055904916222772627e+01 -1.500000000000000000e+01 0.000000000000000000e+00
3.859999999999999876e+00 -1.500000000000000000e+01 -6.301655487605595241e-02
1.158999999999999986e+01 -1.500000000000000000e+01 -1.008264878016895266e-01
-1.158999999999999986e+01 -5.000000000000000000e+00 -3.243801341487328571e+00
-1.055904916222772627e+01 -5.000000000000000000e+00 0.000000000000000000e+00
3.859999999999999876e+00 -5.000000000000000000e+00 -6.301655487605595241e-02
1.158999999999999986e+01 -5.000000000000000000e+00 -1.008264878016895266e-01
-1.158999999999999986e+01 5.000000000000000000e+00 -3.621900670743664286e+00
-1.055904916222772627e+01 5.000000000000000000e+00 0.000000000000000000e+00
3.859999999999999876e+00 5.000000000000000000e+00 -1.260331097521119048e-01
1.158999999999999986e+01 5.000000000000000000e+00 -1.890496646281678572e-01
-1.158999999999999986e+01 1.500000000000000000e+01 -4.000000000000000000e+00
-1.055904916222772627e+01 1.500000000000000000e+01 0.000000000000000000e+00
3.859999999999999876e+00 1.500000000000000000e+01 -1.260331097521119048e-01
1.158999999999999986e+01 1.500000000000000000e+01 -2.520662195042238166e-02
