-1.158999999999999986e+01 -1.500000000000000000e+01 -2.248946222152919727e+00
-1.159099578488861049e+01 -1.500000000000000000e+01 0.000000000000000000e+00
3.859999999999999876e+00 -1.500000000000000000e+01 -2.489462221529195607e-02
1.158999999999999986e+01 -1.500000000000000000e+01 -3.983139554446712971e-02
-1.158999999999999986e+01 -5.000000000000000000e+00 -2.248946222152919727e+00
-1.159099578488861049e+01 -5.000000000000000000e+00 0.000000000000000000e+00
3.859999999999999876e+00 -5.000000000000000000e+00 -2.489462221529195607e-02
1.158999999999999986e+01 -5.000000000000000000e+00 -3.983139554446712971e-02
-1.158999999999999986e+01 5.000000000000000000e+00 -3.049789244430583857e+00
-1.159099578488861049e+01 5.000000000000000000e+00 0.000000000000000000e+00
3.859999999999999876e+00 5.000000000000000000e+00 -4.978924443058391214e-02
1.158999999999999986e+01 5.000000000000000000e+00 -7.468386664587586821e-02
-1.158999999999999986e+01 1.500000000000000000e+01 -3.850632266708248430e+00
-1.159099578488861049e+01 1.500000000000000000e+01 0.000000000000000000e+00
3.859999999999999876e+00 1.500000000000000000e+01 -4.978924443058391214e-02
1.158999999999999986e+01 1.500000000000000000e+01 -9.957848886116782428e-03
