-1.158999999999999986e+01 -1.500000000000000000e+01 -4.000000000000000222e-01
-7.837270586100260950e+00 -1.500000000000000000e+01 -2.500000000000000000e-01
3.859999999999999876e+00 -1.500000000000000000e+01 0.000000000000000000e+00
1.158999999999999986e+01 -1.500000000000000000e+01 -2.205652796402598259e+00
-1.158999999999999986e+01 -5.000000000000000000e+00 -4.000000000000000222e-01
-7.837270586100260950e+00 -5.000000000000000000e+00 -2.500000000000000000e-01
3.859999999999999876e+00 -5.000000000000000000e+00 0.000000000000000000e+00
1.158999999999999986e+01 -5.000000000000000000e+00 -2.205652796402598259e+00
-1.158999999999999986e+01 5.000000000000000000e+00 -7.500000000000000000e-01
-7.837270586100260950e+00 5.000000000000000000e+00 -5.000000000000000000e-01
3.859999999999999876e+00 5.000000000000000000e+00 0.000000000000000000e+00
1.158999999999999986e+01 5.000000000000000000e+00 -2.582261118561039570e+00
-1.158999999999999986e+01 1.500000000000000000e+01 -1.000000000000000056e-01
-7.837270586100260950e+00 1.500000000000000000e+01 -5.000000000000000000e-01
3.859999999999999876e+00 1.500000000000000000e+01 0.000000000000000000e+00
1.158999999999999986e+01 1.500000000000000000e+01 -3.876608322158440867e+00
