-1.110603791091550363e+01 -1.500000000000000000e+01 -4.258018955457751886e+00
-1.159516037910915642e+01 -1.500000000000000000e+01 0.000000000000000000e+00
3.859999999999999876e+00 -1.500000000000000000e+01 -1.290094777288759431e-01
1.158999999999999986e+01 -1.500000000000000000e+01 -2.064151643662015256e-01
-1.158999999999999986e+01 -5.000000000000000000e+00 -4.258018955457751886e+00
-1.159516037910915642e+01 -5.000000000000000000e+00 0.000000000000000000e+00
3.859999999999999876e+00 -5.000000000000000000e+00 -1.290094777288759431e-01
1.158999999999999986e+01 -5.000000000000000000e+00 -2.064151643662015256e-01
-1.207396208908449609e+01 5.000000000000000000e+00 -3.741981044542248114e+00
-1.159516037910915642e+01 5.000000000000000000e+00 0.000000000000000000e+00
3.859999999999999876e+00 5.000000000000000000e+00 -2.580189554577518862e-01
1.158999999999999986e+01 5.000000000000000000e+00 -3.870284331866278293e-01
-1.207396208908449609e+01 1.500000000000000000e+01 -3.225943133626744341e+00
-1.159516037910915642e+01 1.500000000000000000e+01 0.000000000000000000e+00
3.859999999999999876e+00 1.500000000000000000e+01 -2.580189554577518862e-01
1.158999999999999986e+01 1.500000000000000000e+01 -5.160379109155038141e-02
