-1.158999999999999986e+01 -1.500000000000000000e+01 -1.481788930853206843e+00
-8.583061134516798418e+00 -1.500000000000000000e+01 0.000000000000000000e+00
3.859999999999999432e+00 -1.500000000000000000e+01 -1.204472327133016829e-01
1.158999999999999986e+01 -1.500000000000000000e+01 -1.927155723412826982e-01
-1.158999999999999986e+01 -5.000000000000000000e+00 -1.481788930853206843e+00
-8.583061134516798418e+00 -5.000000000000000000e+00 0.000000000000000000e+00
3.859999999999999432e+00 -5.000000000000000000e+00 -1.204472327133016829e-01
1.158999999999999986e+01 -5.000000000000000000e+00 -1.927155723412826982e-01
-1.158999999999999986e+01 5.000000000000000000e+00 -2.500000000000000000e+00
-8.583061134516798418e+00 5.000000000000000000e+00 0.000000000000000000e+00
3.859999999999999432e+00 5.000000000000000000e+00 -2.408944654266033658e-01
1.158999999999999986e+01 5.000000000000000000e+00 -3.613416981399050210e-01
-1.158999999999999986e+01 1.500000000000000000e+01 -4.000000000000000000e+00
-8.583061134516798418e+00 1.500000000000000000e+01 0.000000000000000000e+00
3.859999999999999432e+00 1.500000000000000000e+01 -2.408944654266033658e-01
1.158999999999999986e+01 1.500000000000000000e+01 -4.817889308532067455e-02
