-1.158999999999999986e+01 -1.500000000000000000e+01 -3.995252051894499168e+00
-9.587243552349862696e+00 -1.500000000000000000e+01 -3.297186184375577866e-04
3.859999999999999876e+00 -1.500000000000000000e+01 -4.993405627631248844e-01
1.158999999999999986e+01 -1.500000000000000000e+01 -2.001318874473750231e+00
-1.158999999999999986e+01 -5.000000000000000000e+00 -2.497230363605124737e+00
-9.587243552349862696e+00 -5.000000000000000000e+00 -3.297186184375577866e-04
3.859999999999999876e+00 -5.000000000000000000e+00 -4.993405627631248844e-01
1.158999999999999986e+01 -5.000000000000000000e+00 -1.252308030329063016e+00
-1.158999999999999986e+01 5.000000000000000000e+00 -9.996702813815624422e-01
-9.587243552349862696e+00 5.000000000000000000e+00 -6.594372368751155733e-04
3.859999999999999876e+00 5.000000000000000000e+00 -2.496702813815624422e-01
1.158999999999999986e+01 5.000000000000000000e+00 -1.252308030329063016e+00
-1.158999999999999986e+01 1.500000000000000000e+01 -9.988130129736247920e-01
-9.587243552349862696e+00 1.500000000000000000e+01 -6.594372368751155733e-04
3.859999999999999876e+00 1.500000000000000000e+01 -2.496702813815624422e-01
1.158999999999999986e+01 1.500000000000000000e+01 -2.001318874473750231e+00
