-1.158999999999999986e+01 -1.500000000000000000e+01 -4.000000000000000000e+00
-1.031826735399415540e+01 -1.500000000000000000e+01 0.000000000000000000e+00
3.859999999999999876e+00 -1.500000000000000000e+01 -3.179331615014612811e-01
1.158999999999999986e+01 -1.500000000000000000e+01 -1.271732646005845124e+00
-1.158999999999999986e+01 -5.000000000000000000e+00 -3.046200515495616212e+00
-1.031826735399415540e+01 -5.000000000000000000e+00 0.000000000000000000e+00
3.859999999999999876e+00 -5.000000000000000000e+00 -3.179331615014612811e-01
1.158999999999999986e+01 -5.000000000000000000e+00 -7.948329037536532304e-01
-1.158999999999999986e+01 5.000000000000000000e+00 -2.092401030991232425e+00
-1.031826735399415540e+01 5.000000000000000000e+00 0.000000000000000000e+00
3.859999999999999876e+00 5.000000000000000000e+00 -1.589665807507306405e-01
1.158999999999999986e+01 5.000000000000000000e+00 -7.948329037536532304e-01
-1.158999999999999986e+01 1.500000000000000000e+01 -2.092401030991232425e+00
-1.031826735399415540e+01 1.500000000000000000e+01 0.000000000000000000e+00
3.859999999999999876e+00 1.500000000000000000e+01 -1.589665807507306405e-01
1.158999999999999986e+01 1.500000000000000000e+01 -1.271732646005845124e+00
