-1.158999999999999986e+01 -1.500000000000000000e+01 -8.977131514416468450e-02
-1.067208830265091635e+01 -1.500000000000000000e+01 -5.610707196510292261e-02
3.859999999999999432e+00 -1.500000000000000000e+01 0.000000000000000000e+00
1.158999999999999986e+01 -1.500000000000000000e+01 -3.775571712139588421e+00
-1.158999999999999986e+01 -5.000000000000000000e+00 -8.977131514416468450e-02
-1.067208830265091635e+01 -5.000000000000000000e+00 -5.610707196510292261e-02
3.859999999999999432e+00 -5.000000000000000000e+00 0.000000000000000000e+00
1.158999999999999986e+01 -5.000000000000000000e+00 -3.775571712139588421e+00
-1.158999999999999986e+01 5.000000000000000000e+00 -1.683212158953087678e-01
-1.067208830265091635e+01 5.000000000000000000e+00 -1.122141439302058452e-01
3.859999999999999432e+00 5.000000000000000000e+00 0.000000000000000000e+00
1.158999999999999986e+01 5.000000000000000000e+00 -3.775571712139588421e+00
-1.158999999999999986e+01 1.500000000000000000e+01 -2.244282878604117112e-02
-1.067208830265091635e+01 1.500000000000000000e+01 -1.122141439302058452e-01
3.859999999999999432e+00 1.500000000000000000e+01 0.000000000000000000e+00
1.158999999999999986e+01 1.500000000000000000e+01 -3.775571712139588421e+00
