-1.158999999999999986e+01 -1.500000000000000000e+01 -1.133325804159842493e-01
-1.043117436524656050e+01 -1.500000000000000000e+01 -7.083286275999015058e-02
3.860000000000000320e+00 -1.500000000000000000e+01 0.000000000000000000e+00
1.158999999999999986e+01 -1.500000000000000000e+01 -3.433337097920079017e+00
-1.158999999999999986e+01 -5.000000000000000000e+00 -1.133325804159842493e-01
-1.043117436524656050e+01 -5.000000000000000000e+00 -7.083286275999015058e-02
3.860000000000000320e+00 -5.000000000000000000e+00 0.000000000000000000e+00
1.158999999999999986e+01 -5.000000000000000000e+00 -3.433337097920079017e+00
-1.158999999999999986e+01 5.000000000000000000e+00 -2.124985882799704517e-01
-1.043117436524656050e+01 5.000000000000000000e+00 -1.416657255199803012e-01
3.860000000000000320e+00 5.000000000000000000e+00 0.000000000000000000e+00
1.158999999999999986e+01 5.000000000000000000e+00 -3.575002823440058819e+00
-1.158999999999999986e+01 1.500000000000000000e+01 -2.833314510399606231e-02
-1.043117436524656050e+01 1.500000000000000000e+01 -1.416657255199803012e-01
3.860000000000000320e+00 1.500000000000000000e+01 0.000000000000000000e+00
1.158999999999999986e+01 1.500000000000000000e+01 -4.000000000000000000e+00
