-1.158999999999999986e+01 -1.500000000000000000e+01 -2.000000000000000000e+00
-1.086571631410259187e+01 -1.500000000000000000e+01 -1.810709214743518869e-01
3.859999999999999432e+00 -1.500000000000000000e+01 0.000000000000000000e+00
1.158999999999999986e+01 -1.500000000000000000e+01 -1.448567371794815095e+00
-1.158999999999999986e+01 -5.000000000000000000e+00 -1.728393617788472225e+00
-1.086571631410259187e+01 -5.000000000000000000e+00 -1.810709214743518869e-01
3.859999999999999432e+00 -5.000000000000000000e+00 0.000000000000000000e+00
1.158999999999999986e+01 -5.000000000000000000e+00 -9.053546073717594345e-01
-1.158999999999999986e+01 5.000000000000000000e+00 -2.366251774839768451e+00
-1.086571631410259187e+01 5.000000000000000000e+00 -9.053546073717594345e-02
3.859999999999999432e+00 5.000000000000000000e+00 0.000000000000000000e+00
1.158999999999999986e+01 5.000000000000000000e+00 -3.621418429487037738e-01
-1.158999999999999986e+01 1.500000000000000000e+01 -3.275716314102592452e+00
-1.086571631410259187e+01 1.500000000000000000e+01 -9.053546073717594345e-02
3.859999999999999432e+00 1.500000000000000000e+01 0.000000000000000000e+00
1.158999999999999986e+01 1.500000000000000000e+01 -3.621418429487037738e-01
