-1.158999999999999986e+01 -1.500000000000000000e+01 -1.999610871781402066e+00
-1.158900529099120824e+01 -1.500000000000000000e+01 -6.080128415592023217e-05
3.859999999999999876e+00 -1.500000000000000000e+01 0.000000000000000000e+00
1.158999999999999986e+01 -1.500000000000000000e+01 -4.864102732473618573e-04
-1.158999999999999986e+01 -5.000000000000000000e+00 -1.999610871781402066e+00
-1.158900529099120824e+01 -5.000000000000000000e+00 -6.080128415592023217e-05
3.859999999999999876e+00 -5.000000000000000000e+00 0.000000000000000000e+00
1.158999999999999986e+01 -5.000000000000000000e+00 -4.864102732473618573e-04
-1.158999999999999986e+01 5.000000000000000000e+00 -2.999452788442596329e+00
-1.158900529099120824e+01 5.000000000000000000e+00 -1.216025683118404643e-04
3.859999999999999876e+00 5.000000000000000000e+00 0.000000000000000000e+00
1.158999999999999986e+01 5.000000000000000000e+00 -6.080128415592023217e-04
-1.158999999999999986e+01 1.500000000000000000e+01 -3.999051499967167800e+00
-1.158900529099120824e+01 1.500000000000000000e+01 -1.216025683118404643e-04
3.859999999999999876e+00 1.500000000000000000e+01 0.000000000000000000e+00
1.158999999999999986e+01 1.500000000000000000e+01 -9.728205464947237147e-04
