-1.158999999999999986e+01 -1.500000000000000000e+01 -8.780922511630079308e-01
-9.165354674884477859e+00 -1.500000000000000000e+01 -5.079489534874670476e-02
3.859999999999999876e+00 -1.500000000000000000e+01 -1.992051046512532952e-01
1.158999999999999986e+01 -1.500000000000000000e+01 -7.250873302319789104e-01
-1.158999999999999986e+01 -5.000000000000000000e+00 -8.780922511630079308e-01
-9.165354674884477859e+00 -5.000000000000000000e+00 -5.079489534874670476e-02
3.859999999999999876e+00 -5.000000000000000000e+00 -1.992051046512532952e-01
1.158999999999999986e+01 -5.000000000000000000e+00 -7.250873302319789104e-01
-1.158999999999999986e+01 5.000000000000000000e+00 -2.144435732558773289e+00
-9.165354674884477859e+00 5.000000000000000000e+00 -1.015897906974934095e-01
3.859999999999999876e+00 5.000000000000000000e+00 -3.984102093025065905e-01
1.158999999999999986e+01 5.000000000000000000e+00 -1.105564267441226933e+00
-1.158999999999999986e+01 1.500000000000000000e+01 -3.207599632559551495e+00
-9.165354674884477859e+00 1.500000000000000000e+01 -1.015897906974934095e-01
3.859999999999999876e+00 1.500000000000000000e+01 -3.984102093025065905e-01
1.158999999999999986e+01 1.500000000000000000e+01 -8.924003674404485942e-01
