-1.155566393096213318e+01 -1.500000000000000000e+01 -2.068672138075736022e+00
-7.640434522364880188e+00 -1.500000000000000000e+01 0.000000000000000000e+00
3.859999999999999876e+00 -1.500000000000000000e+01 -2.414159827405330250e-01
1.158999999999999986e+01 -1.500000000000000000e+01 -3.862655723848528733e-01
-1.158999999999999986e+01 -5.000000000000000000e+00 -2.068672138075736022e+00
-7.640434522364880188e+00 -5.000000000000000000e+00 0.000000000000000000e+00
3.859999999999999876e+00 -5.000000000000000000e+00 -2.414159827405330250e-01
1.158999999999999986e+01 -5.000000000000000000e+00 -3.862655723848528733e-01
-1.162433606903786831e+01 5.000000000000000000e+00 -2.551504103556801795e+00
-7.640434522364880188e+00 5.000000000000000000e+00 0.000000000000000000e+00
3.859999999999999876e+00 5.000000000000000000e+00 -4.828319654810660499e-01
1.158999999999999986e+01 5.000000000000000000e+00 -7.242479482215991027e-01
-1.162433606903786831e+01 1.500000000000000000e+01 -4.000000000000000000e+00
-7.640434522364880188e+00 1.500000000000000000e+01 0.000000000000000000e+00
3.859999999999999876e+00 1.500000000000000000e+01 -4.828319654810660499e-01
1.158999999999999986e+01 1.500000000000000000e+01 -9.656639309621321832e-02
