-1.136533053965134954e+01 -1.500000000000000000e+01 -2.449338920697303301e+00
-1.003933892069730405e+01 -1.500000000000000000e+01 -3.876652698256741747e-01
3.859999999999999876e+00 -1.500000000000000000e+01 0.000000000000000000e+00
1.158999999999999986e+01 -1.500000000000000000e+01 -3.101322158605393398e+00
-1.158999999999999986e+01 -5.000000000000000000e+00 -1.867841015958791928e+00
-1.003933892069730405e+01 -5.000000000000000000e+00 -3.876652698256741747e-01
3.859999999999999876e+00 -5.000000000000000000e+00 0.000000000000000000e+00
1.158999999999999986e+01 -5.000000000000000000e+00 -1.938326349128370873e+00
-1.181466946034865195e+01 5.000000000000000000e+00 -1.867841015958791928e+00
-1.003933892069730405e+01 5.000000000000000000e+00 -1.938326349128370873e-01
3.859999999999999876e+00 5.000000000000000000e+00 0.000000000000000000e+00
1.158999999999999986e+01 5.000000000000000000e+00 -7.753305396513483494e-01
-1.181466946034865195e+01 1.500000000000000000e+01 -2.449338920697303301e+00
-1.003933892069730405e+01 1.500000000000000000e+01 -1.938326349128370873e-01
3.859999999999999876e+00 1.500000000000000000e+01 0.000000000000000000e+00
1.158999999999999986e+01 1.500000000000000000e+01 -7.753305396513483494e-01
