-1.158999999999999986e+01 -1.500000000000000000e+01 -1.507980647580906275e-01
-9.589999999999999858e+00 -1.500000000000000000e+01 -9.424879047380663177e-02
3.860000000000000320e+00 -1.500000000000000000e+01 0.000000000000000000e+00
1.158999999999999986e+01 -1.500000000000000000e+01 -1.000000000000000000e+00
-1.158999999999999986e+01 -5.000000000000000000e+00 -1.507980647580906275e-01
-9.589999999999999858e+00 -5.000000000000000000e+00 -9.424879047380663177e-02
3.860000000000000320e+00 -5.000000000000000000e+00 0.000000000000000000e+00
1.158999999999999986e+01 -5.000000000000000000e+00 -1.000000000000000000e+00
-1.158999999999999986e+01 5.000000000000000000e+00 -2.827463714214198953e-01
-9.589999999999999858e+00 5.000000000000000000e+00 -1.884975809476132635e-01
3.860000000000000320e+00 5.000000000000000000e+00 0.000000000000000000e+00
1.158999999999999986e+01 5.000000000000000000e+00 -2.500000000000000000e+00
-1.158999999999999986e+01 1.500000000000000000e+01 -3.769951618952265687e-02
-9.589999999999999858e+00 1.500000000000000000e+01 -1.884975809476132635e-01
3.860000000000000320e+00 1.500000000000000000e+01 0.000000000000000000e+00
1.158999999999999986e+01 1.500000000000000000e+01 -4.000000000000000000e+00
