-1.158999999999999986e+01 -1.500000000000000000e+01 -2.866479322834798005e+00
-1.158999999999999986e+01 -1.500000000000000000e+01 0.000000000000000000e+00
3.859999999999999432e+00 -1.500000000000000000e+01 0.000000000000000000e+00
1.158999999999999986e+01 -1.500000000000000000e+01 0.000000000000000000e+00
-1.158999999999999986e+01 -5.000000000000000000e+00 -2.866479322834798005e+00
-1.158999999999999986e+01 -5.000000000000000000e+00 0.000000000000000000e+00
3.859999999999999432e+00 -5.000000000000000000e+00 0.000000000000000000e+00
1.158999999999999986e+01 -5.000000000000000000e+00 0.000000000000000000e+00
-1.158999999999999986e+01 5.000000000000000000e+00 -3.433239661417399002e+00
-1.158999999999999986e+01 5.000000000000000000e+00 0.000000000000000000e+00
3.859999999999999432e+00 5.000000000000000000e+00 0.000000000000000000e+00
1.158999999999999986e+01 5.000000000000000000e+00 0.000000000000000000e+00
-1.158999999999999986e+01 1.500000000000000000e+01 -4.000000000000000000e+00
-1.158999999999999986e+01 1.500000000000000000e+01 0.000000000000000000e+00
3.859999999999999432e+00 1.500000000000000000e+01 0.000000000000000000e+00
1.158999999999999986e+01 1.500000000000000000e+01 0.000000000000000000e+00
