-1.158999999999999986e+01 -1.500000000000000000e+01 -6.229519619427859034e-02
-1.150507088252180132e+01 -1.500000000000000000e+01 0.000000000000000000e+00
3.859999999999999876e+00 -1.500000000000000000e+01 -5.191266349523215862e-03
1.158999999999999986e+01 -1.500000000000000000e+01 -3.925245764566865692e+00
-1.158999999999999986e+01 -5.000000000000000000e+00 -6.229519619427859034e-02
-1.150507088252180132e+01 -5.000000000000000000e+00 0.000000000000000000e+00
3.859999999999999876e+00 -5.000000000000000000e+00 -5.191266349523215862e-03
1.158999999999999986e+01 -5.000000000000000000e+00 -3.925245764566865692e+00
-1.158999999999999986e+01 5.000000000000000000e+00 -6.229519619427859034e-02
-1.150507088252180132e+01 5.000000000000000000e+00 0.000000000000000000e+00
3.859999999999999876e+00 5.000000000000000000e+00 -1.038253269904643172e-02
1.158999999999999986e+01 5.000000000000000000e+00 -3.932513537456198360e+00
-1.158999999999999986e+01 1.500000000000000000e+01 -6.229519619427859034e-02
-1.150507088252180132e+01 1.500000000000000000e+01 0.000000000000000000e+00
3.859999999999999876e+00 1.500000000000000000e+01 -1.038253269904643172e-02
1.158999999999999986e+01 1.500000000000000000e+01 -3.919016244947437944e+00
