-1.158999999999999986e+01 -1.500000000000000000e+01 -3.694344091828620780e+00
-1.095225264983021063e+01 -1.500000000000000000e+01 -1.611311816342758663e-01
3.859999999999999876e+00 -1.500000000000000000e+01 -1.694344091828620669e-01
1.158999999999999986e+01 -1.500000000000000000e+01 -1.560144507766786148e+00
-1.158999999999999986e+01 -5.000000000000000000e+00 -3.452647319377207147e+00
-1.095225264983021063e+01 -5.000000000000000000e+00 -1.611311816342758663e-01
3.859999999999999876e+00 -5.000000000000000000e+00 -1.694344091828620669e-01
1.158999999999999986e+01 -5.000000000000000000e+00 -1.076750962863958661e+00
-1.158999999999999986e+01 5.000000000000000000e+00 -2.774909682645758657e+00
-1.095225264983021063e+01 5.000000000000000000e+00 -8.056559081713793313e-02
3.859999999999999876e+00 5.000000000000000000e+00 -3.388688183657241337e-01
1.158999999999999986e+01 5.000000000000000000e+00 -8.305655908171378776e-01
-1.158999999999999986e+01 1.500000000000000000e+01 -2.338868818365724245e+00
-1.095225264983021063e+01 1.500000000000000000e+01 -8.056559081713793313e-02
3.859999999999999876e+00 1.500000000000000000e+01 -3.388688183657241337e-01
1.158999999999999986e+01 1.500000000000000000e+01 -3.900361269416965371e-01
