-1.122922467227273913e+01 -1.500000000000000000e+01 -1.698791179818139430e+00
-8.975571090404496744e+00 -1.500000000000000000e+01 -1.598061680681847618e-01
3.859999999999999432e+00 -1.500000000000000000e+01 0.000000000000000000e+00
1.158999999999999986e+01 -1.500000000000000000e+01 -1.278449344545478095e+00
-1.158999999999999986e+01 -5.000000000000000000e+00 -1.698791179818139430e+00
-8.975571090404496744e+00 -5.000000000000000000e+00 -1.598061680681847618e-01
3.859999999999999432e+00 -5.000000000000000000e+00 0.000000000000000000e+00
1.158999999999999986e+01 -5.000000000000000000e+00 -1.278449344545478095e+00
-1.195077532772726059e+01 5.000000000000000000e+00 -1.922519815113598041e+00
-8.975571090404496744e+00 5.000000000000000000e+00 -3.196123361363695237e-01
3.859999999999999432e+00 5.000000000000000000e+00 0.000000000000000000e+00
1.158999999999999986e+01 5.000000000000000000e+00 -1.598061680681847729e+00
-1.195077532772726059e+01 1.500000000000000000e+01 -1.507023778136317826e+00
-8.975571090404496744e+00 1.500000000000000000e+01 -3.196123361363695237e-01
3.859999999999999432e+00 1.500000000000000000e+01 0.000000000000000000e+00
1.158999999999999986e+01 1.500000000000000000e+01 -2.556898689090956189e+00
