-1.076263181759340348e+01 -1.500000000000000000e+01 -3.309472729626381948e+00
-1.158999999999999986e+01 -1.500000000000000000e+01 0.000000000000000000e+00
3.859999999999999432e+00 -1.500000000000000000e+01 0.000000000000000000e+00
1.158999999999999986e+01 -1.500000000000000000e+01 -6.905272703736180517e-01
-1.158999999999999986e+01 -5.000000000000000000e+00 -3.309472729626381948e+00
-1.158999999999999986e+01 -5.000000000000000000e+00 0.000000000000000000e+00
3.859999999999999432e+00 -5.000000000000000000e+00 0.000000000000000000e+00
1.158999999999999986e+01 -5.000000000000000000e+00 -6.905272703736180517e-01
-1.241736818240659446e+01 5.000000000000000000e+00 -3.309472729626381948e+00
-1.158999999999999986e+01 5.000000000000000000e+00 0.000000000000000000e+00
3.859999999999999432e+00 5.000000000000000000e+00 0.000000000000000000e+00
1.158999999999999986e+01 5.000000000000000000e+00 -6.905272703736180517e-01
-1.241736818240659446e+01 1.500000000000000000e+01 -3.309472729626381948e+00
-1.158999999999999986e+01 1.500000000000000000e+01 0.000000000000000000e+00
3.859999999999999432e+00 1.500000000000000000e+01 0.000000000000000000e+00
1.158999999999999986e+01 1.500000000000000000e+01 -6.905272703736180517e-01
