-1.158999999999999986e+01 -1.500000000000000000e+01 -1.757415114157447888e+00
-1.002497267984470497e+01 -1.500000000000000000e+01 0.000000000000000000e+00
3.859999999999999876e+00 -1.500000000000000000e+01 -5.410107958267484918e-02
1.158999999999999986e+01 -1.500000000000000000e+01 -8.656172733227976424e-02
-1.158999999999999986e+01 -5.000000000000000000e+00 -1.757415114157447888e+00
-1.002497267984470497e+01 -5.000000000000000000e+00 0.000000000000000000e+00
3.859999999999999876e+00 -5.000000000000000000e+00 -5.410107958267484918e-02
1.158999999999999986e+01 -5.000000000000000000e+00 -8.656172733227976424e-02
-1.158999999999999986e+01 5.000000000000000000e+00 -2.716404318330699397e+00
-1.002497267984470497e+01 5.000000000000000000e+00 0.000000000000000000e+00
3.859999999999999876e+00 5.000000000000000000e+00 -1.082021591653496984e-01
1.158999999999999986e+01 5.000000000000000000e+00 -1.623032387480245475e-01
-1.158999999999999986e+01 1.500000000000000000e+01 -3.675393522503950905e+00
-1.002497267984470497e+01 1.500000000000000000e+01 0.000000000000000000e+00
3.859999999999999876e+00 1.500000000000000000e+01 -1.082021591653496984e-01
1.158999999999999986e+01 1.500000000000000000e+01 -2.164043183306994106e-02
