-1.158999999999999986e+01 -1.500000000000000000e+01 -3.623237801405193359e+00
-1.159999999999999964e+01 -1.500000000000000000e+01 -5.346110967041506346e-02
3.860000000000000320e+00 -1.500000000000000000e+01 -1.965388903295849365e-01
1.158999999999999986e+01 -1.500000000000000000e+01 -1.276762198594806996e+00
-1.158999999999999986e+01 -5.000000000000000000e+00 -3.623237801405193359e+00
-1.159999999999999964e+01 -5.000000000000000000e+00 -5.346110967041506346e-02
3.860000000000000320e+00 -5.000000000000000000e+00 -1.965388903295849365e-01
1.158999999999999986e+01 -5.000000000000000000e+00 -1.276762198594806996e+00
-1.158999999999999986e+01 5.000000000000000000e+00 -2.911927793625434191e+00
-1.159999999999999964e+01 5.000000000000000000e+00 -1.069222193408301269e-01
3.860000000000000320e+00 5.000000000000000000e+00 -3.930777806591698731e-01
1.158999999999999986e+01 5.000000000000000000e+00 -1.338072206374565809e+00
-1.158999999999999986e+01 1.500000000000000000e+01 -1.986773347164015435e+00
-1.159999999999999964e+01 1.500000000000000000e+01 -1.069222193408301269e-01
3.860000000000000320e+00 1.500000000000000000e+01 -3.930777806591698731e-01
1.158999999999999986e+01 1.500000000000000000e+01 -6.132266528359846536e-01
