-1.212628025042098301e+01 -1.500000000000000000e+01 0.000000000000000000e+00
-1.066256050084196438e+01 -1.500000000000000000e+01 0.000000000000000000e+00
3.859999999999999432e+00 -1.500000000000000000e+01 0.000000000000000000e+00
1.158999999999999986e+01 -1.500000000000000000e+01 -4.000000000000000000e+00
-1.212628025042098301e+01 -5.000000000000000000e+00 0.000000000000000000e+00
-1.066256050084196438e+01 -5.000000000000000000e+00 0.000000000000000000e+00
3.859999999999999432e+00 -5.000000000000000000e+00 0.000000000000000000e+00
1.158999999999999986e+01 -5.000000000000000000e+00 -3.304420375631473838e+00
-1.212628025042098301e+01 5.000000000000000000e+00 0.000000000000000000e+00
-1.066256050084196438e+01 5.000000000000000000e+00 0.000000000000000000e+00
3.859999999999999432e+00 5.000000000000000000e+00 0.000000000000000000e+00
1.158999999999999986e+01 5.000000000000000000e+00 -2.608840751262947233e+00
-1.212628025042098301e+01 1.500000000000000000e+01 0.000000000000000000e+00
-1.066256050084196438e+01 1.500000000000000000e+01 0.000000000000000000e+00
3.859999999999999432e+00 1.500000000000000000e+01 0.000000000000000000e+00
1.158999999999999986e+01 1.500000000000000000e+01 -2.608840751262947233e+00
