-1.158999999999999986e+01 -1.500000000000000000e+01 -2.986855589840421987e-01
-8.029367954308380462e+00 -1.500000000000000000e+01 -1.866784743650263534e-01
3.859999999999999876e+00 -1.500000000000000000e+01 0.000000000000000000e+00
1.158999999999999986e+01 -1.500000000000000000e+01 -1.746713897460105525e+00
-1.158999999999999986e+01 -5.000000000000000000e+00 -2.986855589840421987e-01
-8.029367954308380462e+00 -5.000000000000000000e+00 -1.866784743650263534e-01
3.859999999999999876e+00 -5.000000000000000000e+00 0.000000000000000000e+00
1.158999999999999986e+01 -5.000000000000000000e+00 -1.746713897460105525e+00
-1.158999999999999986e+01 5.000000000000000000e+00 -5.600354230950790324e-01
-8.029367954308380462e+00 5.000000000000000000e+00 -3.733569487300527068e-01
3.859999999999999876e+00 5.000000000000000000e+00 0.000000000000000000e+00
1.158999999999999986e+01 5.000000000000000000e+00 -2.500000000000000000e+00
-1.158999999999999986e+01 1.500000000000000000e+01 -7.467138974601054968e-02
-8.029367954308380462e+00 1.500000000000000000e+01 -3.733569487300527068e-01
3.859999999999999876e+00 1.500000000000000000e+01 0.000000000000000000e+00
1.158999999999999986e+01 1.500000000000000000e+01 -4.000000000000000000e+00
