-1.158999999999999986e+01 -1.500000000000000000e+01 -3.205178563890613397e+00
-9.589999999999999858e+00 -1.500000000000000000e+01 -1.987053590273465953e-01
3.859999999999999876e+00 -1.500000000000000000e+01 -3.012946409726534047e-01
1.158999999999999986e+01 -1.500000000000000000e+01 -2.794821436109386603e+00
-1.158999999999999986e+01 -5.000000000000000000e+00 -2.003236602431633706e+00
-9.589999999999999858e+00 -5.000000000000000000e+00 -1.987053590273465953e-01
3.859999999999999876e+00 -5.000000000000000000e+00 -3.012946409726534047e-01
1.158999999999999986e+01 -5.000000000000000000e+00 -1.746763397568366516e+00
-1.158999999999999986e+01 5.000000000000000000e+00 -1.099352679513673436e+00
-9.589999999999999858e+00 5.000000000000000000e+00 -9.935267951367329764e-02
3.859999999999999876e+00 5.000000000000000000e+00 -1.506473204863267024e-01
1.158999999999999986e+01 5.000000000000000000e+00 -1.150647320486326564e+00
-1.158999999999999986e+01 1.500000000000000000e+01 -1.397410718054693302e+00
-9.589999999999999858e+00 1.500000000000000000e+01 -9.935267951367329764e-02
3.859999999999999876e+00 1.500000000000000000e+01 -1.506473204863267024e-01
1.158999999999999986e+01 1.500000000000000000e+01 -1.602589281945306698e+00
