-1.158999999999999986e+01 -1.500000000000000000e+01 -1.149212558698744724e+00
-8.611341095199765761e+00 -1.500000000000000000e+01 -1.329355377033211438e-01
3.859999999999999876e+00 -1.500000000000000000e+01 -1.170644622966788562e-01
1.158999999999999986e+01 -1.500000000000000000e+01 -7.190452904879707230e-01
-1.158999999999999986e+01 -5.000000000000000000e+00 -1.149212558698744724e+00
-8.611341095199765761e+00 -5.000000000000000000e+00 -1.329355377033211438e-01
3.859999999999999876e+00 -5.000000000000000000e+00 -1.170644622966788562e-01
1.158999999999999986e+01 -5.000000000000000000e+00 -7.190452904879707230e-01
-1.158999999999999986e+01 5.000000000000000000e+00 -1.569451236076752076e+00
-8.611341095199765761e+00 5.000000000000000000e+00 -2.658710754066422877e-01
3.859999999999999876e+00 5.000000000000000000e+00 -2.341289245933577123e-01
1.158999999999999986e+01 5.000000000000000000e+00 -1.680548763923247924e+00
-1.158999999999999986e+01 1.500000000000000000e+01 -1.926205611828190056e+00
-8.611341095199765761e+00 1.500000000000000000e+01 -2.658710754066422877e-01
3.859999999999999876e+00 1.500000000000000000e+01 -2.341289245933577123e-01
1.158999999999999986e+01 1.500000000000000000e+01 -2.173794388171809810e+00
