-1.158999999999999986e+01 -1.500000000000000000e+01 -9.749725086254490414e-01
-9.871876766423694605e+00 -1.500000000000000000e+01 -2.149407006935701858e-01
3.859999999999999876e+00 -1.500000000000000000e+01 -3.505929930642981418e-02
1.158999999999999986e+01 -1.500000000000000000e+01 -9.158576816645684904e-01
-1.158999999999999986e+01 -5.000000000000000000e+00 -9.749725086254490414e-01
-9.871876766423694605e+00 -5.000000000000000000e+00 -2.149407006935701858e-01
3.859999999999999876e+00 -5.000000000000000000e+00 -3.505929930642981418e-02
1.158999999999999986e+01 -5.000000000000000000e+00 -9.158576816645684904e-01
-1.158999999999999986e+01 5.000000000000000000e+00 -1.135652292370727956e+00
-9.871876766423694605e+00 5.000000000000000000e+00 -4.298814013871403716e-01
3.859999999999999876e+00 5.000000000000000000e+00 -7.011859861285962836e-02
1.158999999999999986e+01 5.000000000000000000e+00 -2.254584904854991301e+00
-1.158999999999999986e+01 1.500000000000000000e+01 -4.365692733417262383e-01
-9.871876766423694605e+00 1.500000000000000000e+01 -4.298814013871403716e-01
3.859999999999999876e+00 1.500000000000000000e+01 -7.011859861285962836e-02
1.158999999999999986e+01 1.500000000000000000e+01 -3.453074930819695076e+00
