-1.158999999999999986e+01 -1.500000000000000000e+01 -2.751904470568860450e+00
-1.099148404142718682e+01 -1.500000000000000000e+01 0.000000000000000000e+00
3.860000000000000320e+00 -1.500000000000000000e+01 -7.519044705688604502e-02
1.158999999999999986e+01 -1.500000000000000000e+01 -1.203047152910176748e-01
-1.158999999999999986e+01 -5.000000000000000000e+00 -2.751904470568860450e+00
-1.099148404142718682e+01 -5.000000000000000000e+00 0.000000000000000000e+00
3.860000000000000320e+00 -5.000000000000000000e+00 -7.519044705688604502e-02
1.158999999999999986e+01 -5.000000000000000000e+00 -1.203047152910176748e-01
-1.158999999999999986e+01 5.000000000000000000e+00 -3.150380894113772090e+00
-1.099148404142718682e+01 5.000000000000000000e+00 0.000000000000000000e+00
3.860000000000000320e+00 5.000000000000000000e+00 -1.503808941137720900e-01
1.158999999999999986e+01 5.000000000000000000e+00 -2.255713411706581351e-01
-1.158999999999999986e+01 1.500000000000000000e+01 -3.548857317658683730e+00
-1.099148404142718682e+01 1.500000000000000000e+01 0.000000000000000000e+00
3.860000000000000320e+00 1.500000000000000000e+01 -1.503808941137720900e-01
1.158999999999999986e+01 1.500000000000000000e+01 -3.007617882275441870e-02
