-1.158999999999999986e+01 -1.500000000000000000e+01 -3.258390955550896084e-01
-7.887490725724656926e+00 -1.500000000000000000e+01 -2.036494347219309775e-01
3.859999999999999876e+00 -1.500000000000000000e+01 0.000000000000000000e+00
1.158999999999999986e+01 -1.500000000000000000e+01 -1.814597738887723910e+00
-1.158999999999999986e+01 -5.000000000000000000e+00 -3.258390955550896084e-01
-7.887490725724656926e+00 -5.000000000000000000e+00 -2.036494347219309775e-01
3.859999999999999876e+00 -5.000000000000000000e+00 0.000000000000000000e+00
1.158999999999999986e+01 -5.000000000000000000e+00 -1.814597738887723910e+00
-1.158999999999999986e+01 5.000000000000000000e+00 -6.109483041657929325e-01
-7.887490725724656926e+00 5.000000000000000000e+00 -4.072988694438619550e-01
3.859999999999999876e+00 5.000000000000000000e+00 0.000000000000000000e+00
1.158999999999999986e+01 5.000000000000000000e+00 -2.500000000000000000e+00
-1.158999999999999986e+01 1.500000000000000000e+01 -8.145977388877240211e-02
-7.887490725724656926e+00 1.500000000000000000e+01 -4.072988694438619550e-01
3.859999999999999876e+00 1.500000000000000000e+01 0.000000000000000000e+00
1.158999999999999986e+01 1.500000000000000000e+01 -4.000000000000000000e+00
