-1.158999999999999986e+01 -1.500000000000000000e+01 -3.732993128517440695e+00
-1.049794189563633040e+01 -1.500000000000000000e+01 0.000000000000000000e+00
3.859999999999999432e+00 -1.500000000000000000e+01 -6.675171787063988171e-02
1.158999999999999986e+01 -1.500000000000000000e+01 -1.068027485930238135e-01
-1.158999999999999986e+01 -5.000000000000000000e+00 -3.732993128517440695e+00
-1.049794189563633040e+01 -5.000000000000000000e+00 0.000000000000000000e+00
3.859999999999999432e+00 -5.000000000000000000e+00 -6.675171787063988171e-02
1.158999999999999986e+01 -5.000000000000000000e+00 -1.068027485930238135e-01
-1.158999999999999986e+01 5.000000000000000000e+00 -3.732993128517440695e+00
-1.049794189563633040e+01 5.000000000000000000e+00 0.000000000000000000e+00
3.859999999999999432e+00 5.000000000000000000e+00 -1.335034357412797634e-01
1.158999999999999986e+01 5.000000000000000000e+00 -2.002551536119196451e-01
-1.158999999999999986e+01 1.500000000000000000e+01 -3.732993128517440695e+00
-1.049794189563633040e+01 1.500000000000000000e+01 0.000000000000000000e+00
3.859999999999999432e+00 1.500000000000000000e+01 -1.335034357412797634e-01
1.158999999999999986e+01 1.500000000000000000e+01 -2.670068714825595338e-02
