-1.158999999999999986e+01 -1.500000000000000000e+01 -2.684450709877732044e-01
-8.187374504088884564e+00 -1.500000000000000000e+01 -1.677781693673582597e-01
3.859999999999999876e+00 -1.500000000000000000e+01 0.000000000000000000e+00
1.158999999999999986e+01 -1.500000000000000000e+01 -2.342225354938866300e+00
-1.158999999999999986e+01 -5.000000000000000000e+00 -2.684450709877732044e-01
-8.187374504088884564e+00 -5.000000000000000000e+00 -1.677781693673582597e-01
3.859999999999999876e+00 -5.000000000000000000e+00 0.000000000000000000e+00
1.158999999999999986e+01 -5.000000000000000000e+00 -2.342225354938866300e+00
-1.158999999999999986e+01 5.000000000000000000e+00 -5.033345081020748069e-01
-8.187374504088884564e+00 5.000000000000000000e+00 -3.355563387347165194e-01
3.859999999999999876e+00 5.000000000000000000e+00 0.000000000000000000e+00
1.158999999999999986e+01 5.000000000000000000e+00 -2.835556338734716686e+00
-1.158999999999999986e+01 1.500000000000000000e+01 -6.711126774694330110e-02
-8.187374504088884564e+00 1.500000000000000000e+01 -3.355563387347165194e-01
3.859999999999999876e+00 1.500000000000000000e+01 0.000000000000000000e+00
1.158999999999999986e+01 1.500000000000000000e+01 -3.328887322530567072e+00
