-1.072785381113060588e+01 -1.500000000000000000e+01 -4.068926905565302121e+00
-1.159137853811130547e+01 -1.500000000000000000e+01 0.000000000000000000e+00
3.859999999999999876e+00 -1.500000000000000000e+01 -3.446345278265131040e-02
1.158999999999999986e+01 -1.500000000000000000e+01 -5.514152445224210219e-02
-1.158999999999999986e+01 -5.000000000000000000e+00 -4.068926905565302121e+00
-1.159137853811130547e+01 -5.000000000000000000e+00 0.000000000000000000e+00
3.859999999999999876e+00 -5.000000000000000000e+00 -3.446345278265131040e-02
1.158999999999999986e+01 -5.000000000000000000e+00 -5.514152445224210219e-02
-1.245214618886939562e+01 5.000000000000000000e+00 -3.931073094434697435e+00
-1.159137853811130547e+01 5.000000000000000000e+00 0.000000000000000000e+00
3.859999999999999876e+00 5.000000000000000000e+00 -6.892690556530262080e-02
1.158999999999999986e+01 5.000000000000000000e+00 -1.033903583479539312e-01
-1.245214618886939562e+01 1.500000000000000000e+01 -3.793219283304092304e+00
-1.159137853811130547e+01 1.500000000000000000e+01 0.000000000000000000e+00
3.859999999999999876e+00 1.500000000000000000e+01 -6.892690556530262080e-02
1.158999999999999986e+01 1.500000000000000000e+01 -1.378538111306052555e-02
