-1.227568546708813635e+01 -1.500000000000000000e+01 -1.257258131647450983e-01
-1.159314314532911894e+01 -1.500000000000000000e+01 -7.857863322796568295e-02
3.859999999999999876e+00 -1.500000000000000000e+01 0.000000000000000000e+00
1.158999999999999986e+01 -1.500000000000000000e+01 -4.157157266455930866e+00
-1.227568546708813635e+01 -5.000000000000000000e+00 -1.257258131647450983e-01
-1.159314314532911894e+01 -5.000000000000000000e+00 -7.857863322796568295e-02
3.859999999999999876e+00 -5.000000000000000000e+00 0.000000000000000000e+00
1.158999999999999986e+01 -5.000000000000000000e+00 -4.157157266455930866e+00
-1.227568546708813635e+01 5.000000000000000000e+00 -2.357358996838970489e-01
-1.159314314532911894e+01 5.000000000000000000e+00 -1.571572664559313659e-01
3.859999999999999876e+00 5.000000000000000000e+00 0.000000000000000000e+00
1.158999999999999986e+01 5.000000000000000000e+00 -3.842842733544068690e+00
-1.227568546708813635e+01 1.500000000000000000e+01 -3.143145329118627457e-02
-1.159314314532911894e+01 1.500000000000000000e+01 -1.571572664559313659e-01
3.859999999999999876e+00 1.500000000000000000e+01 0.000000000000000000e+00
1.158999999999999986e+01 1.500000000000000000e+01 -3.528528200632205625e+00
