-1.120354168059935773e+01 -1.500000000000000000e+01 -1.791249949842306455e+00
-1.036905205560727516e+01 -1.500000000000000000e+01 -1.533854201498398295e-01
3.859999999999999876e+00 -1.500000000000000000e+01 0.000000000000000000e+00
1.158999999999999986e+01 -1.500000000000000000e+01 -2.760937562697117098e+00
-1.158999999999999986e+01 -5.000000000000000000e+00 -1.791249949842306455e+00
-1.036905205560727516e+01 -5.000000000000000000e+00 -1.533854201498398295e-01
3.859999999999999876e+00 -5.000000000000000000e+00 0.000000000000000000e+00
1.158999999999999986e+01 -5.000000000000000000e+00 -2.760937562697117098e+00
-1.197645831940064021e+01 5.000000000000000000e+00 -2.005989538052082466e+00
-1.036905205560727516e+01 5.000000000000000000e+00 -3.067708402996796591e-01
3.859999999999999876e+00 5.000000000000000000e+00 0.000000000000000000e+00
1.158999999999999986e+01 5.000000000000000000e+00 -2.147395882097757447e+00
-1.197645831940064021e+01 1.500000000000000000e+01 -1.607187445662498604e+00
-1.036905205560727516e+01 1.500000000000000000e+01 -3.067708402996796591e-01
3.859999999999999876e+00 1.500000000000000000e+01 0.000000000000000000e+00
1.158999999999999986e+01 1.500000000000000000e+01 -1.533854201498398240e+00
