-1.257692827559770343e+01 -1.500000000000000000e+01 -1.307172440229475985e-02
-1.156385655119541056e+01 -1.500000000000000000e+01 0.000000000000000000e+00
3.859999999999999876e+00 -1.500000000000000000e+01 0.000000000000000000e+00
1.158999999999999986e+01 -1.500000000000000000e+01 -3.947713102390820961e+00
-1.257692827559770343e+01 -5.000000000000000000e+00 -1.307172440229475985e-02
-1.156385655119541056e+01 -5.000000000000000000e+00 0.000000000000000000e+00
3.859999999999999876e+00 -5.000000000000000000e+00 0.000000000000000000e+00
1.158999999999999986e+01 -5.000000000000000000e+00 -3.947713102390820961e+00
-1.257692827559770343e+01 5.000000000000000000e+00 -3.267931100573689962e-02
-1.156385655119541056e+01 5.000000000000000000e+00 0.000000000000000000e+00
3.859999999999999876e+00 5.000000000000000000e+00 0.000000000000000000e+00
1.158999999999999986e+01 5.000000000000000000e+00 -3.947713102390820961e+00
-1.257692827559770343e+01 1.500000000000000000e+01 -5.228689760917903939e-02
-1.156385655119541056e+01 1.500000000000000000e+01 0.000000000000000000e+00
3.859999999999999876e+00 1.500000000000000000e+01 0.000000000000000000e+00
1.158999999999999986e+01 1.500000000000000000e+01 -3.947713102390820961e+00
