-1.158999999999999986e+01 -1.500000000000000000e+01 -4.019392146741119554e+00
-9.590387842934822160e+00 -1.500000000000000000e+01 0.000000000000000000e+00
3.859999999999999876e+00 -1.500000000000000000e+01 -9.696073370559776805e-03
1.158999999999999986e+01 -1.500000000000000000e+01 -1.551371739289564289e-02
-1.158999999999999986e+01 -5.000000000000000000e+00 -2.577568586964478214e+00
-9.590387842934822160e+00 -5.000000000000000000e+00 0.000000000000000000e+00
3.859999999999999876e+00 -5.000000000000000000e+00 -9.696073370559776805e-03
1.158999999999999986e+01 -5.000000000000000000e+00 -1.551371739289564289e-02
-1.158999999999999986e+01 5.000000000000000000e+00 -1.096960733705597768e+00
-9.590387842934822160e+00 5.000000000000000000e+00 0.000000000000000000e+00
3.859999999999999876e+00 5.000000000000000000e+00 -1.939214674111955361e-02
1.158999999999999986e+01 5.000000000000000000e+00 -2.908822011167933042e-02
-1.158999999999999986e+01 1.500000000000000000e+01 -1.058176440223358661e+00
-9.590387842934822160e+00 1.500000000000000000e+01 0.000000000000000000e+00
3.859999999999999876e+00 1.500000000000000000e+01 -1.939214674111955361e-02
1.158999999999999986e+01 1.500000000000000000e+01 -3.878429348223910722e-03
