-1.139011624458482963e+01 -1.500000000000000000e+01 -1.119581519494612820e+00
-1.159800116244584878e+01 -1.500000000000000000e+01 -2.000290611462074430e-01
3.859999999999999432e+00 -1.500000000000000000e+01 0.000000000000000000e+00
1.158999999999999986e+01 -1.500000000000000000e+01 -3.600523100631733975e+00
-1.158999999999999986e+01 -5.000000000000000000e+00 -1.119581519494612820e+00
-1.159800116244584878e+01 -5.000000000000000000e+00 -2.000290611462074430e-01
3.859999999999999432e+00 -5.000000000000000000e+00 0.000000000000000000e+00
1.158999999999999986e+01 -5.000000000000000000e+00 -3.600523100631733975e+00
-1.178988375541517009e+01 5.000000000000000000e+00 -1.399622205099303240e+00
-1.159800116244584878e+01 5.000000000000000000e+00 -4.000581222924148861e-01
3.859999999999999432e+00 5.000000000000000000e+00 0.000000000000000000e+00
1.158999999999999986e+01 5.000000000000000000e+00 -2.800406856046904203e+00
-1.178988375541517009e+01 1.500000000000000000e+01 -8.795466461191638885e-01
-1.159800116244584878e+01 1.500000000000000000e+01 -4.000581222924148861e-01
3.859999999999999432e+00 1.500000000000000000e+01 0.000000000000000000e+00
1.158999999999999986e+01 1.500000000000000000e+01 -2.000290611462074430e+00
