-1.158999999999999986e+01 -1.500000000000000000e+01 -3.174611576924395995e-01
-9.597936528942311085e+00 -1.500000000000000000e+01 -1.984132235577747427e-01
3.859999999999999876e+00 -1.500000000000000000e+01 0.000000000000000000e+00
1.158999999999999986e+01 -1.500000000000000000e+01 -4.396826447115548930e+00
-1.158999999999999986e+01 -5.000000000000000000e+00 -3.174611576924395995e-01
-9.597936528942311085e+00 -5.000000000000000000e+00 -1.984132235577747427e-01
3.859999999999999876e+00 -5.000000000000000000e+00 0.000000000000000000e+00
1.158999999999999986e+01 -5.000000000000000000e+00 -4.087305788462197498e+00
-1.158999999999999986e+01 5.000000000000000000e+00 -5.952396706733242837e-01
-9.597936528942311085e+00 5.000000000000000000e+00 -3.968264471155494855e-01
3.859999999999999876e+00 5.000000000000000000e+00 0.000000000000000000e+00
1.158999999999999986e+01 5.000000000000000000e+00 -2.984132235577747316e+00
-1.158999999999999986e+01 1.500000000000000000e+01 -7.936528942310989987e-02
-9.597936528942311085e+00 1.500000000000000000e+01 -3.968264471155494855e-01
3.859999999999999876e+00 1.500000000000000000e+01 0.000000000000000000e+00
1.158999999999999986e+01 1.500000000000000000e+01 -2.190479341346648567e+00
