-1.158999999999999986e+01 -1.500000000000000000e+01 -1.635971126828787536e+00
-1.086194225365757582e+01 -1.500000000000000000e+01 0.000000000000000000e+00
3.859999999999999876e+00 -1.500000000000000000e+01 0.000000000000000000e+00
1.158999999999999986e+01 -1.500000000000000000e+01 -2.543884507315150589e+00
-1.158999999999999986e+01 -5.000000000000000000e+00 -1.635971126828787536e+00
-1.086194225365757582e+01 -5.000000000000000000e+00 0.000000000000000000e+00
3.859999999999999876e+00 -5.000000000000000000e+00 0.000000000000000000e+00
1.158999999999999986e+01 -5.000000000000000000e+00 -2.543884507315150589e+00
-1.158999999999999986e+01 5.000000000000000000e+00 -2.182014436585606454e+00
-1.086194225365757582e+01 5.000000000000000000e+00 0.000000000000000000e+00
3.859999999999999876e+00 5.000000000000000000e+00 0.000000000000000000e+00
1.158999999999999986e+01 5.000000000000000000e+00 -2.543884507315150589e+00
-1.158999999999999986e+01 1.500000000000000000e+01 -2.728057746342424927e+00
-1.086194225365757582e+01 1.500000000000000000e+01 0.000000000000000000e+00
3.859999999999999876e+00 1.500000000000000000e+01 0.000000000000000000e+00
1.158999999999999986e+01 1.500000000000000000e+01 -2.543884507315150589e+00
