-1.158999999999999986e+01 -1.500000000000000000e+01 -1.654016638696714558e+00
-1.159651662044806386e+01 -1.500000000000000000e+01 -1.629155112016170415e-01
3.859999999999999432e+00 -1.500000000000000000e+01 0.000000000000000000e+00
1.158999999999999986e+01 -1.500000000000000000e+01 -2.932479201629106580e+00
-1.158999999999999986e+01 -5.000000000000000000e+00 -1.654016638696714558e+00
-1.159651662044806386e+01 -5.000000000000000000e+00 -1.629155112016170415e-01
3.859999999999999432e+00 -5.000000000000000000e+00 0.000000000000000000e+00
1.158999999999999986e+01 -5.000000000000000000e+00 -2.932479201629106580e+00
-1.158999999999999986e+01 5.000000000000000000e+00 -1.882098354378978433e+00
-1.159651662044806386e+01 5.000000000000000000e+00 -3.258310224032340829e-01
3.859999999999999432e+00 5.000000000000000000e+00 0.000000000000000000e+00
1.158999999999999986e+01 5.000000000000000000e+00 -2.280817156822638747e+00
-1.158999999999999986e+01 1.500000000000000000e+01 -1.458518025254774253e+00
-1.159651662044806386e+01 1.500000000000000000e+01 -3.258310224032340829e-01
3.859999999999999432e+00 1.500000000000000000e+01 0.000000000000000000e+00
1.158999999999999986e+01 1.500000000000000000e+01 -1.629155112016170470e+00
