-1.158999999999999986e+01 -1.500000000000000000e+01 -2.387024941185260207e+00
-8.466614515823243536e+00 -1.500000000000000000e+01 -5.893990950141730911e-02
3.860000000000000320e+00 -1.500000000000000000e+01 -1.910600904985826909e-01
1.158999999999999986e+01 -1.500000000000000000e+01 -1.366614515823243892e+00
-1.158999999999999986e+01 -5.000000000000000000e+00 -2.387024941185260207e+00
-8.466614515823243536e+00 -5.000000000000000000e+00 -5.893990950141730911e-02
3.860000000000000320e+00 -5.000000000000000000e+00 -1.910600904985826909e-01
1.158999999999999986e+01 -5.000000000000000000e+00 -1.366614515823243892e+00
-1.158999999999999986e+01 5.000000000000000000e+00 -2.469540814487244607e+00
-8.466614515823243536e+00 5.000000000000000000e+00 -1.178798190028346182e-01
3.860000000000000320e+00 5.000000000000000000e+00 -3.821201809971653818e-01
1.158999999999999986e+01 5.000000000000000000e+00 -1.398339004515590567e+00
-1.158999999999999986e+01 1.500000000000000000e+01 -2.316297049783559547e+00
-8.466614515823243536e+00 1.500000000000000000e+01 -1.178798190028346182e-01
3.860000000000000320e+00 1.500000000000000000e+01 -3.821201809971653818e-01
1.158999999999999986e+01 1.500000000000000000e+01 -6.658231312136061453e-01
