-1.158999999999999986e+01 -1.500000000000000000e+01 -5.735467798330792233e-01
-1.044290644033384119e+01 -1.500000000000000000e+01 0.000000000000000000e+00
3.860000000000000320e+00 -1.500000000000000000e+01 0.000000000000000000e+00
1.158999999999999986e+01 -1.500000000000000000e+01 -8.529064403338415534e-01
-1.158999999999999986e+01 -5.000000000000000000e+00 -5.735467798330792233e-01
-1.044290644033384119e+01 -5.000000000000000000e+00 0.000000000000000000e+00
3.860000000000000320e+00 -5.000000000000000000e+00 0.000000000000000000e+00
1.158999999999999986e+01 -5.000000000000000000e+00 -8.529064403338415534e-01
-1.158999999999999986e+01 5.000000000000000000e+00 -1.433866949582698114e+00
-1.044290644033384119e+01 5.000000000000000000e+00 0.000000000000000000e+00
3.860000000000000320e+00 5.000000000000000000e+00 0.000000000000000000e+00
1.158999999999999986e+01 5.000000000000000000e+00 -1.279359660500762441e+00
-1.158999999999999986e+01 1.500000000000000000e+01 -2.294187119332316893e+00
-1.044290644033384119e+01 1.500000000000000000e+01 0.000000000000000000e+00
3.860000000000000320e+00 1.500000000000000000e+01 0.000000000000000000e+00
1.158999999999999986e+01 1.500000000000000000e+01 -1.705812880667683107e+00
