-1.158999999999999986e+01 -1.500000000000000000e+01 -1.115567131992994288e+00
-1.159247903807109559e+01 -1.500000000000000000e+01 0.000000000000000000e+00
3.859999999999999876e+00 -1.500000000000000000e+01 -6.197595177738857153e-02
1.158999999999999986e+01 -1.500000000000000000e+01 -1.603353908624713053e+00
-1.158999999999999986e+01 -5.000000000000000000e+00 -1.115567131992994288e+00
-1.159247903807109559e+01 -5.000000000000000000e+00 0.000000000000000000e+00
3.859999999999999876e+00 -5.000000000000000000e+00 -6.197595177738857153e-02
1.158999999999999986e+01 -5.000000000000000000e+00 -1.603353908624713053e+00
-1.158999999999999986e+01 5.000000000000000000e+00 -8.676633248834400014e-01
-1.159247903807109559e+01 5.000000000000000000e+00 0.000000000000000000e+00
3.859999999999999876e+00 5.000000000000000000e+00 -1.239519035547771431e-01
1.158999999999999986e+01 5.000000000000000000e+00 -2.442216434003502634e+00
-1.158999999999999986e+01 1.500000000000000000e+01 -6.197595177738857153e-01
-1.159247903807109559e+01 1.500000000000000000e+01 0.000000000000000000e+00
3.859999999999999876e+00 1.500000000000000000e+01 -1.239519035547771431e-01
1.158999999999999986e+01 1.500000000000000000e+01 -3.033175152272738373e+00
