-1.158999999999999986e+01 -1.500000000000000000e+01 -4.111907709618212614e+00
-1.159223815419236381e+01 -1.500000000000000000e+01 0.000000000000000000e+00
3.859999999999999876e+00 -1.500000000000000000e+01 -5.595385480910639031e-02
1.158999999999999986e+01 -1.500000000000000000e+01 -8.952616769457022450e-02
-1.158999999999999986e+01 -5.000000000000000000e+00 -4.111907709618212614e+00
-1.159223815419236381e+01 -5.000000000000000000e+00 0.000000000000000000e+00
3.859999999999999876e+00 -5.000000000000000000e+00 -5.595385480910639031e-02
1.158999999999999986e+01 -5.000000000000000000e+00 -8.952616769457022450e-02
-1.158999999999999986e+01 5.000000000000000000e+00 -3.888092290381787386e+00
-1.159223815419236381e+01 5.000000000000000000e+00 0.000000000000000000e+00
3.859999999999999876e+00 5.000000000000000000e+00 -1.119077096182127806e-01
1.158999999999999986e+01 5.000000000000000000e+00 -1.678615644273191709e-01
-1.158999999999999986e+01 1.500000000000000000e+01 -3.664276871145361714e+00
-1.159223815419236381e+01 1.500000000000000000e+01 0.000000000000000000e+00
3.859999999999999876e+00 1.500000000000000000e+01 -1.119077096182127806e-01
1.158999999999999986e+01 1.500000000000000000e+01 -2.238154192364255612e-02
