-1.158999999999999986e+01 -1.500000000000000000e+01 -4.392686999188629926e+00
-9.647456193692137916e+00 -1.500000000000000000e+01 0.000000000000000000e+00
3.859999999999999876e+00 -1.500000000000000000e+01 -2.440381666215905576e-01
1.158999999999999986e+01 -1.500000000000000000e+01 -4.858504006490960148e-01
-1.158999999999999986e+01 -5.000000000000000000e+00 -4.392686999188629926e+00
-9.647456193692137916e+00 -5.000000000000000000e+00 0.000000000000000000e+00
3.859999999999999876e+00 -5.000000000000000000e+00 -2.440381666215905576e-01
1.158999999999999986e+01 -5.000000000000000000e+00 -4.858504006490960148e-01
-1.158999999999999986e+01 5.000000000000000000e+00 -3.416534332702267918e+00
-9.647456193692137916e+00 5.000000000000000000e+00 0.000000000000000000e+00
3.859999999999999876e+00 5.000000000000000000e+00 -4.880763332431811152e-01
1.158999999999999986e+01 5.000000000000000000e+00 -8.275038339193228065e-01
-1.158999999999999986e+01 1.500000000000000000e+01 -2.440381666215905465e+00
-9.647456193692137916e+00 1.500000000000000000e+01 0.000000000000000000e+00
3.859999999999999876e+00 1.500000000000000000e+01 -4.880763332431811152e-01
1.158999999999999986e+01 1.500000000000000000e+01 -1.930046007031873123e-01
