-1.065473245360404775e+01 -1.500000000000000000e+01 -3.805802639187854552e+00
-1.146053509279190408e+01 -1.500000000000000000e+01 0.000000000000000000e+00
3.859999999999999876e+00 -1.500000000000000000e+01 -1.618311340101213913e-02
1.158999999999999986e+01 -1.500000000000000000e+01 -2.589298144161942400e-02
-1.158999999999999986e+01 -5.000000000000000000e+00 -3.805802639187854552e+00
-1.146053509279190408e+01 -5.000000000000000000e+00 0.000000000000000000e+00
3.859999999999999876e+00 -5.000000000000000000e+00 -1.618311340101213913e-02
1.158999999999999986e+01 -5.000000000000000000e+00 -2.589298144161942400e-02
-1.252526754639595197e+01 5.000000000000000000e+00 -3.902901319593927276e+00
-1.146053509279190408e+01 5.000000000000000000e+00 0.000000000000000000e+00
3.859999999999999876e+00 5.000000000000000000e+00 -3.236622680202427826e-02
1.158999999999999986e+01 5.000000000000000000e+00 -4.854934020303641740e-02
-1.252526754639595197e+01 1.500000000000000000e+01 -4.000000000000000000e+00
-1.146053509279190408e+01 1.500000000000000000e+01 0.000000000000000000e+00
3.859999999999999876e+00 1.500000000000000000e+01 -3.236622680202427826e-02
1.158999999999999986e+01 1.500000000000000000e+01 -6.473245360404856000e-03
