-1.158999999999999986e+01 -1.500000000000000000e+01 -2.409855807662338201e+00
-8.304563248887012250e+00 -1.500000000000000000e+01 0.000000000000000000e+00
3.859999999999999876e+00 -1.500000000000000000e+01 -2.008213173051948686e-01
1.158999999999999986e+01 -1.500000000000000000e+01 -1.108173030805193804e+00
-1.158999999999999986e+01 -5.000000000000000000e+00 -2.409855807662338201e+00
-8.304563248887012250e+00 -5.000000000000000000e+00 0.000000000000000000e+00
3.859999999999999876e+00 -5.000000000000000000e+00 -2.008213173051948686e-01
1.158999999999999986e+01 -5.000000000000000000e+00 -1.108173030805193804e+00
-1.158999999999999986e+01 5.000000000000000000e+00 -2.409855807662338201e+00
-8.304563248887012250e+00 5.000000000000000000e+00 0.000000000000000000e+00
3.859999999999999876e+00 5.000000000000000000e+00 -4.016426346103897371e-01
1.158999999999999986e+01 5.000000000000000000e+00 -1.389322875032466653e+00
-1.158999999999999986e+01 1.500000000000000000e+01 -2.409855807662338201e+00
-8.304563248887012250e+00 1.500000000000000000e+01 0.000000000000000000e+00
3.859999999999999876e+00 1.500000000000000000e+01 -4.016426346103897371e-01
1.158999999999999986e+01 1.500000000000000000e+01 -8.671874500389600282e-01
