-1.158999999999999986e+01 -1.500000000000000000e+01 -1.660838036490446479e+00
-9.589999999999999858e+00 -1.500000000000000000e+01 -1.624418030214967723e-01
3.860000000000000320e+00 -1.500000000000000000e+01 0.000000000000000000e+00
1.158999999999999986e+01 -1.500000000000000000e+01 -6.497672120859870892e-01
-1.158999999999999986e+01 -5.000000000000000000e+00 -1.135488854619427057e+00
-9.589999999999999858e+00 -5.000000000000000000e+00 -1.624418030214967723e-01
3.860000000000000320e+00 -5.000000000000000000e+00 0.000000000000000000e+00
1.158999999999999986e+01 -5.000000000000000000e+00 -6.497672120859870892e-01
-1.158999999999999986e+01 5.000000000000000000e+00 -8.375581969785031999e-01
-9.589999999999999858e+00 5.000000000000000000e+00 -3.248836060429935446e-01
3.860000000000000320e+00 5.000000000000000000e+00 0.000000000000000000e+00
1.158999999999999986e+01 5.000000000000000000e+00 -1.624418030214967779e+00
-1.158999999999999986e+01 1.500000000000000000e+01 -4.152095091226116197e-01
-9.589999999999999858e+00 1.500000000000000000e+01 -3.248836060429935446e-01
3.860000000000000320e+00 1.500000000000000000e+01 0.000000000000000000e+00
1.158999999999999986e+01 1.500000000000000000e+01 -2.599068848343948357e+00
