-1.208551631273869731e+01 -1.500000000000000000e+01 0.000000000000000000e+00
-1.058103262547739476e+01 -1.500000000000000000e+01 0.000000000000000000e+00
3.859999999999999876e+00 -1.500000000000000000e+01 0.000000000000000000e+00
1.158999999999999986e+01 -1.500000000000000000e+01 -4.000000000000000000e+00
-1.208551631273869731e+01 -5.000000000000000000e+00 0.000000000000000000e+00
-1.058103262547739476e+01 -5.000000000000000000e+00 0.000000000000000000e+00
3.859999999999999876e+00 -5.000000000000000000e+00 0.000000000000000000e+00
1.158999999999999986e+01 -5.000000000000000000e+00 -3.243274469108047064e+00
-1.208551631273869731e+01 5.000000000000000000e+00 0.000000000000000000e+00
-1.058103262547739476e+01 5.000000000000000000e+00 0.000000000000000000e+00
3.859999999999999876e+00 5.000000000000000000e+00 0.000000000000000000e+00
1.158999999999999986e+01 5.000000000000000000e+00 -2.486548938216094129e+00
-1.208551631273869731e+01 1.500000000000000000e+01 0.000000000000000000e+00
-1.058103262547739476e+01 1.500000000000000000e+01 0.000000000000000000e+00
3.859999999999999876e+00 1.500000000000000000e+01 0.000000000000000000e+00
1.158999999999999986e+01 1.500000000000000000e+01 -2.486548938216094129e+00
