-1.158999999999999986e+01 -1.500000000000000000e+01 -1.847665737269370112e+00
-1.159999999999999964e+01 -1.500000000000000000e+01 -1.617276989469896287e-01
3.860000000000000320e+00 -1.500000000000000000e+01 -8.827230105301037133e-02
1.158999999999999986e+01 -1.500000000000000000e+01 -3.052334262730629799e+00
-1.158999999999999986e+01 -5.000000000000000000e+00 -1.847665737269370112e+00
-1.159999999999999964e+01 -5.000000000000000000e+00 -1.617276989469896287e-01
3.860000000000000320e+00 -5.000000000000000000e+00 -8.827230105301037133e-02
1.158999999999999986e+01 -5.000000000000000000e+00 -3.052334262730629799e+00
-1.158999999999999986e+01 5.000000000000000000e+00 -1.720995311583114029e+00
-1.159999999999999964e+01 5.000000000000000000e+00 -3.234553978939792573e-01
3.860000000000000320e+00 5.000000000000000000e+00 -1.765446021060207427e-01
1.158999999999999986e+01 5.000000000000000000e+00 -2.529004688416886193e+00
-1.158999999999999986e+01 1.500000000000000000e+01 -9.474140901088995426e-01
-1.159999999999999964e+01 1.500000000000000000e+01 -3.234553978939792573e-01
3.860000000000000320e+00 1.500000000000000000e+01 -1.765446021060207427e-01
1.158999999999999986e+01 1.500000000000000000e+01 -1.652585909891100435e+00
