-1.158999999999999986e+01 -1.500000000000000000e+01 -1.884991430702096071e+00
-1.129600934473223361e+01 -1.500000000000000000e+01 -1.797008895279750273e-02
3.859999999999999876e+00 -1.500000000000000000e+01 0.000000000000000000e+00
1.158999999999999986e+01 -1.500000000000000000e+01 -3.784358932566429967e+00
-1.158999999999999986e+01 -5.000000000000000000e+00 -1.884991430702096071e+00
-1.129600934473223361e+01 -5.000000000000000000e+00 -1.797008895279750273e-02
3.859999999999999876e+00 -5.000000000000000000e+00 0.000000000000000000e+00
1.158999999999999986e+01 -5.000000000000000000e+00 -3.784358932566429967e+00
-1.158999999999999986e+01 5.000000000000000000e+00 -1.910149555236012375e+00
-1.129600934473223361e+01 5.000000000000000000e+00 -3.594017790559500547e-02
3.859999999999999876e+00 5.000000000000000000e+00 0.000000000000000000e+00
1.158999999999999986e+01 5.000000000000000000e+00 -3.892179466283215206e+00
-1.158999999999999986e+01 1.500000000000000000e+01 -1.863427323958738890e+00
-1.129600934473223361e+01 1.500000000000000000e+01 -3.594017790559500547e-02
3.859999999999999876e+00 1.500000000000000000e+01 0.000000000000000000e+00
1.158999999999999986e+01 1.500000000000000000e+01 -4.000000000000000000e+00
