-1.158999999999999986e+01 -1.500000000000000000e+01 -1.489275414777296636e+00
-1.159697423495895130e+01 -1.500000000000000000e+01 -1.743558739737988417e-01
3.860000000000000320e+00 -1.500000000000000000e+01 0.000000000000000000e+00
1.158999999999999986e+01 -1.500000000000000000e+01 -3.138405731528379317e+00
-1.158999999999999986e+01 -5.000000000000000000e+00 -1.489275414777296636e+00
-1.159697423495895130e+01 -5.000000000000000000e+00 -1.743558739737988417e-01
3.860000000000000320e+00 -5.000000000000000000e+00 0.000000000000000000e+00
1.158999999999999986e+01 -5.000000000000000000e+00 -3.138405731528379317e+00
-1.158999999999999986e+01 5.000000000000000000e+00 -1.733373638340615086e+00
-1.159697423495895130e+01 5.000000000000000000e+00 -3.487117479475976833e-01
3.860000000000000320e+00 5.000000000000000000e+00 0.000000000000000000e+00
1.158999999999999986e+01 5.000000000000000000e+00 -2.440982235633183617e+00
-1.158999999999999986e+01 1.500000000000000000e+01 -1.280048366008738059e+00
-1.159697423495895130e+01 1.500000000000000000e+01 -3.487117479475976833e-01
3.860000000000000320e+00 1.500000000000000000e+01 0.000000000000000000e+00
1.158999999999999986e+01 1.500000000000000000e+01 -1.743558739737988361e+00
