-1.158999999999999986e+01 -1.500000000000000000e+01 -3.582048845841016682e+00
-9.347356135502145946e+00 -1.500000000000000000e+01 -2.902438570548496188e-02
3.859999999999999876e+00 -1.500000000000000000e+01 -4.419512285890300762e-01
1.158999999999999986e+01 -1.500000000000000000e+01 -1.883902457178060263e+00
-1.158999999999999986e+01 -5.000000000000000000e+00 -2.256195160073926509e+00
-9.347356135502145946e+00 -5.000000000000000000e+00 -2.902438570548496188e-02
3.859999999999999876e+00 -5.000000000000000000e+00 -4.419512285890300762e-01
1.158999999999999986e+01 -5.000000000000000000e+00 -1.220975614294514955e+00
-1.158999999999999986e+01 5.000000000000000000e+00 -9.709756142945150659e-01
-9.347356135502145946e+00 5.000000000000000000e+00 -5.804877141096992377e-02
3.859999999999999876e+00 5.000000000000000000e+00 -2.209756142945150381e-01
1.158999999999999986e+01 5.000000000000000000e+00 -1.395121928527424782e+00
-1.158999999999999986e+01 1.500000000000000000e+01 -8.955122114602541705e-01
-9.347356135502145946e+00 1.500000000000000000e+01 -5.804877141096992377e-02
3.859999999999999876e+00 1.500000000000000000e+01 -2.209756142945150381e-01
1.158999999999999986e+01 1.500000000000000000e+01 -2.232195085643879473e+00
