-1.158999999999999986e+01 -1.500000000000000000e+01 -7.468894614934287191e-01
-7.500000000000000000e+00 -1.500000000000000000e+01 -2.166452440871703133e-01
3.859999999999999876e+00 -1.500000000000000000e+01 -3.335475591282968666e-02
1.158999999999999986e+01 -1.500000000000000000e+01 -2.653110538506571192e+00
-1.158999999999999986e+01 -5.000000000000000000e+00 -7.468894614934287191e-01
-7.500000000000000000e+00 -5.000000000000000000e+00 -2.166452440871703133e-01
3.859999999999999876e+00 -5.000000000000000000e+00 -3.335475591282968666e-02
1.158999999999999986e+01 -5.000000000000000000e+00 -2.653110538506571192e+00
-1.158999999999999986e+01 5.000000000000000000e+00 -1.050192803215467041e+00
-7.500000000000000000e+00 5.000000000000000000e+00 -4.332904881743406267e-01
3.859999999999999876e+00 5.000000000000000000e+00 -6.670951182565937332e-02
1.158999999999999986e+01 5.000000000000000000e+00 -2.699807196784532515e+00
-1.158999999999999986e+01 1.500000000000000000e+01 -4.869151685888243875e-01
-7.500000000000000000e+00 1.500000000000000000e+01 -4.332904881743406267e-01
3.859999999999999876e+00 1.500000000000000000e+01 -6.670951182565937332e-02
1.158999999999999986e+01 1.500000000000000000e+01 -2.613084831411175646e+00
