-1.093411184266456182e+01 -1.500000000000000000e+01 -1.376447370658247404e+00
-1.090177631467087593e+01 -1.500000000000000000e+01 0.000000000000000000e+00
3.859999999999999876e+00 -1.500000000000000000e+01 0.000000000000000000e+00
1.158999999999999986e+01 -1.500000000000000000e+01 -2.623552629341752596e+00
-1.158999999999999986e+01 -5.000000000000000000e+00 -8.602796066614046833e-01
-1.090177631467087593e+01 -5.000000000000000000e+00 0.000000000000000000e+00
3.859999999999999876e+00 -5.000000000000000000e+00 0.000000000000000000e+00
1.158999999999999986e+01 -5.000000000000000000e+00 -2.623552629341752596e+00
-1.224588815733543790e+01 5.000000000000000000e+00 -3.441118426645618511e-01
-1.090177631467087593e+01 5.000000000000000000e+00 0.000000000000000000e+00
3.859999999999999876e+00 5.000000000000000000e+00 0.000000000000000000e+00
1.158999999999999986e+01 5.000000000000000000e+00 -2.623552629341752596e+00
-1.224588815733543790e+01 1.500000000000000000e+01 -3.441118426645618511e-01
-1.090177631467087593e+01 1.500000000000000000e+01 0.000000000000000000e+00
3.859999999999999876e+00 1.500000000000000000e+01 0.000000000000000000e+00
1.158999999999999986e+01 1.500000000000000000e+01 -2.623552629341752596e+00
