-1.158999999999999986e+01 -1.500000000000000000e+01 -1.951783420455321050e+00
-1.159999999999999964e+01 -1.500000000000000000e+01 -1.553790597283340735e-01
3.859999999999999876e+00 -1.500000000000000000e+01 -9.462094027166592647e-02
1.158999999999999986e+01 -1.500000000000000000e+01 -2.948216579544678417e+00
-1.158999999999999986e+01 -5.000000000000000000e+00 -1.951783420455321050e+00
-1.159999999999999964e+01 -5.000000000000000000e+00 -1.553790597283340735e-01
3.859999999999999876e+00 -5.000000000000000000e+00 -9.462094027166592647e-02
1.158999999999999986e+01 -5.000000000000000000e+00 -2.948216579544678417e+00
-1.158999999999999986e+01 5.000000000000000000e+00 -1.790830342988325219e+00
-1.159999999999999964e+01 5.000000000000000000e+00 -3.107581194566681471e-01
3.859999999999999876e+00 5.000000000000000000e+00 -1.892418805433318529e-01
1.158999999999999986e+01 5.000000000000000000e+00 -2.459169657011675003e+00
-1.158999999999999986e+01 1.500000000000000000e+01 -1.008361026607992761e+00
-1.159999999999999964e+01 1.500000000000000000e+01 -3.107581194566681471e-01
3.859999999999999876e+00 1.500000000000000000e+01 -1.892418805433318529e-01
1.158999999999999986e+01 1.500000000000000000e+01 -1.591638973392007106e+00
