-1.158999999999999986e+01 -1.500000000000000000e+01 -6.611250393334127118e-01
-9.589999999999999858e+00 -1.500000000000000000e+01 0.000000000000000000e+00
3.859999999999999432e+00 -1.500000000000000000e+01 0.000000000000000000e+00
1.158999999999999986e+01 -1.500000000000000000e+01 -1.355499842666349153e+00
-1.158999999999999986e+01 -5.000000000000000000e+00 -6.611250393334127118e-01
-9.589999999999999858e+00 -5.000000000000000000e+00 0.000000000000000000e+00
3.859999999999999432e+00 -5.000000000000000000e+00 0.000000000000000000e+00
1.158999999999999986e+01 -5.000000000000000000e+00 -8.471874016664682205e-01
-1.158999999999999986e+01 5.000000000000000000e+00 -1.652812598333531779e+00
-9.589999999999999858e+00 5.000000000000000000e+00 0.000000000000000000e+00
3.859999999999999432e+00 5.000000000000000000e+00 0.000000000000000000e+00
1.158999999999999986e+01 5.000000000000000000e+00 -3.388749606665872882e-01
-1.158999999999999986e+01 1.500000000000000000e+01 -2.644500157333650847e+00
-9.589999999999999858e+00 1.500000000000000000e+01 0.000000000000000000e+00
3.859999999999999432e+00 1.500000000000000000e+01 0.000000000000000000e+00
1.158999999999999986e+01 1.500000000000000000e+01 -3.388749606665872882e-01
