-1.233868856407010561e+01 -1.500000000000000000e+01 0.000000000000000000e+00
-1.108737712814021137e+01 -1.500000000000000000e+01 0.000000000000000000e+00
3.859999999999999876e+00 -1.500000000000000000e+01 0.000000000000000000e+00
1.158999999999999986e+01 -1.500000000000000000e+01 -3.246065692210317710e+00
-1.233868856407010561e+01 -5.000000000000000000e+00 0.000000000000000000e+00
-1.108737712814021137e+01 -5.000000000000000000e+00 0.000000000000000000e+00
3.859999999999999876e+00 -5.000000000000000000e+00 0.000000000000000000e+00
1.158999999999999986e+01 -5.000000000000000000e+00 -3.246065692210317710e+00
-1.233868856407010561e+01 5.000000000000000000e+00 0.000000000000000000e+00
-1.108737712814021137e+01 5.000000000000000000e+00 0.000000000000000000e+00
3.859999999999999876e+00 5.000000000000000000e+00 0.000000000000000000e+00
1.158999999999999986e+01 5.000000000000000000e+00 -3.623032846105158633e+00
-1.233868856407010561e+01 1.500000000000000000e+01 0.000000000000000000e+00
-1.108737712814021137e+01 1.500000000000000000e+01 0.000000000000000000e+00
3.859999999999999876e+00 1.500000000000000000e+01 0.000000000000000000e+00
1.158999999999999986e+01 1.500000000000000000e+01 -4.000000000000000000e+00
