-1.158999999999999986e+01 -1.500000000000000000e+01 -4.599923695644267951e-01
-1.156650426032652845e+01 -1.500000000000000000e+01 -2.458338632246925837e-01
3.859999999999999876e+00 -1.500000000000000000e+01 0.000000000000000000e+00
1.158999999999999986e+01 -1.500000000000000000e+01 -4.425009538044466950e+00
-1.158999999999999986e+01 -5.000000000000000000e+00 -4.349955489125822972e-01
-1.156650426032652845e+01 -5.000000000000000000e+00 -2.458338632246925837e-01
3.859999999999999876e+00 -5.000000000000000000e+00 0.000000000000000000e+00
1.158999999999999986e+01 -5.000000000000000000e+00 -4.425009538044466950e+00
-1.158999999999999986e+01 5.000000000000000000e+00 -7.541661367753074163e-01
-1.156650426032652845e+01 5.000000000000000000e+00 -4.916677264493851673e-01
3.859999999999999876e+00 5.000000000000000000e+00 0.000000000000000000e+00
1.158999999999999986e+01 5.000000000000000000e+00 -3.441674085145696171e+00
-1.158999999999999986e+01 1.500000000000000000e+01 -1.149980923911066988e-01
-1.156650426032652845e+01 1.500000000000000000e+01 -4.916677264493851673e-01
3.859999999999999876e+00 1.500000000000000000e+01 0.000000000000000000e+00
1.158999999999999986e+01 1.500000000000000000e+01 -2.458338632246925837e+00
