-1.158999999999999986e+01 -1.500000000000000000e+01 -3.714079089009466372e+00
-9.424007026674940946e+00 -1.500000000000000000e+01 -1.985561881878705748e-02
3.859999999999999876e+00 -1.500000000000000000e+01 -4.602887623624258850e-01
1.158999999999999986e+01 -1.500000000000000000e+01 -1.920577524724851770e+00
-1.158999999999999986e+01 -5.000000000000000000e+00 -2.333212801922188717e+00
-9.424007026674940946e+00 -5.000000000000000000e+00 -1.985561881878705748e-02
3.859999999999999876e+00 -5.000000000000000000e+00 -4.602887623624258850e-01
1.158999999999999986e+01 -5.000000000000000000e+00 -1.230144381181212943e+00
-1.158999999999999986e+01 5.000000000000000000e+00 -9.801443811812129425e-01
-9.424007026674940946e+00 5.000000000000000000e+00 -3.971123763757411496e-02
3.859999999999999876e+00 5.000000000000000000e+00 -2.301443811812129425e-01
1.158999999999999986e+01 5.000000000000000000e+00 -1.349278094093935287e+00
-1.158999999999999986e+01 1.500000000000000000e+01 -9.285197722523665931e-01
-9.424007026674940946e+00 1.500000000000000000e+01 -3.971123763757411496e-02
3.859999999999999876e+00 1.500000000000000000e+01 -2.301443811812129425e-01
1.158999999999999986e+01 1.500000000000000000e+01 -2.158844950550296460e+00
