-1.158999999999999986e+01 -1.500000000000000000e+01 -1.454447644565821651e+00
-9.589999999999999858e+00 -1.500000000000000000e+01 -2.272238222829107701e-01
3.859999999999999432e+00 -1.500000000000000000e+01 -1.363880888585446149e-01
1.158999999999999986e+01 -1.500000000000000000e+01 -2.036011520436957767e+00
-1.158999999999999986e+01 -5.000000000000000000e+00 -1.113611911141455302e+00
-9.589999999999999858e+00 -5.000000000000000000e+00 -2.272238222829107701e-01
3.859999999999999432e+00 -5.000000000000000000e+00 -1.363880888585446149e-01
1.158999999999999986e+01 -5.000000000000000000e+00 -1.354340053588225290e+00
-1.158999999999999986e+01 5.000000000000000000e+00 -1.931940444292723047e+00
-9.589999999999999858e+00 5.000000000000000000e+00 -1.136119111414553851e-01
3.859999999999999432e+00 5.000000000000000000e+00 -2.727761777170892299e-01
1.158999999999999986e+01 5.000000000000000000e+00 -8.636119111414554128e-01
-1.158999999999999986e+01 1.500000000000000000e+01 -3.091104710868356698e+00
-9.589999999999999858e+00 1.500000000000000000e+01 -1.136119111414553851e-01
3.859999999999999432e+00 1.500000000000000000e+01 -2.727761777170892299e-01
1.158999999999999986e+01 1.500000000000000000e+01 -5.090028801092394417e-01
