-1.231483955780302963e+01 -1.500000000000000000e+01 -2.899358231212119552e+00
-1.103967911560605941e+01 -1.500000000000000000e+01 0.000000000000000000e+00
3.859999999999999432e+00 -1.500000000000000000e+01 0.000000000000000000e+00
1.158999999999999986e+01 -1.500000000000000000e+01 -1.100641768787880448e+00
-1.231483955780302963e+01 -5.000000000000000000e+00 -2.899358231212119552e+00
-1.103967911560605941e+01 -5.000000000000000000e+00 0.000000000000000000e+00
3.859999999999999432e+00 -5.000000000000000000e+00 0.000000000000000000e+00
1.158999999999999986e+01 -5.000000000000000000e+00 -6.879011054924253354e-01
-1.231483955780302963e+01 5.000000000000000000e+00 -2.899358231212119552e+00
-1.103967911560605941e+01 5.000000000000000000e+00 0.000000000000000000e+00
3.859999999999999432e+00 5.000000000000000000e+00 0.000000000000000000e+00
1.158999999999999986e+01 5.000000000000000000e+00 -2.751604421969701120e-01
-1.231483955780302963e+01 1.500000000000000000e+01 -2.899358231212119552e+00
-1.103967911560605941e+01 1.500000000000000000e+01 0.000000000000000000e+00
3.859999999999999432e+00 1.500000000000000000e+01 0.000000000000000000e+00
1.158999999999999986e+01 1.500000000000000000e+01 -2.751604421969701120e-01
