-1.158999999999999986e+01 -1.500000000000000000e+01 -7.517195616337137842e-01
-7.959433677384039285e+00 -1.500000000000000000e+01 -3.049561815052677649e-01
3.859999999999999876e+00 -1.500000000000000000e+01 0.000000000000000000e+00
1.158999999999999986e+01 -1.500000000000000000e+01 -1.659474178063213179e+00
-1.158999999999999986e+01 -5.000000000000000000e+00 -5.868510171179104340e-01
-7.959433677384039285e+00 -5.000000000000000000e+00 -3.049561815052677649e-01
3.859999999999999876e+00 -5.000000000000000000e+00 0.000000000000000000e+00
1.158999999999999986e+01 -5.000000000000000000e+00 -1.329737089031606700e+00
-1.158999999999999986e+01 5.000000000000000000e+00 -8.599123630105354188e-01
-7.959433677384039285e+00 5.000000000000000000e+00 -4.450438184947322351e-01
3.859999999999999876e+00 5.000000000000000000e+00 0.000000000000000000e+00
1.158999999999999986e+01 5.000000000000000000e+00 -2.170262910968393300e+00
-1.158999999999999986e+01 1.500000000000000000e+01 -5.176669794400350355e-01
-7.959433677384039285e+00 1.500000000000000000e+01 -4.450438184947322351e-01
3.859999999999999876e+00 1.500000000000000000e+01 0.000000000000000000e+00
1.158999999999999986e+01 1.500000000000000000e+01 -3.340525821936786599e+00
