-1.094733924768760502e+01 -1.500000000000000000e+01 -1.608026614594219694e+00
-1.159357339247687690e+01 -1.500000000000000000e+01 0.000000000000000000e+00
3.859999999999999432e+00 -1.500000000000000000e+01 -8.933481192190109721e-02
1.158999999999999986e+01 -1.500000000000000000e+01 -2.713578708324624333e+00
-1.158999999999999986e+01 -5.000000000000000000e+00 -1.608026614594219694e+00
-1.159357339247687690e+01 -5.000000000000000000e+00 0.000000000000000000e+00
3.859999999999999432e+00 -5.000000000000000000e+00 -8.933481192190109721e-02
1.158999999999999986e+01 -5.000000000000000000e+00 -2.713578708324624333e+00
-1.223266075231239647e+01 5.000000000000000000e+00 -1.250687366906615416e+00
-1.159357339247687690e+01 5.000000000000000000e+00 0.000000000000000000e+00
3.859999999999999432e+00 5.000000000000000000e+00 -1.786696238438021944e-01
1.158999999999999986e+01 5.000000000000000000e+00 -2.838647445015285875e+00
-1.223266075231239647e+01 1.500000000000000000e+01 -8.933481192190109166e-01
-1.159357339247687690e+01 1.500000000000000000e+01 0.000000000000000000e+00
3.859999999999999432e+00 1.500000000000000000e+01 -1.786696238438021944e-01
1.158999999999999986e+01 1.500000000000000000e+01 -2.606376934018342695e+00
