-1.158999999999999986e+01 -1.500000000000000000e+01 -1.846792491805322234e+00
-9.743207508194677402e+00 -1.500000000000000000e+01 -4.616981229513305585e-01
3.859999999999999876e+00 -1.500000000000000000e+01 0.000000000000000000e+00
1.158999999999999986e+01 -1.500000000000000000e+01 -3.846792491805322456e+00
-1.158999999999999986e+01 -5.000000000000000000e+00 -1.154245307378326313e+00
-9.743207508194677402e+00 -5.000000000000000000e+00 -4.616981229513305585e-01
3.859999999999999876e+00 -5.000000000000000000e+00 0.000000000000000000e+00
1.158999999999999986e+01 -5.000000000000000000e+00 -2.461698122951330170e+00
-1.158999999999999986e+01 5.000000000000000000e+00 -1.154245307378326313e+00
-9.743207508194677402e+00 5.000000000000000000e+00 -2.308490614756652792e-01
3.859999999999999876e+00 5.000000000000000000e+00 0.000000000000000000e+00
1.158999999999999986e+01 5.000000000000000000e+00 -1.153207508194677766e+00
-1.158999999999999986e+01 1.500000000000000000e+01 -1.846792491805322234e+00
-9.743207508194677402e+00 1.500000000000000000e+01 -2.308490614756652792e-01
3.859999999999999876e+00 1.500000000000000000e+01 0.000000000000000000e+00
1.158999999999999986e+01 1.500000000000000000e+01 -1.229811262292016760e+00
