-1.158999999999999986e+01 -1.500000000000000000e+01 -3.859372323185922493e+00
-9.492029385152857657e+00 -1.500000000000000000e+01 0.000000000000000000e+00
3.859999999999999876e+00 -1.500000000000000000e+01 -1.171897306783978299e-02
1.158999999999999986e+01 -1.500000000000000000e+01 -1.875035690854365278e-02
-1.158999999999999986e+01 -5.000000000000000000e+00 -2.429686161592961025e+00
-9.492029385152857657e+00 -5.000000000000000000e+00 0.000000000000000000e+00
3.859999999999999876e+00 -5.000000000000000000e+00 -1.171897306783978299e-02
1.158999999999999986e+01 -5.000000000000000000e+00 -1.875035690854365278e-02
-1.158999999999999986e+01 5.000000000000000000e+00 -1.070313838407038753e+00
-9.492029385152857657e+00 5.000000000000000000e+00 0.000000000000000000e+00
3.859999999999999876e+00 5.000000000000000000e+00 -2.343794613567956597e-02
1.158999999999999986e+01 5.000000000000000000e+00 -3.515691920351934896e-02
-1.158999999999999986e+01 1.500000000000000000e+01 -1.140627676814077507e+00
-9.492029385152857657e+00 1.500000000000000000e+01 0.000000000000000000e+00
3.859999999999999876e+00 1.500000000000000000e+01 -2.343794613567956597e-02
1.158999999999999986e+01 1.500000000000000000e+01 -4.687589227135913195e-03
