-1.158999999999999986e+01 -1.500000000000000000e+01 -1.248865945257379845e-01
-8.937467543603020204e+00 -1.500000000000000000e+01 -7.805412157858623856e-02
3.859999999999999876e+00 -1.500000000000000000e+01 0.000000000000000000e+00
1.158999999999999986e+01 -1.500000000000000000e+01 -3.375567027371309869e+00
-1.158999999999999986e+01 -5.000000000000000000e+00 -1.248865945257379845e-01
-8.937467543603020204e+00 -5.000000000000000000e+00 -7.805412157858623856e-02
3.859999999999999876e+00 -5.000000000000000000e+00 0.000000000000000000e+00
1.158999999999999986e+01 -5.000000000000000000e+00 -2.343891756842827689e+00
-1.158999999999999986e+01 5.000000000000000000e+00 -2.341623647357587157e-01
-8.937467543603020204e+00 5.000000000000000000e+00 -1.561082431571724771e-01
3.859999999999999876e+00 5.000000000000000000e+00 0.000000000000000000e+00
1.158999999999999986e+01 5.000000000000000000e+00 -1.468324729471517376e+00
-1.158999999999999986e+01 1.500000000000000000e+01 -3.122164863143449612e-02
-8.937467543603020204e+00 1.500000000000000000e+01 -1.561082431571724771e-01
3.859999999999999876e+00 1.500000000000000000e+01 0.000000000000000000e+00
1.158999999999999986e+01 1.500000000000000000e+01 -1.936649458943034752e+00
