-1.158999999999999986e+01 -1.500000000000000000e+01 -1.895671588819745068e+00
-9.453721012895790921e+00 -1.500000000000000000e+01 -4.836986857530851669e-01
3.859999999999999876e+00 -1.500000000000000000e+01 0.000000000000000000e+00
1.158999999999999986e+01 -1.500000000000000000e+01 -3.934794743012340668e+00
-1.158999999999999986e+01 -5.000000000000000000e+00 -1.194575531560489567e+00
-9.453721012895790921e+00 -5.000000000000000000e+00 -4.836986857530851669e-01
3.859999999999999876e+00 -5.000000000000000000e+00 0.000000000000000000e+00
1.158999999999999986e+01 -5.000000000000000000e+00 -2.532602628493829666e+00
-1.158999999999999986e+01 5.000000000000000000e+00 -1.217397371506170334e+00
-9.453721012895790921e+00 5.000000000000000000e+00 -2.663013142469148331e-01
3.859999999999999876e+00 5.000000000000000000e+00 0.000000000000000000e+00
1.158999999999999986e+01 5.000000000000000000e+00 -1.130410513975318665e+00
-1.158999999999999986e+01 1.500000000000000000e+01 -1.876110011723447268e+00
-9.453721012895790921e+00 1.500000000000000000e+01 -2.663013142469148331e-01
3.859999999999999876e+00 1.500000000000000000e+01 0.000000000000000000e+00
1.158999999999999986e+01 1.500000000000000000e+01 -1.130410513975318665e+00
