-1.158999999999999986e+01 -1.500000000000000000e+01 -2.608997235482040544e+00
-1.007963377732755994e+01 -1.500000000000000000e+01 -3.782005529035919467e-01
3.859999999999999876e+00 -1.500000000000000000e+01 -6.089972354820402667e-02
1.158999999999999986e+01 -1.500000000000000000e+01 -3.123043980905861883e+00
-1.158999999999999986e+01 -5.000000000000000000e+00 -2.041696406126652263e+00
-1.007963377732755994e+01 -5.000000000000000000e+00 -3.782005529035919467e-01
3.859999999999999876e+00 -5.000000000000000000e+00 -6.089972354820402667e-02
1.158999999999999986e+01 -5.000000000000000000e+00 -1.988442322195086209e+00
-1.158999999999999986e+01 5.000000000000000000e+00 -1.798097511933836046e+00
-1.007963377732755994e+01 5.000000000000000000e+00 -1.891002764517959733e-01
3.859999999999999876e+00 5.000000000000000000e+00 -1.217994470964080533e-01
1.158999999999999986e+01 5.000000000000000000e+00 -9.391002764517959456e-01
-1.158999999999999986e+01 1.500000000000000000e+01 -2.121799447096408109e+00
-1.007963377732755994e+01 1.500000000000000000e+01 -1.891002764517959733e-01
3.859999999999999876e+00 1.500000000000000000e+01 -1.217994470964080533e-01
1.158999999999999986e+01 1.500000000000000000e+01 -7.807609952264654707e-01
