-1.128550383876340568e+01 -1.500000000000000000e+01 -1.913488483709781640e+00
-1.019899232247318821e+01 -1.500000000000000000e+01 0.000000000000000000e+00
3.859999999999999876e+00 -1.500000000000000000e+01 -1.738759596908515392e-01
1.158999999999999986e+01 -1.500000000000000000e+01 -2.782015355053624739e-01
-1.158999999999999986e+01 -5.000000000000000000e+00 -1.913488483709781640e+00
-1.019899232247318821e+01 -5.000000000000000000e+00 0.000000000000000000e+00
3.859999999999999876e+00 -5.000000000000000000e+00 -1.738759596908515392e-01
1.158999999999999986e+01 -5.000000000000000000e+00 -2.782015355053624739e-01
-1.189449616123659403e+01 5.000000000000000000e+00 -2.956744241854890820e+00
-1.019899232247318821e+01 5.000000000000000000e+00 0.000000000000000000e+00
3.859999999999999876e+00 5.000000000000000000e+00 -3.477519193817030785e-01
1.158999999999999986e+01 5.000000000000000000e+00 -5.216278790725545900e-01
-1.189449616123659403e+01 1.500000000000000000e+01 -4.000000000000000000e+00
-1.019899232247318821e+01 1.500000000000000000e+01 0.000000000000000000e+00
3.859999999999999876e+00 1.500000000000000000e+01 -3.477519193817030785e-01
1.158999999999999986e+01 1.500000000000000000e+01 -6.955038387634061847e-02
