-1.158999999999999986e+01 -1.500000000000000000e+01 -1.775673591533133422e-01
-1.158999999999999986e+01 -1.500000000000000000e+01 0.000000000000000000e+00
3.859999999999999876e+00 -1.500000000000000000e+01 0.000000000000000000e+00
1.158999999999999986e+01 -1.500000000000000000e+01 -3.644865281693373316e+00
-1.158999999999999986e+01 -5.000000000000000000e+00 -1.775673591533133422e-01
-1.158999999999999986e+01 -5.000000000000000000e+00 0.000000000000000000e+00
3.859999999999999876e+00 -5.000000000000000000e+00 0.000000000000000000e+00
1.158999999999999986e+01 -5.000000000000000000e+00 -3.644865281693373316e+00
-1.158999999999999986e+01 5.000000000000000000e+00 -2.663510387299700133e-01
-1.158999999999999986e+01 5.000000000000000000e+00 0.000000000000000000e+00
3.859999999999999876e+00 5.000000000000000000e+00 0.000000000000000000e+00
1.158999999999999986e+01 5.000000000000000000e+00 -3.644865281693373316e+00
-1.158999999999999986e+01 1.500000000000000000e+01 -3.551347183066266844e-01
-1.158999999999999986e+01 1.500000000000000000e+01 0.000000000000000000e+00
3.859999999999999876e+00 1.500000000000000000e+01 0.000000000000000000e+00
1.158999999999999986e+01 1.500000000000000000e+01 -3.644865281693373316e+00
