-1.158999999999999986e+01 -1.500000000000000000e+01 -3.148469692541934761e-01
-9.730631646266873602e+00 -1.500000000000000000e+01 0.000000000000000000e+00
3.859999999999999876e+00 -1.500000000000000000e+01 -1.749149829189963756e-02
1.158999999999999986e+01 -1.500000000000000000e+01 -9.580204040994408921e-01
-1.158999999999999986e+01 -5.000000000000000000e+00 -3.148469692541934761e-01
-9.730631646266873602e+00 -5.000000000000000000e+00 0.000000000000000000e+00
3.859999999999999876e+00 -5.000000000000000000e+00 -1.749149829189963756e-02
1.158999999999999986e+01 -5.000000000000000000e+00 -9.580204040994408921e-01
-1.158999999999999986e+01 5.000000000000000000e+00 -2.448809760865949259e-01
-9.730631646266873602e+00 5.000000000000000000e+00 0.000000000000000000e+00
3.859999999999999876e+00 5.000000000000000000e+00 -3.498299658379927513e-02
1.158999999999999986e+01 5.000000000000000000e+00 -2.377559511956702565e+00
-1.158999999999999986e+01 1.500000000000000000e+01 -1.749149829189963756e-01
-9.730631646266873602e+00 1.500000000000000000e+01 0.000000000000000000e+00
3.859999999999999876e+00 1.500000000000000000e+01 -3.498299658379927513e-02
1.158999999999999986e+01 1.500000000000000000e+01 -3.727132626646365576e+00
