-1.158999999999999986e+01 -1.500000000000000000e+01 -1.337475711843299386e+00
-8.880275661439094748e+00 -1.500000000000000000e+01 0.000000000000000000e+00
3.859999999999999432e+00 -1.500000000000000000e+01 -1.656310720391751257e-01
1.158999999999999986e+01 -1.500000000000000000e+01 -1.614912562635878235e+00
-1.158999999999999986e+01 -5.000000000000000000e+00 -1.337475711843299386e+00
-8.880275661439094748e+00 -5.000000000000000000e+00 0.000000000000000000e+00
3.859999999999999432e+00 -5.000000000000000000e+00 -1.656310720391751257e-01
1.158999999999999986e+01 -5.000000000000000000e+00 -1.614912562635878235e+00
-1.158999999999999986e+01 5.000000000000000000e+00 -2.331262144078350307e+00
-8.880275661439094748e+00 5.000000000000000000e+00 0.000000000000000000e+00
3.859999999999999432e+00 5.000000000000000000e+00 -3.312621440783502513e-01
1.158999999999999986e+01 5.000000000000000000e+00 -1.846796063490723228e+00
-1.158999999999999986e+01 1.500000000000000000e+01 -3.325048576313401227e+00
-8.880275661439094748e+00 1.500000000000000000e+01 0.000000000000000000e+00
3.859999999999999432e+00 1.500000000000000000e+01 -3.312621440783502513e-01
1.158999999999999986e+01 1.500000000000000000e+01 -1.416155276188868051e+00
