-1.158999999999999986e+01 -1.500000000000000000e+01 -2.760705375653091043e+00
-1.097035268782654427e+01 -1.500000000000000000e+01 0.000000000000000000e+00
3.860000000000000320e+00 -1.500000000000000000e+01 0.000000000000000000e+00
1.158999999999999986e+01 -1.500000000000000000e+01 -1.239294624346908957e+00
-1.158999999999999986e+01 -5.000000000000000000e+00 -2.760705375653091043e+00
-1.097035268782654427e+01 -5.000000000000000000e+00 0.000000000000000000e+00
3.860000000000000320e+00 -5.000000000000000000e+00 0.000000000000000000e+00
1.158999999999999986e+01 -5.000000000000000000e+00 -7.745591402168181538e-01
-1.158999999999999986e+01 5.000000000000000000e+00 -2.760705375653091043e+00
-1.097035268782654427e+01 5.000000000000000000e+00 0.000000000000000000e+00
3.860000000000000320e+00 5.000000000000000000e+00 0.000000000000000000e+00
1.158999999999999986e+01 5.000000000000000000e+00 -3.098236560867272393e-01
-1.158999999999999986e+01 1.500000000000000000e+01 -2.760705375653091043e+00
-1.097035268782654427e+01 1.500000000000000000e+01 0.000000000000000000e+00
3.860000000000000320e+00 1.500000000000000000e+01 0.000000000000000000e+00
1.158999999999999986e+01 1.500000000000000000e+01 -3.098236560867272393e-01
