-1.158999999999999986e+01 -1.500000000000000000e+01 -2.953020421043149657e+00
-7.598187320019818003e+00 -1.500000000000000000e+01 -2.348978947842528253e-02
3.859999999999999876e+00 -1.500000000000000000e+01 -2.382551052607873587e-01
1.158999999999999986e+01 -1.500000000000000000e+01 -5.691264842446620564e-01
-1.158999999999999986e+01 -5.000000000000000000e+00 -2.917785736825511567e+00
-7.598187320019818003e+00 -5.000000000000000000e+00 -2.348978947842528253e-02
3.859999999999999876e+00 -5.000000000000000000e+00 -2.382551052607873587e-01
1.158999999999999986e+01 -5.000000000000000000e+00 -4.986571158093862088e-01
-1.158999999999999986e+01 5.000000000000000000e+00 -2.917785736825511567e+00
-7.598187320019818003e+00 5.000000000000000000e+00 -1.174489473921264127e-02
3.859999999999999876e+00 5.000000000000000000e+00 -4.765102105215747175e-01
1.158999999999999986e+01 5.000000000000000000e+00 -7.617448947392126968e-01
-1.158999999999999986e+01 1.500000000000000000e+01 -2.953020421043149657e+00
-7.598187320019818003e+00 1.500000000000000000e+01 -1.174489473921264127e-02
3.859999999999999876e+00 1.500000000000000000e+01 -4.765102105215747175e-01
1.158999999999999986e+01 1.500000000000000000e+01 -1.422816210611655141e-01
