-1.158999999999999986e+01 -1.500000000000000000e+01 -2.814118609864536547e-01
-8.119623026345779593e+00 -1.500000000000000000e+01 -1.758824131165335203e-01
3.859999999999999432e+00 -1.500000000000000000e+01 0.000000000000000000e+00
1.158999999999999986e+01 -1.500000000000000000e+01 -1.889411042601597757e+00
-1.158999999999999986e+01 -5.000000000000000000e+00 -2.814118609864536547e-01
-8.119623026345779593e+00 -5.000000000000000000e+00 -1.758824131165335203e-01
3.859999999999999432e+00 -5.000000000000000000e+00 0.000000000000000000e+00
1.158999999999999986e+01 -5.000000000000000000e+00 -1.444705521300798878e+00
-1.158999999999999986e+01 5.000000000000000000e+00 -5.276472393496005608e-01
-8.119623026345779593e+00 5.000000000000000000e+00 -3.517648262330670406e-01
3.859999999999999432e+00 5.000000000000000000e+00 0.000000000000000000e+00
1.158999999999999986e+01 5.000000000000000000e+00 -2.055294478699201122e+00
-1.158999999999999986e+01 1.500000000000000000e+01 -7.035296524661341366e-02
-8.119623026345779593e+00 1.500000000000000000e+01 -3.517648262330670406e-01
3.859999999999999432e+00 1.500000000000000000e+01 0.000000000000000000e+00
1.158999999999999986e+01 1.500000000000000000e+01 -3.110588957398402243e+00
