-1.158999999999999986e+01 -1.500000000000000000e+01 -3.430954919006468096e-01
-9.598577387297515529e+00 -1.500000000000000000e+01 -2.144346824379042282e-01
3.859999999999999876e+00 -1.500000000000000000e+01 0.000000000000000000e+00
1.158999999999999986e+01 -1.500000000000000000e+01 -4.002085554130658807e+00
-1.158999999999999986e+01 -5.000000000000000000e+00 -3.430954919006468096e-01
-9.598577387297515529e+00 -5.000000000000000000e+00 -2.144346824379042282e-01
3.859999999999999876e+00 -5.000000000000000000e+00 0.000000000000000000e+00
1.158999999999999986e+01 -5.000000000000000000e+00 -4.002085554130658807e+00
-1.158999999999999986e+01 5.000000000000000000e+00 -6.433040473137127124e-01
-9.598577387297515529e+00 5.000000000000000000e+00 -4.288693648758084564e-01
3.859999999999999876e+00 5.000000000000000000e+00 0.000000000000000000e+00
1.158999999999999986e+01 5.000000000000000000e+00 -3.357738729751616802e+00
-1.158999999999999986e+01 1.500000000000000000e+01 -8.577387297516170239e-02
-9.598577387297515529e+00 1.500000000000000000e+01 -4.288693648758084564e-01
3.859999999999999876e+00 1.500000000000000000e+01 0.000000000000000000e+00
1.158999999999999986e+01 1.500000000000000000e+01 -2.713391905372574797e+00
