-1.158999999999999986e+01 -1.500000000000000000e+01 -1.729074803194162957e+00
-1.007604986879610820e+01 -1.500000000000000000e+01 0.000000000000000000e+00
3.859999999999999876e+00 -1.500000000000000000e+01 -1.892437664004864295e-01
1.158999999999999986e+01 -1.500000000000000000e+01 -3.027900262407783316e-01
-1.158999999999999986e+01 -5.000000000000000000e+00 -1.729074803194162957e+00
-1.007604986879610820e+01 -5.000000000000000000e+00 0.000000000000000000e+00
3.859999999999999876e+00 -5.000000000000000000e+00 -1.892437664004864295e-01
1.158999999999999986e+01 -5.000000000000000000e+00 -3.027900262407783316e-01
-1.158999999999999986e+01 5.000000000000000000e+00 -2.864537401597081256e+00
-1.007604986879610820e+01 5.000000000000000000e+00 0.000000000000000000e+00
3.859999999999999876e+00 5.000000000000000000e+00 -3.784875328009728590e-01
1.158999999999999986e+01 5.000000000000000000e+00 -5.677312992014592608e-01
-1.158999999999999986e+01 1.500000000000000000e+01 -4.000000000000000000e+00
-1.007604986879610820e+01 1.500000000000000000e+01 0.000000000000000000e+00
3.859999999999999876e+00 1.500000000000000000e+01 -3.784875328009728590e-01
1.158999999999999986e+01 1.500000000000000000e+01 -7.569750656019458290e-02
