-1.158999999999999986e+01 -1.500000000000000000e+01 -3.487028164341683389e+00
-1.133351408217084000e+01 -1.500000000000000000e+01 0.000000000000000000e+00
3.859999999999999876e+00 -1.500000000000000000e+01 0.000000000000000000e+00
1.158999999999999986e+01 -1.500000000000000000e+01 -1.871757041085420958e+00
-1.158999999999999986e+01 -5.000000000000000000e+00 -3.487028164341683389e+00
-1.133351408217084000e+01 -5.000000000000000000e+00 0.000000000000000000e+00
3.859999999999999876e+00 -5.000000000000000000e+00 0.000000000000000000e+00
1.158999999999999986e+01 -5.000000000000000000e+00 -1.871757041085420958e+00
-1.158999999999999986e+01 5.000000000000000000e+00 -3.487028164341683389e+00
-1.133351408217084000e+01 5.000000000000000000e+00 0.000000000000000000e+00
3.859999999999999876e+00 5.000000000000000000e+00 0.000000000000000000e+00
1.158999999999999986e+01 5.000000000000000000e+00 -2.064121479457289521e+00
-1.158999999999999986e+01 1.500000000000000000e+01 -3.487028164341683389e+00
-1.133351408217084000e+01 1.500000000000000000e+01 0.000000000000000000e+00
3.859999999999999876e+00 1.500000000000000000e+01 0.000000000000000000e+00
1.158999999999999986e+01 1.500000000000000000e+01 -2.256485917829158083e+00
