-1.158999999999999986e+01 -1.500000000000000000e+01 -2.137540658446963338e-01
-9.404364676737980488e+00 -1.500000000000000000e+01 -1.335962911529351982e-01
3.859999999999999876e+00 -1.500000000000000000e+01 0.000000000000000000e+00
1.158999999999999986e+01 -1.500000000000000000e+01 -2.534385164611740571e+00
-1.158999999999999986e+01 -5.000000000000000000e+00 -2.137540658446963338e-01
-9.404364676737980488e+00 -5.000000000000000000e+00 -1.335962911529351982e-01
3.859999999999999876e+00 -5.000000000000000000e+00 0.000000000000000000e+00
1.158999999999999986e+01 -5.000000000000000000e+00 -2.534385164611740571e+00
-1.158999999999999986e+01 5.000000000000000000e+00 -4.007888734588055946e-01
-9.404364676737980488e+00 5.000000000000000000e+00 -2.671925823058703964e-01
3.859999999999999876e+00 5.000000000000000000e+00 0.000000000000000000e+00
1.158999999999999986e+01 5.000000000000000000e+00 -3.000000000000000000e+00
-1.158999999999999986e+01 1.500000000000000000e+01 -5.343851646117408344e-02
-9.404364676737980488e+00 1.500000000000000000e+01 -2.671925823058703964e-01
3.859999999999999876e+00 1.500000000000000000e+01 0.000000000000000000e+00
1.158999999999999986e+01 1.500000000000000000e+01 -3.465614835388259429e+00
