-1.158999999999999986e+01 -1.500000000000000000e+01 -6.509663621529714339e-01
-9.595817227297448682e+00 -1.500000000000000000e+01 -1.454306824362618933e-01
3.859999999999999876e+00 -1.500000000000000000e+01 0.000000000000000000e+00
1.158999999999999986e+01 -1.500000000000000000e+01 -2.617752283852714079e+00
-1.158999999999999986e+01 -5.000000000000000000e+00 -6.509663621529714339e-01
-9.595817227297448682e+00 -5.000000000000000000e+00 -1.454306824362618933e-01
3.859999999999999876e+00 -5.000000000000000000e+00 0.000000000000000000e+00
1.158999999999999986e+01 -5.000000000000000000e+00 -2.617752283852714079e+00
-1.158999999999999986e+01 5.000000000000000000e+00 -1.481985222946166747e+00
-9.595817227297448682e+00 5.000000000000000000e+00 -2.908613648725237866e-01
3.859999999999999876e+00 5.000000000000000000e+00 0.000000000000000000e+00
1.158999999999999986e+01 5.000000000000000000e+00 -2.036029554107666506e+00
-1.158999999999999986e+01 1.500000000000000000e+01 -1.731281353994314376e+00
-9.595817227297448682e+00 1.500000000000000000e+01 -2.908613648725237866e-01
3.859999999999999876e+00 1.500000000000000000e+01 0.000000000000000000e+00
1.158999999999999986e+01 1.500000000000000000e+01 -1.454306824362618933e+00
