-1.158999999999999986e+01 -1.500000000000000000e+01 -7.680970752592102269e-01
-1.158999999999999986e+01 -1.500000000000000000e+01 0.000000000000000000e+00
3.859999999999999432e+00 -1.500000000000000000e+01 0.000000000000000000e+00
1.158999999999999986e+01 -1.500000000000000000e+01 -2.768097075259210449e+00
-1.158999999999999986e+01 -5.000000000000000000e+00 -7.680970752592102269e-01
-1.158999999999999986e+01 -5.000000000000000000e+00 0.000000000000000000e+00
3.859999999999999432e+00 -5.000000000000000000e+00 0.000000000000000000e+00
1.158999999999999986e+01 -5.000000000000000000e+00 -2.768097075259210449e+00
-1.158999999999999986e+01 5.000000000000000000e+00 -7.680970752592102269e-01
-1.158999999999999986e+01 5.000000000000000000e+00 0.000000000000000000e+00
3.859999999999999432e+00 5.000000000000000000e+00 0.000000000000000000e+00
1.158999999999999986e+01 5.000000000000000000e+00 -3.384048537629605224e+00
-1.158999999999999986e+01 1.500000000000000000e+01 -7.680970752592102269e-01
-1.158999999999999986e+01 1.500000000000000000e+01 0.000000000000000000e+00
3.859999999999999432e+00 1.500000000000000000e+01 0.000000000000000000e+00
1.158999999999999986e+01 1.500000000000000000e+01 -4.000000000000000000e+00
