-1.158999999999999986e+01 -1.500000000000000000e+01 -6.718501296047991733e-01
-8.842132969916370655e+00 -1.500000000000000000e+01 0.000000000000000000e+00
3.859999999999999432e+00 -1.500000000000000000e+01 -1.679625324011997933e-01
1.158999999999999986e+01 -1.500000000000000000e+01 -1.581339533422722932e+00
-1.158999999999999986e+01 -5.000000000000000000e+00 -6.718501296047991733e-01
-8.842132969916370655e+00 -5.000000000000000000e+00 0.000000000000000000e+00
3.859999999999999432e+00 -5.000000000000000000e+00 -1.679625324011997933e-01
1.158999999999999986e+01 -5.000000000000000000e+00 -1.581339533422722932e+00
-1.158999999999999986e+01 5.000000000000000000e+00 -1.679625324011997822e+00
-8.842132969916370655e+00 5.000000000000000000e+00 0.000000000000000000e+00
3.859999999999999432e+00 5.000000000000000000e+00 -3.359250648023995867e-01
1.158999999999999986e+01 5.000000000000000000e+00 -1.816487078784402742e+00
-1.158999999999999986e+01 1.500000000000000000e+01 -2.687400518419196693e+00
-8.842132969916370655e+00 1.500000000000000000e+01 0.000000000000000000e+00
3.859999999999999432e+00 1.500000000000000000e+01 -3.359250648023995867e-01
1.158999999999999986e+01 1.500000000000000000e+01 -1.379784494541283157e+00
