-1.158999999999999986e+01 -1.500000000000000000e+01 -1.883395201713818468e+00
-1.129192898438094872e+01 -1.500000000000000000e+01 -1.821949973221587138e-02
3.859999999999999876e+00 -1.500000000000000000e+01 0.000000000000000000e+00
1.158999999999999986e+01 -1.500000000000000000e+01 -1.457559978577269710e-01
-1.158999999999999986e+01 -5.000000000000000000e+00 -1.883395201713818468e+00
-1.129192898438094872e+01 -5.000000000000000000e+00 -1.821949973221587138e-02
3.859999999999999876e+00 -5.000000000000000000e+00 0.000000000000000000e+00
1.158999999999999986e+01 -5.000000000000000000e+00 -1.457559978577269710e-01
-1.158999999999999986e+01 5.000000000000000000e+00 -2.836024502410056769e+00
-1.129192898438094872e+01 5.000000000000000000e+00 -3.643899946443174276e-02
3.859999999999999876e+00 5.000000000000000000e+00 0.000000000000000000e+00
1.158999999999999986e+01 5.000000000000000000e+00 -1.821949973221587138e-01
-1.158999999999999986e+01 1.500000000000000000e+01 -3.715775804177432473e+00
-1.129192898438094872e+01 1.500000000000000000e+01 -3.643899946443174276e-02
3.859999999999999876e+00 1.500000000000000000e+01 0.000000000000000000e+00
1.158999999999999986e+01 1.500000000000000000e+01 -2.915119957154539421e-01
