-1.158999999999999986e+01 -1.500000000000000000e+01 -2.728046263726311427e+00
-1.058239228288282519e+01 -1.500000000000000000e+01 0.000000000000000000e+00
3.859999999999999876e+00 -1.500000000000000000e+01 -1.234318759804508003e-01
1.158999999999999986e+01 -1.500000000000000000e+01 -1.974910015687212916e-01
-1.158999999999999986e+01 -5.000000000000000000e+00 -2.728046263726311427e+00
-1.058239228288282519e+01 -5.000000000000000000e+00 0.000000000000000000e+00
3.859999999999999876e+00 -5.000000000000000000e+00 -1.234318759804508003e-01
1.158999999999999986e+01 -5.000000000000000000e+00 -1.974910015687212916e-01
-1.158999999999999986e+01 5.000000000000000000e+00 -2.993727503921803201e+00
-1.058239228288282519e+01 5.000000000000000000e+00 0.000000000000000000e+00
3.859999999999999876e+00 5.000000000000000000e+00 -2.468637519609016007e-01
1.158999999999999986e+01 5.000000000000000000e+00 -3.702956279413524010e-01
-1.158999999999999986e+01 1.500000000000000000e+01 -3.259408744117295420e+00
-1.058239228288282519e+01 1.500000000000000000e+01 0.000000000000000000e+00
3.859999999999999876e+00 1.500000000000000000e+01 -2.468637519609016007e-01
1.158999999999999986e+01 1.500000000000000000e+01 -4.937275039218032291e-02
