-1.158999999999999986e+01 -1.500000000000000000e+01 -2.000000000000000000e+00
-1.120341069230170561e+01 -1.500000000000000000e+01 0.000000000000000000e+00
3.859999999999999876e+00 -1.500000000000000000e+01 -2.363015328229181589e-02
1.158999999999999986e+01 -1.500000000000000000e+01 -3.780824525166690681e-02
-1.158999999999999986e+01 -5.000000000000000000e+00 -2.000000000000000000e+00
-1.120341069230170561e+01 -5.000000000000000000e+00 0.000000000000000000e+00
3.859999999999999876e+00 -5.000000000000000000e+00 -2.363015328229181589e-02
1.158999999999999986e+01 -5.000000000000000000e+00 -3.780824525166690681e-02
-1.158999999999999986e+01 5.000000000000000000e+00 -2.952739693435416424e+00
-1.120341069230170561e+01 5.000000000000000000e+00 0.000000000000000000e+00
3.859999999999999876e+00 5.000000000000000000e+00 -4.726030656458363177e-02
1.158999999999999986e+01 5.000000000000000000e+00 -7.089045984687544766e-02
-1.158999999999999986e+01 1.500000000000000000e+01 -4.000000000000000000e+00
-1.120341069230170561e+01 1.500000000000000000e+01 0.000000000000000000e+00
3.859999999999999876e+00 1.500000000000000000e+01 -4.726030656458363177e-02
1.158999999999999986e+01 1.500000000000000000e+01 -9.452061312916726701e-03
