-1.158999999999999986e+01 -1.500000000000000000e+01 -2.530752125928198981e-01
-1.159632688031481962e+01 -1.500000000000000000e+01 -1.581720078705124433e-01
3.860000000000000320e+00 -1.500000000000000000e+01 0.000000000000000000e+00
1.158999999999999986e+01 -1.500000000000000000e+01 -4.316344015741025331e+00
-1.158999999999999986e+01 -5.000000000000000000e+00 -2.530752125928198981e-01
-1.159632688031481962e+01 -5.000000000000000000e+00 -1.581720078705124433e-01
3.860000000000000320e+00 -5.000000000000000000e+00 0.000000000000000000e+00
1.158999999999999986e+01 -5.000000000000000000e+00 -4.316344015741025331e+00
-1.158999999999999986e+01 5.000000000000000000e+00 -4.745160236115373298e-01
-1.159632688031481962e+01 5.000000000000000000e+00 -3.163440157410248865e-01
3.860000000000000320e+00 5.000000000000000000e+00 0.000000000000000000e+00
1.158999999999999986e+01 5.000000000000000000e+00 -3.683655984258975113e+00
-1.158999999999999986e+01 1.500000000000000000e+01 -6.326880314820497453e-02
-1.159632688031481962e+01 1.500000000000000000e+01 -3.163440157410248865e-01
3.860000000000000320e+00 1.500000000000000000e+01 0.000000000000000000e+00
1.158999999999999986e+01 1.500000000000000000e+01 -3.050967952776925340e+00
