-1.158999999999999986e+01 -1.500000000000000000e+01 -2.112330183025478370e+00
-9.016476816191403287e+00 -1.500000000000000000e+01 0.000000000000000000e+00
3.859999999999999876e+00 -1.500000000000000000e+01 -1.573058180812101359e-01
1.158999999999999986e+01 -1.500000000000000000e+01 -2.516893089299362396e-01
-1.158999999999999986e+01 -5.000000000000000000e+00 -2.112330183025478370e+00
-9.016476816191403287e+00 -5.000000000000000000e+00 0.000000000000000000e+00
3.859999999999999876e+00 -5.000000000000000000e+00 -1.573058180812101359e-01
1.158999999999999986e+01 -5.000000000000000000e+00 -2.516893089299362396e-01
-1.158999999999999986e+01 5.000000000000000000e+00 -3.056165091512739185e+00
-9.016476816191403287e+00 5.000000000000000000e+00 0.000000000000000000e+00
3.859999999999999876e+00 5.000000000000000000e+00 -3.146116361624202717e-01
1.158999999999999986e+01 5.000000000000000000e+00 -4.719174542436304076e-01
-1.158999999999999986e+01 1.500000000000000000e+01 -4.000000000000000000e+00
-9.016476816191403287e+00 1.500000000000000000e+01 0.000000000000000000e+00
3.859999999999999876e+00 1.500000000000000000e+01 -3.146116361624202717e-01
1.158999999999999986e+01 1.500000000000000000e+01 -6.292232723248405990e-02
