-1.158999999999999986e+01 -1.500000000000000000e+01 -6.393869065169531518e-02
-9.255920341344893387e+00 -1.500000000000000000e+01 -3.996168165730956678e-02
3.859999999999999876e+00 -1.500000000000000000e+01 0.000000000000000000e+00
1.158999999999999986e+01 -1.500000000000000000e+01 -1.159846726629238267e+00
-1.158999999999999986e+01 -5.000000000000000000e+00 -6.393869065169531518e-02
-9.255920341344893387e+00 -5.000000000000000000e+00 -3.996168165730956678e-02
3.859999999999999876e+00 -5.000000000000000000e+00 0.000000000000000000e+00
1.158999999999999986e+01 -5.000000000000000000e+00 -1.159846726629238267e+00
-1.158999999999999986e+01 5.000000000000000000e+00 -1.198850449719287004e-01
-9.255920341344893387e+00 5.000000000000000000e+00 -7.992336331461913357e-02
3.859999999999999876e+00 5.000000000000000000e+00 0.000000000000000000e+00
1.158999999999999986e+01 5.000000000000000000e+00 -2.500000000000000000e+00
-1.158999999999999986e+01 1.500000000000000000e+01 -1.598467266292382880e-02
-9.255920341344893387e+00 1.500000000000000000e+01 -7.992336331461913357e-02
3.859999999999999876e+00 1.500000000000000000e+01 0.000000000000000000e+00
1.158999999999999986e+01 1.500000000000000000e+01 -4.000000000000000000e+00
