-1.158999999999999986e+01 -1.500000000000000000e+01 -4.314781489827586469e+00
-1.085542158910689636e+01 -1.500000000000000000e+01 0.000000000000000000e+00
3.859999999999999876e+00 -1.500000000000000000e+01 -3.426092550862068764e-01
1.158999999999999986e+01 -1.500000000000000000e+01 -9.926992325517240978e-01
-1.158999999999999986e+01 -5.000000000000000000e+00 -3.759125959310344989e+00
-1.085542158910689636e+01 -5.000000000000000000e+00 0.000000000000000000e+00
3.859999999999999876e+00 -5.000000000000000000e+00 -3.426092550862068764e-01
1.158999999999999986e+01 -5.000000000000000000e+00 -7.148714672931033576e-01
-1.158999999999999986e+01 5.000000000000000000e+00 -2.573907449137931014e+00
-1.085542158910689636e+01 5.000000000000000000e+00 0.000000000000000000e+00
3.859999999999999876e+00 5.000000000000000000e+00 -4.073907449137931236e-01
1.158999999999999986e+01 5.000000000000000000e+00 -9.352185101724137528e-01
-1.158999999999999986e+01 1.500000000000000000e+01 -1.944344469482758742e+00
-1.085542158910689636e+01 1.500000000000000000e+01 0.000000000000000000e+00
3.859999999999999876e+00 1.500000000000000000e+01 -4.073907449137931236e-01
1.158999999999999986e+01 1.500000000000000000e+01 -8.038303386551722829e-01
