-1.071383468378563109e+01 -1.500000000000000000e+01 -3.628495948643108537e+00
-1.134233063242873740e+01 -1.500000000000000000e+01 0.000000000000000000e+00
3.859999999999999876e+00 -1.500000000000000000e+01 -3.095867094640761263e-02
1.158999999999999986e+01 -1.500000000000000000e+01 -4.953387351425218160e-02
-1.158999999999999986e+01 -5.000000000000000000e+00 -3.628495948643108537e+00
-1.134233063242873740e+01 -5.000000000000000000e+00 0.000000000000000000e+00
3.859999999999999876e+00 -5.000000000000000000e+00 -3.095867094640761263e-02
1.158999999999999986e+01 -5.000000000000000000e+00 -4.953387351425218160e-02
-1.246616531621437041e+01 5.000000000000000000e+00 -3.814247974321554491e+00
-1.134233063242873740e+01 5.000000000000000000e+00 0.000000000000000000e+00
3.859999999999999876e+00 5.000000000000000000e+00 -6.191734189281522527e-02
1.158999999999999986e+01 5.000000000000000000e+00 -9.287601283922283790e-02
-1.246616531621437041e+01 1.500000000000000000e+01 -4.000000000000000000e+00
-1.134233063242873740e+01 1.500000000000000000e+01 0.000000000000000000e+00
3.859999999999999876e+00 1.500000000000000000e+01 -6.191734189281522527e-02
1.158999999999999986e+01 1.500000000000000000e+01 -1.238346837856304540e-02
