-1.143318610722999296e+01 -1.500000000000000000e+01 0.000000000000000000e+00
-9.903627785540013662e+00 -1.500000000000000000e+01 0.000000000000000000e+00
3.859999999999999432e+00 -1.500000000000000000e+01 0.000000000000000000e+00
1.158999999999999986e+01 -1.500000000000000000e+01 -1.470441678310020706e+00
-1.158999999999999986e+01 -5.000000000000000000e+00 0.000000000000000000e+00
-9.903627785540013662e+00 -5.000000000000000000e+00 0.000000000000000000e+00
3.859999999999999432e+00 -5.000000000000000000e+00 0.000000000000000000e+00
1.158999999999999986e+01 -5.000000000000000000e+00 -1.470441678310020706e+00
-1.174681389277000676e+01 5.000000000000000000e+00 0.000000000000000000e+00
-9.903627785540013662e+00 5.000000000000000000e+00 0.000000000000000000e+00
3.859999999999999432e+00 5.000000000000000000e+00 0.000000000000000000e+00
1.158999999999999986e+01 5.000000000000000000e+00 -2.735220839155010353e+00
-1.174681389277000676e+01 1.500000000000000000e+01 0.000000000000000000e+00
-9.903627785540013662e+00 1.500000000000000000e+01 0.000000000000000000e+00
3.859999999999999432e+00 1.500000000000000000e+01 0.000000000000000000e+00
1.158999999999999986e+01 1.500000000000000000e+01 -4.000000000000000000e+00
