-1.165398834756386215e+01 -1.500000000000000000e+01 -1.191965042691584209e+00
-7.761712341536192383e+00 -1.500000000000000000e+01 0.000000000000000000e+00
3.859999999999999876e+00 -1.500000000000000000e+01 -2.340029131090346493e-01
1.158999999999999986e+01 -1.500000000000000000e+01 -3.744046609744554610e-01
-1.165398834756386215e+01 -5.000000000000000000e+00 -1.191965042691584209e+00
-7.761712341536192383e+00 -5.000000000000000000e+00 0.000000000000000000e+00
3.859999999999999876e+00 -5.000000000000000000e+00 -2.340029131090346493e-01
1.158999999999999986e+01 -5.000000000000000000e+00 -3.744046609744554610e-01
-1.165398834756386215e+01 5.000000000000000000e+00 -2.595982521345792104e+00
-7.761712341536192383e+00 5.000000000000000000e+00 0.000000000000000000e+00
3.859999999999999876e+00 5.000000000000000000e+00 -4.680058262180692985e-01
1.158999999999999986e+01 5.000000000000000000e+00 -7.020087393271039478e-01
-1.165398834756386215e+01 1.500000000000000000e+01 -4.000000000000000000e+00
-7.761712341536192383e+00 1.500000000000000000e+01 0.000000000000000000e+00
3.859999999999999876e+00 1.500000000000000000e+01 -4.680058262180692985e-01
1.158999999999999986e+01 1.500000000000000000e+01 -9.360116524361386525e-02
