-1.158999999999999986e+01 -1.500000000000000000e+01 -8.323965997896234370e-01
-9.006181489267188311e+00 -1.500000000000000000e+01 -6.983475008765688274e-02
3.859999999999999432e+00 -1.500000000000000000e+01 0.000000000000000000e+00
1.158999999999999986e+01 -1.500000000000000000e+01 -8.380170010518825929e-01
-1.158999999999999986e+01 -5.000000000000000000e+00 -8.323965997896234370e-01
-9.006181489267188311e+00 -5.000000000000000000e+00 -6.983475008765688274e-02
3.859999999999999432e+00 -5.000000000000000000e+00 0.000000000000000000e+00
1.158999999999999986e+01 -5.000000000000000000e+00 -8.380170010518825929e-01
-1.158999999999999986e+01 5.000000000000000000e+00 -2.011156749386401987e+00
-9.006181489267188311e+00 5.000000000000000000e+00 -1.396695001753137655e-01
3.859999999999999432e+00 5.000000000000000000e+00 0.000000000000000000e+00
1.158999999999999986e+01 5.000000000000000000e+00 -8.380170010518825929e-01
-1.158999999999999986e+01 1.500000000000000000e+01 -2.910577898632552785e+00
-9.006181489267188311e+00 1.500000000000000000e+01 -1.396695001753137655e-01
3.859999999999999432e+00 1.500000000000000000e+01 0.000000000000000000e+00
1.158999999999999986e+01 1.500000000000000000e+01 -8.380170010518825929e-01
