-1.158999999999999986e+01 -1.500000000000000000e+01 -3.501443565483612019e+00
-1.079716062664882337e+01 -1.500000000000000000e+01 -1.997112869032776072e-01
3.859999999999999876e+00 -1.500000000000000000e+01 -1.501443565483611964e-01
1.158999999999999986e+01 -1.500000000000000000e+01 -1.837921265703598817e+00
-1.158999999999999986e+01 -5.000000000000000000e+00 -3.201876635128695359e+00
-1.079716062664882337e+01 -5.000000000000000000e+00 -1.997112869032776072e-01
3.859999999999999876e+00 -5.000000000000000000e+00 -1.501443565483611964e-01
1.158999999999999986e+01 -5.000000000000000000e+00 -1.238787404993765939e+00
-1.158999999999999986e+01 5.000000000000000000e+00 -2.601299208935250906e+00
-1.079716062664882337e+01 5.000000000000000000e+00 -9.985564345163880362e-02
3.859999999999999876e+00 5.000000000000000000e+00 -3.002887130967223928e-01
1.158999999999999986e+01 5.000000000000000000e+00 -8.498556434516387759e-01
-1.158999999999999986e+01 1.500000000000000000e+01 -2.300288713096722226e+00
-1.079716062664882337e+01 1.500000000000000000e+01 -9.985564345163880362e-02
3.859999999999999876e+00 1.500000000000000000e+01 -3.002887130967223928e-01
1.158999999999999986e+01 1.500000000000000000e+01 -4.594803164258997041e-01
