-1.158999999999999986e+01 -1.500000000000000000e+01 -2.527667024263811069e-01
-1.107309209353805102e+01 -1.500000000000000000e+01 0.000000000000000000e+00
3.859999999999999876e+00 -1.500000000000000000e+01 -3.159583780329763836e-02
1.158999999999999986e+01 -1.500000000000000000e+01 -1.797786638058895159e+00
-1.158999999999999986e+01 -5.000000000000000000e+00 -2.527667024263811069e-01
-1.107309209353805102e+01 -5.000000000000000000e+00 0.000000000000000000e+00
3.859999999999999876e+00 -5.000000000000000000e+00 -3.159583780329763836e-02
1.158999999999999986e+01 -5.000000000000000000e+00 -1.797786638058895159e+00
-1.158999999999999986e+01 5.000000000000000000e+00 -3.159583780329763836e-01
-1.107309209353805102e+01 5.000000000000000000e+00 0.000000000000000000e+00
3.859999999999999876e+00 5.000000000000000000e+00 -6.319167560659527672e-02
1.158999999999999986e+01 5.000000000000000000e+00 -2.715637459770321449e+00
-1.158999999999999986e+01 1.500000000000000000e+01 -5.055334048527622137e-01
-1.107309209353805102e+01 1.500000000000000000e+01 0.000000000000000000e+00
3.859999999999999876e+00 1.500000000000000000e+01 -6.319167560659527672e-02
1.158999999999999986e+01 1.500000000000000000e+01 -3.507104930268556853e+00
