-1.158999999999999986e+01 -1.500000000000000000e+01 -4.087442510389498018e+00
-1.141572432130730874e+01 -1.500000000000000000e+01 0.000000000000000000e+00
3.859999999999999876e+00 -1.500000000000000000e+01 -2.270801394660832417e-01
1.158999999999999986e+01 -1.500000000000000000e+01 -4.550076652814002420e-01
-1.158999999999999986e+01 -5.000000000000000000e+00 -4.087442510389498018e+00
-1.141572432130730874e+01 -5.000000000000000000e+00 0.000000000000000000e+00
3.859999999999999876e+00 -5.000000000000000000e+00 -2.270801394660832417e-01
1.158999999999999986e+01 -5.000000000000000000e+00 -4.550076652814002420e-01
-1.158999999999999986e+01 5.000000000000000000e+00 -3.179121952525165273e+00
-1.141572432130730874e+01 5.000000000000000000e+00 0.000000000000000000e+00
3.859999999999999876e+00 5.000000000000000000e+00 -4.541602789321664835e-01
1.158999999999999986e+01 5.000000000000000000e+00 -9.104390237374172523e-01
-1.158999999999999986e+01 1.500000000000000000e+01 -2.270801394660832528e+00
-1.141572432130730874e+01 1.500000000000000000e+01 0.000000000000000000e+00
3.859999999999999876e+00 1.500000000000000000e+01 -4.541602789321664835e-01
1.158999999999999986e+01 1.500000000000000000e+01 -4.575498243291014067e-01
