-1.158999999999999986e+01 -1.500000000000000000e+01 -3.622001555172444043e+00
-1.089408925035864506e+01 -1.500000000000000000e+01 -1.755996889655112025e-01
3.859999999999999432e+00 -1.500000000000000000e+01 -1.622001555172443987e-01
1.158999999999999986e+01 -1.500000000000000000e+01 -1.664317760551680792e+00
-1.158999999999999986e+01 -5.000000000000000000e+00 -3.358602021724176989e+00
-1.089408925035864506e+01 -5.000000000000000000e+00 -1.755996889655112025e-01
3.859999999999999432e+00 -5.000000000000000000e+00 -1.622001555172443987e-01
1.158999999999999986e+01 -5.000000000000000000e+00 -1.137518693655147128e+00
-1.158999999999999986e+01 5.000000000000000000e+00 -2.709801399655199727e+00
-1.089408925035864506e+01 5.000000000000000000e+00 -8.779984448275560127e-02
3.859999999999999432e+00 5.000000000000000000e+00 -3.244003110344887975e-01
1.158999999999999986e+01 5.000000000000000000e+00 -8.377998444827555735e-01
-1.158999999999999986e+01 1.500000000000000000e+01 -2.324400311034488631e+00
-1.089408925035864506e+01 1.500000000000000000e+01 -8.779984448275560127e-02
3.859999999999999432e+00 1.500000000000000000e+01 -3.244003110344887975e-01
1.158999999999999986e+01 1.500000000000000000e+01 -4.160794401379201979e-01
