-1.158999999999999986e+01 -1.500000000000000000e+01 -1.463346789939272696e-01
-9.589999999999999858e+00 -1.500000000000000000e+01 0.000000000000000000e+00
3.859999999999999876e+00 -1.500000000000000000e+01 -3.658366974848181741e-02
1.158999999999999986e+01 -1.500000000000000000e+01 -9.121991926036436826e-01
-1.158999999999999986e+01 -5.000000000000000000e+00 -1.463346789939272696e-01
-9.589999999999999858e+00 -5.000000000000000000e+00 0.000000000000000000e+00
3.859999999999999876e+00 -5.000000000000000000e+00 -3.658366974848181741e-02
1.158999999999999986e+01 -5.000000000000000000e+00 -9.121991926036436826e-01
-1.158999999999999986e+01 5.000000000000000000e+00 -3.658366974848181741e-01
-9.589999999999999858e+00 5.000000000000000000e+00 0.000000000000000000e+00
3.859999999999999876e+00 5.000000000000000000e+00 -7.316733949696363482e-02
1.158999999999999986e+01 5.000000000000000000e+00 -2.243914311760627278e+00
-1.158999999999999986e+01 1.500000000000000000e+01 -5.853387159757090785e-01
-9.589999999999999858e+00 1.500000000000000000e+01 0.000000000000000000e+00
3.859999999999999876e+00 1.500000000000000000e+01 -7.316733949696363482e-02
1.158999999999999986e+01 1.500000000000000000e+01 -3.429294751923683826e+00
