-1.248119814784648440e+01 -1.500000000000000000e+01 -3.673594443539454524e+00
-1.137239629569296895e+01 -1.500000000000000000e+01 0.000000000000000000e+00
3.859999999999999876e+00 -1.500000000000000000e+01 -2.720046303837880819e-02
1.158999999999999986e+01 -1.500000000000000000e+01 -4.352074086140609449e-02
-1.248119814784648440e+01 -5.000000000000000000e+00 -3.673594443539454524e+00
-1.137239629569296895e+01 -5.000000000000000000e+00 0.000000000000000000e+00
3.859999999999999876e+00 -5.000000000000000000e+00 -2.720046303837880819e-02
1.158999999999999986e+01 -5.000000000000000000e+00 -4.352074086140609449e-02
-1.248119814784648440e+01 5.000000000000000000e+00 -3.836797221769727262e+00
-1.137239629569296895e+01 5.000000000000000000e+00 0.000000000000000000e+00
3.859999999999999876e+00 5.000000000000000000e+00 -5.440092607675761638e-02
1.158999999999999986e+01 5.000000000000000000e+00 -8.160138911513642457e-02
-1.248119814784648440e+01 1.500000000000000000e+01 -4.000000000000000000e+00
-1.137239629569296895e+01 1.500000000000000000e+01 0.000000000000000000e+00
3.859999999999999876e+00 1.500000000000000000e+01 -5.440092607675761638e-02
1.158999999999999986e+01 1.500000000000000000e+01 -1.088018521535152362e-02
