-1.158999999999999986e+01 -1.500000000000000000e+01 -4.000000000000000000e+00
-9.595751548288891541e+00 -1.500000000000000000e+01 0.000000000000000000e+00
3.859999999999999876e+00 -1.500000000000000000e+01 -4.985621129277769126e-01
1.158999999999999986e+01 -1.500000000000000000e+01 -1.994248451711107650e+00
-1.158999999999999986e+01 -5.000000000000000000e+00 -2.504313661216669207e+00
-9.595751548288891541e+00 -5.000000000000000000e+00 0.000000000000000000e+00
3.859999999999999876e+00 -5.000000000000000000e+00 -4.985621129277769126e-01
1.158999999999999986e+01 -5.000000000000000000e+00 -1.246405282319442254e+00
-1.158999999999999986e+01 5.000000000000000000e+00 -1.008627322433338414e+00
-9.595751548288891541e+00 5.000000000000000000e+00 0.000000000000000000e+00
3.859999999999999876e+00 5.000000000000000000e+00 -2.492810564638884563e-01
1.158999999999999986e+01 5.000000000000000000e+00 -1.246405282319442254e+00
-1.158999999999999986e+01 1.500000000000000000e+01 -1.008627322433338414e+00
-9.595751548288891541e+00 1.500000000000000000e+01 0.000000000000000000e+00
3.859999999999999876e+00 1.500000000000000000e+01 -2.492810564638884563e-01
1.158999999999999986e+01 1.500000000000000000e+01 -1.994248451711107650e+00
