-1.158999999999999986e+01 -1.500000000000000000e+01 -2.000000000000000000e+00
-8.402289574030621822e+00 -1.500000000000000000e+01 0.000000000000000000e+00
3.859999999999999876e+00 -1.500000000000000000e+01 -1.948478255482504473e-01
1.158999999999999986e+01 -1.500000000000000000e+01 -3.117565208772007379e-01
-1.158999999999999986e+01 -5.000000000000000000e+00 -2.000000000000000000e+00
-8.402289574030621822e+00 -5.000000000000000000e+00 0.000000000000000000e+00
3.859999999999999876e+00 -5.000000000000000000e+00 -1.948478255482504473e-01
1.158999999999999986e+01 -5.000000000000000000e+00 -3.117565208772007379e-01
-1.158999999999999986e+01 5.000000000000000000e+00 -2.610304348903499161e+00
-8.402289574030621822e+00 5.000000000000000000e+00 0.000000000000000000e+00
3.859999999999999876e+00 5.000000000000000000e+00 -3.896956510965008946e-01
1.158999999999999986e+01 5.000000000000000000e+00 -5.845434766447513697e-01
-1.158999999999999986e+01 1.500000000000000000e+01 -4.000000000000000000e+00
-8.402289574030621822e+00 1.500000000000000000e+01 0.000000000000000000e+00
3.859999999999999876e+00 1.500000000000000000e+01 -3.896956510965008946e-01
1.158999999999999986e+01 1.500000000000000000e+01 -7.793913021930018448e-02
