-1.162480266639880710e+01 -1.500000000000000000e+01 -4.000000000000000000e+00
-1.158999999999999986e+01 -1.500000000000000000e+01 0.000000000000000000e+00
3.859999999999999876e+00 -1.500000000000000000e+01 0.000000000000000000e+00
1.158999999999999986e+01 -1.500000000000000000e+01 -1.930394667202385062e+00
-1.162480266639880710e+01 -5.000000000000000000e+00 -4.000000000000000000e+00
-1.158999999999999986e+01 -5.000000000000000000e+00 0.000000000000000000e+00
3.859999999999999876e+00 -5.000000000000000000e+00 0.000000000000000000e+00
1.158999999999999986e+01 -5.000000000000000000e+00 -1.930394667202385062e+00
-1.162480266639880710e+01 5.000000000000000000e+00 -4.000000000000000000e+00
-1.158999999999999986e+01 5.000000000000000000e+00 0.000000000000000000e+00
3.859999999999999876e+00 5.000000000000000000e+00 0.000000000000000000e+00
1.158999999999999986e+01 5.000000000000000000e+00 -1.930394667202385062e+00
-1.162480266639880710e+01 1.500000000000000000e+01 -4.000000000000000000e+00
-1.158999999999999986e+01 1.500000000000000000e+01 0.000000000000000000e+00
3.859999999999999876e+00 1.500000000000000000e+01 0.000000000000000000e+00
1.158999999999999986e+01 1.500000000000000000e+01 -1.930394667202385062e+00
