-1.237690907055729639e+01 -1.500000000000000000e+01 -8.523637177708108525e-02
-1.116594905040902042e+01 -1.500000000000000000e+01 -5.327273236067567308e-02
3.859999999999999876e+00 -1.500000000000000000e+01 0.000000000000000000e+00
1.158999999999999986e+01 -1.500000000000000000e+01 -4.106545464721351735e+00
-1.237690907055729639e+01 -5.000000000000000000e+00 -8.523637177708108525e-02
-1.116594905040902042e+01 -5.000000000000000000e+00 -5.327273236067567308e-02
3.859999999999999876e+00 -5.000000000000000000e+00 0.000000000000000000e+00
1.158999999999999986e+01 -5.000000000000000000e+00 -4.106545464721351735e+00
-1.237690907055729639e+01 5.000000000000000000e+00 -1.598181970820270192e-01
-1.116594905040902042e+01 5.000000000000000000e+00 -1.065454647213513462e-01
3.859999999999999876e+00 5.000000000000000000e+00 0.000000000000000000e+00
1.158999999999999986e+01 5.000000000000000000e+00 -3.893454535278648709e+00
-1.237690907055729639e+01 1.500000000000000000e+01 -2.130909294427027131e-02
-1.116594905040902042e+01 1.500000000000000000e+01 -1.065454647213513462e-01
3.859999999999999876e+00 1.500000000000000000e+01 0.000000000000000000e+00
1.158999999999999986e+01 1.500000000000000000e+01 -3.680363605835945684e+00
