-1.158999999999999986e+01 -1.500000000000000000e+01 -1.977846308461309377e+00
-1.156244634614875366e+01 -1.500000000000000000e+01 -3.461514302920409847e-03
3.859999999999999876e+00 -1.500000000000000000e+01 0.000000000000000000e+00
1.158999999999999986e+01 -1.500000000000000000e+01 -6.230725745256737724e-02
-1.158999999999999986e+01 -5.000000000000000000e+00 -1.977846308461309377e+00
-1.156244634614875366e+01 -5.000000000000000000e+00 -3.461514302920409847e-03
3.859999999999999876e+00 -5.000000000000000000e+00 0.000000000000000000e+00
1.158999999999999986e+01 -5.000000000000000000e+00 -6.230725745256737724e-02
-1.158999999999999986e+01 5.000000000000000000e+00 -2.968846371273716311e+00
-1.156244634614875366e+01 5.000000000000000000e+00 -6.923028605840819694e-03
3.859999999999999876e+00 5.000000000000000000e+00 0.000000000000000000e+00
1.158999999999999986e+01 5.000000000000000000e+00 -4.846120024088573786e-02
-1.158999999999999986e+01 1.500000000000000000e+01 -3.946000376874441606e+00
-1.156244634614875366e+01 1.500000000000000000e+01 -6.923028605840819694e-03
3.859999999999999876e+00 1.500000000000000000e+01 0.000000000000000000e+00
1.158999999999999986e+01 1.500000000000000000e+01 -3.461514302920409847e-02
