-1.158999999999999986e+01 -1.500000000000000000e+01 -2.719288721106647988e-01
-8.809527282668451420e+00 -1.500000000000000000e+01 -1.699555450691654923e-01
3.860000000000000320e+00 -1.500000000000000000e+01 0.000000000000000000e+00
1.158999999999999986e+01 -1.500000000000000000e+01 -2.679822180276662191e+00
-1.158999999999999986e+01 -5.000000000000000000e+00 -2.719288721106647988e-01
-8.809527282668451420e+00 -5.000000000000000000e+00 -1.699555450691654923e-01
3.860000000000000320e+00 -5.000000000000000000e+00 0.000000000000000000e+00
1.158999999999999986e+01 -5.000000000000000000e+00 -2.679822180276662191e+00
-1.158999999999999986e+01 5.000000000000000000e+00 -5.098666352074965324e-01
-8.809527282668451420e+00 5.000000000000000000e+00 -3.399110901383309846e-01
3.860000000000000320e+00 5.000000000000000000e+00 0.000000000000000000e+00
1.158999999999999986e+01 5.000000000000000000e+00 -3.000000000000000000e+00
-1.158999999999999986e+01 1.500000000000000000e+01 -6.798221802766619970e-02
-8.809527282668451420e+00 1.500000000000000000e+01 -3.399110901383309846e-01
3.860000000000000320e+00 1.500000000000000000e+01 0.000000000000000000e+00
1.158999999999999986e+01 1.500000000000000000e+01 -3.320177819723338253e+00
