-1.158999999999999986e+01 -1.500000000000000000e+01 -3.841669073418942038e+00
-9.678401434007756876e+00 -1.500000000000000000e+01 -1.099520323479569184e-02
3.859999999999999876e+00 -1.500000000000000000e+01 0.000000000000000000e+00
1.158999999999999986e+01 -1.500000000000000000e+01 -1.979136582263224531e-01
-1.158999999999999986e+01 -5.000000000000000000e+00 -2.407640292827716078e+00
-9.678401434007756876e+00 -5.000000000000000000e+00 -1.099520323479569184e-02
3.859999999999999876e+00 -5.000000000000000000e+00 0.000000000000000000e+00
1.158999999999999986e+01 -5.000000000000000000e+00 -1.979136582263224531e-01
-1.158999999999999986e+01 5.000000000000000000e+00 -9.890047967652042527e-01
-9.678401434007756876e+00 5.000000000000000000e+00 -2.199040646959138368e-02
3.859999999999999876e+00 5.000000000000000000e+00 0.000000000000000000e+00
1.158999999999999986e+01 5.000000000000000000e+00 -1.539328452871396857e-01
-1.158999999999999986e+01 1.500000000000000000e+01 -9.604172683547355094e-01
-9.678401434007756876e+00 1.500000000000000000e+01 -2.199040646959138368e-02
3.859999999999999876e+00 1.500000000000000000e+01 0.000000000000000000e+00
1.158999999999999986e+01 1.500000000000000000e+01 -1.099520323479569184e-01
