-1.235169807665581487e+01 -1.500000000000000000e+01 -4.000000000000000000e+00
-1.111339615331162989e+01 -1.500000000000000000e+01 0.000000000000000000e+00
3.859999999999999876e+00 -1.500000000000000000e+01 0.000000000000000000e+00
1.158999999999999986e+01 -1.500000000000000000e+01 0.000000000000000000e+00
-1.235169807665581487e+01 -5.000000000000000000e+00 -3.642547114983722967e+00
-1.111339615331162989e+01 -5.000000000000000000e+00 0.000000000000000000e+00
3.859999999999999876e+00 -5.000000000000000000e+00 0.000000000000000000e+00
1.158999999999999986e+01 -5.000000000000000000e+00 0.000000000000000000e+00
-1.235169807665581487e+01 5.000000000000000000e+00 -3.285094229967445933e+00
-1.111339615331162989e+01 5.000000000000000000e+00 0.000000000000000000e+00
3.859999999999999876e+00 5.000000000000000000e+00 0.000000000000000000e+00
1.158999999999999986e+01 5.000000000000000000e+00 0.000000000000000000e+00
-1.235169807665581487e+01 1.500000000000000000e+01 -3.285094229967445933e+00
-1.111339615331162989e+01 1.500000000000000000e+01 0.000000000000000000e+00
3.859999999999999876e+00 1.500000000000000000e+01 0.000000000000000000e+00
1.158999999999999986e+01 1.500000000000000000e+01 0.000000000000000000e+00
