-1.158999999999999986e+01 -1.500000000000000000e+01 -1.696223506406883408e-01
-9.589999999999999858e+00 -1.500000000000000000e+01 -1.060139691504302095e-01
3.860000000000000320e+00 -1.500000000000000000e+01 0.000000000000000000e+00
1.158999999999999986e+01 -1.500000000000000000e+01 -2.727832370194837708e+00
-1.158999999999999986e+01 -5.000000000000000000e+00 -1.696223506406883408e-01
-9.589999999999999858e+00 -5.000000000000000000e+00 -1.060139691504302095e-01
3.860000000000000320e+00 -5.000000000000000000e+00 0.000000000000000000e+00
1.158999999999999986e+01 -5.000000000000000000e+00 -1.863916185097418632e+00
-1.158999999999999986e+01 5.000000000000000000e+00 -3.180419074512906286e-01
-9.589999999999999858e+00 5.000000000000000000e+00 -2.120279383008604190e-01
3.860000000000000320e+00 5.000000000000000000e+00 0.000000000000000000e+00
1.158999999999999986e+01 5.000000000000000000e+00 -1.636083814902581368e+00
-1.158999999999999986e+01 1.500000000000000000e+01 -4.240558766017208520e-02
-9.589999999999999858e+00 1.500000000000000000e+01 -2.120279383008604190e-01
3.860000000000000320e+00 1.500000000000000000e+01 0.000000000000000000e+00
1.158999999999999986e+01 1.500000000000000000e+01 -2.272167629805162292e+00
