-1.158999999999999986e+01 -1.500000000000000000e+01 -4.598932754607166773e-01
-7.500000000000000000e+00 -1.500000000000000000e+01 -2.250444685580347270e-01
3.859999999999999876e+00 -1.500000000000000000e+01 -2.495553144196527295e-02
1.158999999999999986e+01 -1.500000000000000000e+01 -2.740462473003561161e+00
-1.158999999999999986e+01 -5.000000000000000000e+00 -4.598932754607166773e-01
-7.500000000000000000e+00 -5.000000000000000000e+00 -2.250444685580347270e-01
3.859999999999999876e+00 -5.000000000000000000e+00 -2.495553144196527295e-02
1.158999999999999986e+01 -5.000000000000000000e+00 -2.740462473003561161e+00
-1.158999999999999986e+01 5.000000000000000000e+00 -9.246887200937569107e-01
-7.500000000000000000e+00 5.000000000000000000e+00 -4.500889371160694541e-01
3.859999999999999876e+00 5.000000000000000000e+00 -4.991106288393054591e-02
1.158999999999999986e+01 5.000000000000000000e+00 -2.775400217022312432e+00
-1.158999999999999986e+01 1.500000000000000000e+01 -4.893062904946582359e-01
-7.500000000000000000e+00 1.500000000000000000e+01 -4.500889371160694541e-01
3.859999999999999876e+00 1.500000000000000000e+01 -4.991106288393054591e-02
1.158999999999999986e+01 1.500000000000000000e+01 -2.710515835273202612e+00
