-1.158999999999999986e+01 -1.500000000000000000e+01 -3.286861595197652086e+00
-9.946569202401173371e+00 -1.500000000000000000e+01 0.000000000000000000e+00
3.859999999999999876e+00 -1.500000000000000000e+01 -4.108576993997065108e-01
1.158999999999999986e+01 -1.500000000000000000e+01 -2.356569202401173957e+00
-1.158999999999999986e+01 -5.000000000000000000e+00 -2.054288496998532665e+00
-9.946569202401173371e+00 -5.000000000000000000e+00 0.000000000000000000e+00
3.859999999999999876e+00 -5.000000000000000000e+00 -4.108576993997065108e-01
1.158999999999999986e+01 -5.000000000000000000e+00 -1.740282653301614246e+00
-1.158999999999999986e+01 5.000000000000000000e+00 -8.217153987994130215e-01
-9.946569202401173371e+00 5.000000000000000000e+00 0.000000000000000000e+00
3.859999999999999876e+00 5.000000000000000000e+00 -2.054288496998532554e-01
1.158999999999999986e+01 5.000000000000000000e+00 -1.740282653301614246e+00
-1.158999999999999986e+01 1.500000000000000000e+01 -8.217153987994130215e-01
-9.946569202401173371e+00 1.500000000000000000e+01 0.000000000000000000e+00
3.859999999999999876e+00 1.500000000000000000e+01 -2.054288496998532554e-01
1.158999999999999986e+01 1.500000000000000000e+01 -2.356569202401173957e+00
