-1.158999999999999986e+01 -1.500000000000000000e+01 -4.295419193418847037e+00
-1.159590838386837675e+01 -1.500000000000000000e+01 0.000000000000000000e+00
3.859999999999999876e+00 -1.500000000000000000e+01 -1.477095967094235740e-01
1.158999999999999986e+01 -1.500000000000000000e+01 -1.054658581059689126e+00
-1.158999999999999986e+01 -5.000000000000000000e+00 -4.295419193418847037e+00
-1.159590838386837675e+01 -5.000000000000000000e+00 0.000000000000000000e+00
3.859999999999999876e+00 -5.000000000000000000e+00 -1.477095967094235740e-01
1.158999999999999986e+01 -5.000000000000000000e+00 -1.054658581059689126e+00
-1.158999999999999986e+01 5.000000000000000000e+00 -3.704580806581152963e+00
-1.159590838386837675e+01 5.000000000000000000e+00 0.000000000000000000e+00
3.859999999999999876e+00 5.000000000000000000e+00 -2.954191934188471480e-01
1.158999999999999986e+01 5.000000000000000000e+00 -1.261452016452882186e+00
-1.158999999999999986e+01 1.500000000000000000e+01 -3.113742419743458445e+00
-1.159590838386837675e+01 1.500000000000000000e+01 0.000000000000000000e+00
3.859999999999999876e+00 1.500000000000000000e+01 -2.954191934188471480e-01
1.158999999999999986e+01 1.500000000000000000e+01 -8.774070650083808376e-01
