-1.158999999999999986e+01 -1.500000000000000000e+01 -6.188125982199710329e-01
-9.304176043575163035e+00 -1.500000000000000000e+01 -2.158105315281295400e-01
3.859999999999999876e+00 -1.500000000000000000e+01 -3.418946847187046001e-02
1.158999999999999986e+01 -1.500000000000000000e+01 -9.179452756675109404e-01
-1.158999999999999986e+01 -5.000000000000000000e+00 -6.188125982199710329e-01
-9.304176043575163035e+00 -5.000000000000000000e+00 -2.158105315281295400e-01
3.859999999999999876e+00 -5.000000000000000000e+00 -3.418946847187046001e-02
1.158999999999999986e+01 -5.000000000000000000e+00 -9.179452756675109404e-01
-1.158999999999999986e+01 5.000000000000000000e+00 -9.893262793030932478e-01
-9.304176043575163035e+00 5.000000000000000000e+00 -4.316210630562590800e-01
3.859999999999999876e+00 5.000000000000000000e+00 -6.837893694374092002e-02
1.158999999999999986e+01 5.000000000000000000e+00 -2.260673720696906752e+00
-1.158999999999999986e+01 1.500000000000000000e+01 -6.333557081611791428e-01
-9.304176043575163035e+00 1.500000000000000000e+01 -4.316210630562590800e-01
3.859999999999999876e+00 1.500000000000000000e+01 -6.837893694374092002e-02
1.158999999999999986e+01 1.500000000000000000e+01 -3.466644291838820724e+00
