-1.158999999999999986e+01 -1.500000000000000000e+01 -2.565203177138127177e+00
-1.159226081270855246e+01 -1.500000000000000000e+01 0.000000000000000000e+00
3.859999999999999876e+00 -1.500000000000000000e+01 -5.652031771381271774e-02
1.158999999999999986e+01 -1.500000000000000000e+01 -3.186107424921096776e+00
-1.158999999999999986e+01 -5.000000000000000000e+00 -2.565203177138127177e+00
-1.159226081270855246e+01 -5.000000000000000000e+00 0.000000000000000000e+00
3.859999999999999876e+00 -5.000000000000000000e+00 -5.652031771381271774e-02
1.158999999999999986e+01 -5.000000000000000000e+00 -3.186107424921096776e+00
-1.158999999999999986e+01 5.000000000000000000e+00 -2.339121906282876306e+00
-1.159226081270855246e+01 5.000000000000000000e+00 0.000000000000000000e+00
3.859999999999999876e+00 5.000000000000000000e+00 -1.130406354276254355e-01
1.158999999999999986e+01 5.000000000000000000e+00 -3.265235869720434891e+00
-1.158999999999999986e+01 1.500000000000000000e+01 -2.113040635427625435e+00
-1.159226081270855246e+01 1.500000000000000000e+01 0.000000000000000000e+00
3.859999999999999876e+00 1.500000000000000000e+01 -1.130406354276254355e-01
1.158999999999999986e+01 1.500000000000000000e+01 -3.118283043664521692e+00
