-1.172994019591621928e+01 -1.500000000000000000e+01 -3.440239216335121974e-01
-1.159860059804083754e+01 -1.500000000000000000e+01 -2.150149510209451165e-01
3.859999999999999876e+00 -1.500000000000000000e+01 0.000000000000000000e+00
1.158999999999999986e+01 -1.500000000000000000e+01 -4.430029902041890288e+00
-1.172994019591621928e+01 -5.000000000000000000e+00 -3.440239216335121974e-01
-1.159860059804083754e+01 -5.000000000000000000e+00 -2.150149510209451165e-01
3.859999999999999876e+00 -5.000000000000000000e+00 0.000000000000000000e+00
1.158999999999999986e+01 -5.000000000000000000e+00 -4.430029902041890288e+00
-1.172994019591621928e+01 5.000000000000000000e+00 -6.450448530628353216e-01
-1.159860059804083754e+01 5.000000000000000000e+00 -4.300299020418902329e-01
3.859999999999999876e+00 5.000000000000000000e+00 0.000000000000000000e+00
1.158999999999999986e+01 5.000000000000000000e+00 -3.569970097958109712e+00
-1.172994019591621928e+01 1.500000000000000000e+01 -8.600598040837804936e-02
-1.159860059804083754e+01 1.500000000000000000e+01 -4.300299020418902329e-01
3.859999999999999876e+00 1.500000000000000000e+01 0.000000000000000000e+00
1.158999999999999986e+01 1.500000000000000000e+01 -2.709910293874329135e+00
