-1.158999999999999986e+01 -1.500000000000000000e+01 -2.688217895899092102e+00
-1.009966977617424710e+01 -1.500000000000000000e+01 -9.109597945145192499e-02
3.860000000000000320e+00 -1.500000000000000000e+01 0.000000000000000000e+00
1.158999999999999986e+01 -1.500000000000000000e+01 -2.000000000000000000e+00
-1.158999999999999986e+01 -5.000000000000000000e+00 -2.688217895899092102e+00
-1.009966977617424710e+01 -5.000000000000000000e+00 -9.109597945145192499e-02
3.860000000000000320e+00 -5.000000000000000000e+00 0.000000000000000000e+00
1.158999999999999986e+01 -5.000000000000000000e+00 -2.000000000000000000e+00
-1.158999999999999986e+01 5.000000000000000000e+00 -2.815752267131125031e+00
-1.009966977617424710e+01 5.000000000000000000e+00 -1.821919589029038500e-01
3.860000000000000320e+00 5.000000000000000000e+00 0.000000000000000000e+00
1.158999999999999986e+01 5.000000000000000000e+00 -2.182191958902903739e+00
-1.158999999999999986e+01 1.500000000000000000e+01 -2.578902720557350037e+00
-1.009966977617424710e+01 1.500000000000000000e+01 -1.821919589029038500e-01
3.860000000000000320e+00 1.500000000000000000e+01 0.000000000000000000e+00
1.158999999999999986e+01 1.500000000000000000e+01 -2.728767835611615400e+00
