-1.158999999999999986e+01 -1.500000000000000000e+01 -2.708240250580338238e-01
-9.306988893814354569e+00 -1.500000000000000000e+01 0.000000000000000000e+00
3.859999999999999876e+00 -1.500000000000000000e+01 -3.385300313225422797e-02
1.158999999999999986e+01 -1.500000000000000000e+01 -9.187527924825898973e-01
-1.158999999999999986e+01 -5.000000000000000000e+00 -2.708240250580338238e-01
-9.306988893814354569e+00 -5.000000000000000000e+00 0.000000000000000000e+00
3.859999999999999876e+00 -5.000000000000000000e+00 -3.385300313225422797e-02
1.158999999999999986e+01 -5.000000000000000000e+00 -9.187527924825898973e-01
-1.158999999999999986e+01 5.000000000000000000e+00 -3.385300313225422797e-01
-9.306988893814354569e+00 5.000000000000000000e+00 0.000000000000000000e+00
3.859999999999999876e+00 5.000000000000000000e+00 -6.770600626450845594e-02
1.158999999999999986e+01 5.000000000000000000e+00 -2.263028978074220543e+00
-1.158999999999999986e+01 1.500000000000000000e+01 -5.416480501160676475e-01
-9.306988893814354569e+00 1.500000000000000000e+01 0.000000000000000000e+00
3.859999999999999876e+00 1.500000000000000000e+01 -6.770600626450845594e-02
1.158999999999999986e+01 1.500000000000000000e+01 -3.471893151136833833e+00
