-1.158999999999999986e+01 -1.500000000000000000e+01 -4.152989306524573543e+00
-9.876220512006439023e+00 -1.500000000000000000e+01 0.000000000000000000e+00
3.859999999999999876e+00 -1.500000000000000000e+01 -2.152989306524573654e-01
1.158999999999999986e+01 -1.500000000000000000e+01 -8.996953986046138940e-01
-1.158999999999999986e+01 -5.000000000000000000e+00 -4.152989306524573543e+00
-9.876220512006439023e+00 -5.000000000000000000e+00 0.000000000000000000e+00
3.859999999999999876e+00 -5.000000000000000000e+00 -2.152989306524573654e-01
1.158999999999999986e+01 -5.000000000000000000e+00 -8.996953986046138940e-01
-1.158999999999999986e+01 5.000000000000000000e+00 -3.291793583914744303e+00
-9.876220512006439023e+00 5.000000000000000000e+00 0.000000000000000000e+00
3.859999999999999876e+00 5.000000000000000000e+00 -4.305978613049147308e-01
1.158999999999999986e+01 5.000000000000000000e+00 -1.201113901518054305e+00
-1.158999999999999986e+01 1.500000000000000000e+01 -2.430597861304914620e+00
-9.876220512006439023e+00 1.500000000000000000e+01 0.000000000000000000e+00
3.859999999999999876e+00 1.500000000000000000e+01 -4.305978613049147308e-01
1.158999999999999986e+01 1.500000000000000000e+01 -6.413366818216651444e-01
