-1.158999999999999986e+01 -1.500000000000000000e+01 -3.725993464136463373e-01
-9.736318251592109618e+00 -1.500000000000000000e+01 -2.328745915085289608e-01
3.859999999999999876e+00 -1.500000000000000000e+01 0.000000000000000000e+00
1.158999999999999986e+01 -1.500000000000000000e+01 -4.465749183017058144e+00
-1.158999999999999986e+01 -5.000000000000000000e+00 -3.725993464136463373e-01
-9.736318251592109618e+00 -5.000000000000000000e+00 -2.328745915085289608e-01
3.859999999999999876e+00 -5.000000000000000000e+00 0.000000000000000000e+00
1.158999999999999986e+01 -5.000000000000000000e+00 -4.465749183017058144e+00
-1.158999999999999986e+01 5.000000000000000000e+00 -6.986237745255868825e-01
-9.736318251592109618e+00 5.000000000000000000e+00 -4.657491830170579217e-01
3.859999999999999876e+00 5.000000000000000000e+00 0.000000000000000000e+00
1.158999999999999986e+01 5.000000000000000000e+00 -3.534250816982941856e+00
-1.158999999999999986e+01 1.500000000000000000e+01 -9.314983660341158433e-02
-9.736318251592109618e+00 1.500000000000000000e+01 -4.657491830170579217e-01
3.859999999999999876e+00 1.500000000000000000e+01 0.000000000000000000e+00
1.158999999999999986e+01 1.500000000000000000e+01 -2.602752450948826457e+00
