-1.158999999999999986e+01 -1.500000000000000000e+01 -7.498696528561912267e-01
-1.042793666293176003e+01 -1.500000000000000000e+01 -1.042209779765869981e-01
3.859999999999999876e+00 -1.500000000000000000e+01 0.000000000000000000e+00
1.158999999999999986e+01 -1.500000000000000000e+01 -1.875977603578566022e+00
-1.158999999999999986e+01 -5.000000000000000000e+00 -7.498696528561912267e-01
-1.042793666293176003e+01 -5.000000000000000000e+00 -1.042209779765869981e-01
3.859999999999999876e+00 -5.000000000000000000e+00 0.000000000000000000e+00
1.158999999999999986e+01 -5.000000000000000000e+00 -1.875977603578566022e+00
-1.158999999999999986e+01 5.000000000000000000e+00 -1.770453154163890819e+00
-1.042793666293176003e+01 5.000000000000000000e+00 -2.084419559531739963e-01
3.859999999999999876e+00 5.000000000000000000e+00 0.000000000000000000e+00
1.158999999999999986e+01 5.000000000000000000e+00 -1.459093691672217918e+00
-1.158999999999999986e+01 1.500000000000000000e+01 -2.374152743565242751e+00
-1.042793666293176003e+01 1.500000000000000000e+01 -2.084419559531739963e-01
3.859999999999999876e+00 1.500000000000000000e+01 0.000000000000000000e+00
1.158999999999999986e+01 1.500000000000000000e+01 -1.042209779765870037e+00
