-1.179235935525453982e+01 -1.500000000000000000e+01 -7.976406447454608140e-01
-8.327649762991065074e+00 -1.500000000000000000e+01 0.000000000000000000e+00
3.859999999999999432e+00 -1.500000000000000000e+01 -1.994101611863652035e-01
1.158999999999999986e+01 -1.500000000000000000e+01 -1.128493678916341114e+00
-1.179235935525453982e+01 -5.000000000000000000e+00 -7.976406447454608140e-01
-8.327649762991065074e+00 -5.000000000000000000e+00 0.000000000000000000e+00
3.859999999999999432e+00 -5.000000000000000000e+00 -1.994101611863652035e-01
1.158999999999999986e+01 -5.000000000000000000e+00 -1.128493678916341114e+00
-1.179235935525453982e+01 5.000000000000000000e+00 -1.994101611863652090e+00
-8.327649762991065074e+00 5.000000000000000000e+00 0.000000000000000000e+00
3.859999999999999432e+00 5.000000000000000000e+00 -3.988203223727304070e-01
1.158999999999999986e+01 5.000000000000000000e+00 -1.407667904577252216e+00
-1.179235935525453982e+01 1.500000000000000000e+01 -3.190562578981843256e+00
-8.327649762991065074e+00 1.500000000000000000e+01 0.000000000000000000e+00
3.859999999999999432e+00 1.500000000000000000e+01 -3.988203223727304070e-01
1.158999999999999986e+01 1.500000000000000000e+01 -8.892014854927028367e-01
