-1.158999999999999986e+01 -1.500000000000000000e+01 -5.969565602059072607e-01
-8.186065351383909672e+00 -1.500000000000000000e+01 -1.679347665808719470e-01
3.859999999999999432e+00 -1.500000000000000000e+01 -8.206523341912805303e-02
1.158999999999999986e+01 -1.500000000000000000e+01 -1.474782506117580549e+00
-1.158999999999999986e+01 -5.000000000000000000e+00 -5.969565602059072607e-01
-8.186065351383909672e+00 -5.000000000000000000e+00 -1.679347665808719470e-01
3.859999999999999432e+00 -5.000000000000000000e+00 -8.206523341912805303e-02
1.158999999999999986e+01 -5.000000000000000000e+00 -1.474782506117580549e+00
-1.158999999999999986e+01 5.000000000000000000e+00 -1.324456633933896565e+00
-8.186065351383909672e+00 5.000000000000000000e+00 -3.358695331617438939e-01
3.859999999999999432e+00 5.000000000000000000e+00 -1.641304668382561061e-01
1.158999999999999986e+01 5.000000000000000000e+00 -1.925543366066103657e+00
-1.158999999999999986e+01 1.500000000000000000e+01 -1.380217641338397527e+00
-8.186065351383909672e+00 1.500000000000000000e+01 -3.358695331617438939e-01
3.859999999999999432e+00 1.500000000000000000e+01 -1.641304668382561061e-01
1.158999999999999986e+01 1.500000000000000000e+01 -2.719782358661602562e+00
