-1.158999999999999986e+01 -1.500000000000000000e+01 -3.760171003407372314e+00
-9.723904523097550268e+00 -1.500000000000000000e+01 -1.665479143004358620e-02
3.859999999999999876e+00 -1.500000000000000000e+01 0.000000000000000000e+00
1.158999999999999986e+01 -1.500000000000000000e+01 -2.997862457407845516e-01
-1.158999999999999986e+01 -5.000000000000000000e+00 -2.360099751987633887e+00
-9.723904523097550268e+00 -5.000000000000000000e+00 -1.665479143004358620e-02
3.859999999999999876e+00 -5.000000000000000000e+00 0.000000000000000000e+00
1.158999999999999986e+01 -5.000000000000000000e+00 -2.997862457407845516e-01
-1.158999999999999986e+01 5.000000000000000000e+00 -9.833452085699564416e-01
-9.723904523097550268e+00 5.000000000000000000e+00 -3.330958286008717240e-02
3.859999999999999876e+00 5.000000000000000000e+00 0.000000000000000000e+00
1.158999999999999986e+01 5.000000000000000000e+00 -2.331670800206102068e-01
-1.158999999999999986e+01 1.500000000000000000e+01 -9.400427508518430786e-01
-9.723904523097550268e+00 1.500000000000000000e+01 -3.330958286008717240e-02
3.859999999999999876e+00 1.500000000000000000e+01 0.000000000000000000e+00
1.158999999999999986e+01 1.500000000000000000e+01 -1.665479143004358620e-01
