-1.158999999999999986e+01 -1.500000000000000000e+01 -4.211746370539045659e-01
-1.074765072589219095e+01 -1.500000000000000000e+01 0.000000000000000000e+00
3.859999999999999876e+00 -1.500000000000000000e+01 -1.052936592634761415e-01
1.158999999999999986e+01 -1.500000000000000000e+01 -2.483771306605943696e+00
-1.158999999999999986e+01 -5.000000000000000000e+00 -4.211746370539045659e-01
-1.074765072589219095e+01 -5.000000000000000000e+00 0.000000000000000000e+00
3.859999999999999876e+00 -5.000000000000000000e+00 -1.052936592634761415e-01
1.158999999999999986e+01 -5.000000000000000000e+00 -2.483771306605943696e+00
-1.158999999999999986e+01 5.000000000000000000e+00 -1.052936592634761359e+00
-1.074765072589219095e+01 5.000000000000000000e+00 0.000000000000000000e+00
3.859999999999999876e+00 5.000000000000000000e+00 -2.105873185269522829e-01
1.158999999999999986e+01 5.000000000000000000e+00 -2.631182429574810300e+00
-1.158999999999999986e+01 1.500000000000000000e+01 -1.684698548215618263e+00
-1.074765072589219095e+01 1.500000000000000000e+01 0.000000000000000000e+00
3.859999999999999876e+00 1.500000000000000000e+01 -2.105873185269522829e-01
1.158999999999999986e+01 1.500000000000000000e+01 -2.357418915489772004e+00
