-1.069109518535273473e+01 -1.500000000000000000e+01 -3.797809629294530254e+00
-1.117652069190731368e+01 -1.500000000000000000e+01 0.000000000000000000e+00
3.859999999999999876e+00 -1.500000000000000000e+01 -2.527379633818371829e-02
1.158999999999999986e+01 -1.500000000000000000e+01 -4.043807414109395343e-02
-1.158999999999999986e+01 -5.000000000000000000e+00 -3.797809629294530254e+00
-1.117652069190731368e+01 -5.000000000000000000e+00 0.000000000000000000e+00
3.859999999999999876e+00 -5.000000000000000000e+00 -2.527379633818371829e-02
1.158999999999999986e+01 -5.000000000000000000e+00 -4.043807414109395343e-02
-1.248890481464726498e+01 5.000000000000000000e+00 -3.848357221970897690e+00
-1.117652069190731368e+01 5.000000000000000000e+00 0.000000000000000000e+00
3.859999999999999876e+00 5.000000000000000000e+00 -5.054759267636743658e-02
1.158999999999999986e+01 5.000000000000000000e+00 -7.582138901455115487e-02
-1.248890481464726498e+01 1.500000000000000000e+01 -4.000000000000000000e+00
-1.117652069190731368e+01 1.500000000000000000e+01 0.000000000000000000e+00
3.859999999999999876e+00 1.500000000000000000e+01 -5.054759267636743658e-02
1.158999999999999986e+01 1.500000000000000000e+01 -1.010951853527348836e-02
