-1.158999999999999986e+01 -1.500000000000000000e+01 -2.556084913363072975e+00
-9.621462431884989286e+00 -1.500000000000000000e+01 0.000000000000000000e+00
3.859999999999999876e+00 -1.500000000000000000e+01 -1.203262572197439095e-01
1.158999999999999986e+01 -1.500000000000000000e+01 -1.925220115515902664e-01
-1.158999999999999986e+01 -5.000000000000000000e+00 -2.556084913363072975e+00
-9.621462431884989286e+00 -5.000000000000000000e+00 0.000000000000000000e+00
3.859999999999999876e+00 -5.000000000000000000e+00 -1.203262572197439095e-01
1.158999999999999986e+01 -5.000000000000000000e+00 -1.925220115515902664e-01
-1.158999999999999986e+01 5.000000000000000000e+00 -3.278042456681536265e+00
-9.621462431884989286e+00 5.000000000000000000e+00 0.000000000000000000e+00
3.859999999999999876e+00 5.000000000000000000e+00 -2.406525144394878191e-01
1.158999999999999986e+01 5.000000000000000000e+00 -3.609787716592317564e-01
-1.158999999999999986e+01 1.500000000000000000e+01 -4.000000000000000000e+00
-9.621462431884989286e+00 1.500000000000000000e+01 0.000000000000000000e+00
3.859999999999999876e+00 1.500000000000000000e+01 -2.406525144394878191e-01
1.158999999999999986e+01 1.500000000000000000e+01 -4.813050288789756659e-02
