-1.158999999999999986e+01 -1.500000000000000000e+01 -1.219370933157319259e+00
-8.315757374850601735e+00 -1.500000000000000000e+01 0.000000000000000000e+00
3.860000000000000320e+00 -1.500000000000000000e+01 -1.524213666446649074e-01
1.158999999999999986e+01 -1.500000000000000000e+01 -1.805132320316825467e+00
-1.158999999999999986e+01 -5.000000000000000000e+00 -1.219370933157319259e+00
-8.315757374850601735e+00 -5.000000000000000000e+00 0.000000000000000000e+00
3.860000000000000320e+00 -5.000000000000000000e+00 -1.524213666446649074e-01
1.158999999999999986e+01 -5.000000000000000000e+00 -1.219660520184814967e+00
-1.158999999999999986e+01 5.000000000000000000e+00 -1.524213666446649018e+00
-8.315757374850601735e+00 5.000000000000000000e+00 0.000000000000000000e+00
3.860000000000000320e+00 5.000000000000000000e+00 -3.048427332893298147e-01
1.158999999999999986e+01 5.000000000000000000e+00 -8.475786333553351204e-01
-1.158999999999999986e+01 1.500000000000000000e+01 -2.438741866314638518e+00
-8.315757374850601735e+00 1.500000000000000000e+01 0.000000000000000000e+00
3.860000000000000320e+00 1.500000000000000000e+01 -3.048427332893298147e-01
1.158999999999999986e+01 1.500000000000000000e+01 -4.512830800792063668e-01
