-1.158999999999999986e+01 -1.500000000000000000e+01 -3.505860155139918888e+00
-9.073623862121214856e+00 -1.500000000000000000e+01 0.000000000000000000e+00
3.859999999999999876e+00 -1.500000000000000000e+01 -6.176748060751013902e-02
1.158999999999999986e+01 -1.500000000000000000e+01 -9.882796897201623354e-02
-1.158999999999999986e+01 -5.000000000000000000e+00 -2.376465038784979722e+00
-9.073623862121214856e+00 -5.000000000000000000e+00 0.000000000000000000e+00
3.859999999999999876e+00 -5.000000000000000000e+00 -6.176748060751013902e-02
1.158999999999999986e+01 -5.000000000000000000e+00 -9.882796897201623354e-02
-1.158999999999999986e+01 5.000000000000000000e+00 -1.370604883645060834e+00
-9.073623862121214856e+00 5.000000000000000000e+00 0.000000000000000000e+00
3.859999999999999876e+00 5.000000000000000000e+00 -1.235349612150202780e-01
1.158999999999999986e+01 5.000000000000000000e+00 -1.853024418225304171e-01
-1.158999999999999986e+01 1.500000000000000000e+01 -1.741209767290121668e+00
-9.073623862121214856e+00 1.500000000000000000e+01 0.000000000000000000e+00
3.859999999999999876e+00 1.500000000000000000e+01 -1.235349612150202780e-01
1.158999999999999986e+01 1.500000000000000000e+01 -2.470699224300405838e-02
