-1.158999999999999986e+01 -1.500000000000000000e+01 -3.256920612959478323e+00
-1.159723760136213144e+01 -1.500000000000000000e+01 0.000000000000000000e+00
3.859999999999999876e+00 -1.500000000000000000e+01 -1.809400340533043605e-01
1.158999999999999986e+01 -1.500000000000000000e+01 -1.394463509632417164e+00
-1.158999999999999986e+01 -5.000000000000000000e+00 -3.256920612959478323e+00
-1.159723760136213144e+01 -5.000000000000000000e+00 0.000000000000000000e+00
3.859999999999999876e+00 -5.000000000000000000e+00 -1.809400340533043605e-01
1.158999999999999986e+01 -5.000000000000000000e+00 -1.394463509632417164e+00
-1.158999999999999986e+01 5.000000000000000000e+00 -2.533160476746261214e+00
-1.159723760136213144e+01 5.000000000000000000e+00 0.000000000000000000e+00
3.859999999999999876e+00 5.000000000000000000e+00 -3.618800681066087210e-01
1.158999999999999986e+01 5.000000000000000000e+00 -1.647779557307043286e+00
-1.158999999999999986e+01 1.500000000000000000e+01 -1.809400340533043661e+00
-1.159723760136213144e+01 1.500000000000000000e+01 0.000000000000000000e+00
3.859999999999999876e+00 1.500000000000000000e+01 -3.618800681066087210e-01
1.158999999999999986e+01 1.500000000000000000e+01 -1.177335468768452076e+00
