-1.154398254934569579e+01 -1.500000000000000000e+01 -4.476991274672847076e+00
-9.691574726802066664e+00 -1.500000000000000000e+01 0.000000000000000000e+00
3.859999999999999876e+00 -1.500000000000000000e+01 -2.384956373364236493e-01
1.158999999999999986e+01 -1.500000000000000000e+01 -3.815930197382778610e-01
-1.158999999999999986e+01 -5.000000000000000000e+00 -4.476991274672847076e+00
-9.691574726802066664e+00 -5.000000000000000000e+00 0.000000000000000000e+00
3.859999999999999876e+00 -5.000000000000000000e+00 -2.384956373364236493e-01
1.158999999999999986e+01 -5.000000000000000000e+00 -3.815930197382778610e-01
-1.163601745065430570e+01 5.000000000000000000e+00 -3.523008725327152924e+00
-9.691574726802066664e+00 5.000000000000000000e+00 0.000000000000000000e+00
3.859999999999999876e+00 5.000000000000000000e+00 -4.769912746728472985e-01
1.158999999999999986e+01 5.000000000000000000e+00 -7.154869120092709478e-01
-1.163601745065430570e+01 1.500000000000000000e+01 -2.569026175981457882e+00
-9.691574726802066664e+00 1.500000000000000000e+01 0.000000000000000000e+00
3.859999999999999876e+00 1.500000000000000000e+01 -4.769912746728472985e-01
1.158999999999999986e+01 1.500000000000000000e+01 -9.539825493456946526e-02
