-1.158999999999999986e+01 -1.500000000000000000e+01 -2.816194104370640439e+00
-9.169116943437959577e+00 -1.500000000000000000e+01 0.000000000000000000e+00
3.859999999999999432e+00 -1.500000000000000000e+01 -1.479757369536699729e-01
1.158999999999999986e+01 -1.500000000000000000e+01 -2.367611791258719678e-01
-1.158999999999999986e+01 -5.000000000000000000e+00 -2.816194104370640439e+00
-9.169116943437959577e+00 -5.000000000000000000e+00 0.000000000000000000e+00
3.859999999999999432e+00 -5.000000000000000000e+00 -1.479757369536699729e-01
1.158999999999999986e+01 -5.000000000000000000e+00 -2.367611791258719678e-01
-1.158999999999999986e+01 5.000000000000000000e+00 -3.112145578277980107e+00
-9.169116943437959577e+00 5.000000000000000000e+00 0.000000000000000000e+00
3.859999999999999432e+00 5.000000000000000000e+00 -2.959514739073399459e-01
1.158999999999999986e+01 5.000000000000000000e+00 -4.439272108610099465e-01
-1.158999999999999986e+01 1.500000000000000000e+01 -4.000000000000000000e+00
-9.169116943437959577e+00 1.500000000000000000e+01 0.000000000000000000e+00
3.859999999999999432e+00 1.500000000000000000e+01 -2.959514739073399459e-01
1.158999999999999986e+01 1.500000000000000000e+01 -5.919029478146799195e-02
