-1.158999999999999986e+01 -1.500000000000000000e+01 -7.063272732169483259e-01
-1.057380363472322315e+01 -1.500000000000000000e+01 -1.223636361596048827e-01
3.859999999999999876e+00 -1.500000000000000000e+01 -1.276363638403951173e-01
1.158999999999999986e+01 -1.500000000000000000e+01 -2.406763633017520387e+00
-1.158999999999999986e+01 -5.000000000000000000e+00 -7.063272732169483259e-01
-1.057380363472322315e+01 -5.000000000000000000e+00 -1.223636361596048827e-01
3.859999999999999876e+00 -5.000000000000000000e+00 -1.276363638403951173e-01
1.158999999999999986e+01 -5.000000000000000000e+00 -2.406763633017520387e+00
-1.158999999999999986e+01 5.000000000000000000e+00 -1.643454546882765932e+00
-1.057380363472322315e+01 5.000000000000000000e+00 -2.447272723192097654e-01
3.859999999999999876e+00 5.000000000000000000e+00 -2.552727276807902346e-01
1.158999999999999986e+01 5.000000000000000000e+00 -2.095999997755653599e+00
-1.158999999999999986e+01 1.500000000000000000e+01 -2.091127275910163785e+00
-1.057380363472322315e+01 1.500000000000000000e+01 -2.447272723192097654e-01
3.859999999999999876e+00 1.500000000000000000e+01 -2.552727276807902346e-01
1.158999999999999986e+01 1.500000000000000000e+01 -1.274690907132206785e+00
