-1.158999999999999986e+01 -1.500000000000000000e+01 -2.089639270602259735e+00
-1.066591507811144623e+01 -1.500000000000000000e+01 0.000000000000000000e+00
3.859999999999999876e+00 -1.500000000000000000e+01 -1.160910705890144390e-01
1.158999999999999986e+01 -1.500000000000000000e+01 -1.257017148230307635e+00
-1.158999999999999986e+01 -5.000000000000000000e+00 -2.089639270602259735e+00
-1.066591507811144623e+01 -5.000000000000000000e+00 0.000000000000000000e+00
3.859999999999999876e+00 -5.000000000000000000e+00 -1.160910705890144390e-01
1.158999999999999986e+01 -5.000000000000000000e+00 -1.257017148230307635e+00
-1.158999999999999986e+01 5.000000000000000000e+00 -1.625274988246202090e+00
-1.066591507811144623e+01 5.000000000000000000e+00 0.000000000000000000e+00
3.859999999999999876e+00 5.000000000000000000e+00 -2.321821411780288780e-01
1.158999999999999986e+01 5.000000000000000000e+00 -1.955180364698870132e+00
-1.158999999999999986e+01 1.500000000000000000e+01 -1.160910705890144445e+00
-1.066591507811144623e+01 1.500000000000000000e+01 0.000000000000000000e+00
3.859999999999999876e+00 1.500000000000000000e+01 -2.321821411780288780e-01
1.158999999999999986e+01 1.500000000000000000e+01 -2.188979298811374541e+00
