-1.136037657740742191e+01 -1.500000000000000000e+01 -3.466694598333400545e+00
-1.159770376577407447e+01 -1.500000000000000000e+01 0.000000000000000000e+00
3.859999999999999876e+00 -1.500000000000000000e+01 -1.925941443518555951e-01
1.158999999999999986e+01 -1.500000000000000000e+01 -1.226644321333279386e+00
-1.158999999999999986e+01 -5.000000000000000000e+00 -3.466694598333400545e+00
-1.159770376577407447e+01 -5.000000000000000000e+00 0.000000000000000000e+00
3.859999999999999876e+00 -5.000000000000000000e+00 -1.925941443518555951e-01
1.158999999999999986e+01 -5.000000000000000000e+00 -1.226644321333279386e+00
-1.181962342259257781e+01 5.000000000000000000e+00 -2.696318020925978498e+00
-1.159770376577407447e+01 5.000000000000000000e+00 0.000000000000000000e+00
3.859999999999999876e+00 5.000000000000000000e+00 -3.851882887037111902e-01
1.158999999999999986e+01 5.000000000000000000e+00 -1.496276123425877236e+00
-1.181962342259257781e+01 1.500000000000000000e+01 -1.925941443518556007e+00
-1.159770376577407447e+01 1.500000000000000000e+01 0.000000000000000000e+00
3.859999999999999876e+00 1.500000000000000000e+01 -3.851882887037111902e-01
1.158999999999999986e+01 1.500000000000000000e+01 -9.955313481110527052e-01
