-1.158999999999999986e+01 -1.500000000000000000e+01 -1.001242774656248974e-01
-9.592503106936639767e+00 -1.500000000000000000e+01 -6.257767341601555566e-02
3.860000000000000320e+00 -1.500000000000000000e+01 0.000000000000000000e+00
1.158999999999999986e+01 -1.500000000000000000e+01 -1.876087427824217668e+00
-1.158999999999999986e+01 -5.000000000000000000e+00 -1.001242774656248974e-01
-9.592503106936639767e+00 -5.000000000000000000e+00 -6.257767341601555566e-02
3.860000000000000320e+00 -5.000000000000000000e+00 0.000000000000000000e+00
1.158999999999999986e+01 -5.000000000000000000e+00 -1.876087427824217668e+00
-1.158999999999999986e+01 5.000000000000000000e+00 -1.877330202480466670e-01
-9.592503106936639767e+00 5.000000000000000000e+00 -1.251553468320311113e-01
3.860000000000000320e+00 5.000000000000000000e+00 0.000000000000000000e+00
1.158999999999999986e+01 5.000000000000000000e+00 -2.750310693664062445e+00
-1.158999999999999986e+01 1.500000000000000000e+01 -2.503106936640622435e-02
-9.592503106936639767e+00 1.500000000000000000e+01 -1.251553468320311113e-01
3.860000000000000320e+00 1.500000000000000000e+01 0.000000000000000000e+00
1.158999999999999986e+01 1.500000000000000000e+01 -3.624533959503906555e+00
