-1.158999999999999986e+01 -1.500000000000000000e+01 -1.764349170253558752e+00
-8.103855251225255074e+00 -1.500000000000000000e+01 -3.682044214788143810e-02
3.859999999999999432e+00 -1.500000000000000000e+01 -2.131795578521185619e-01
1.158999999999999986e+01 -1.500000000000000000e+01 -1.003855251225255651e+00
-1.158999999999999986e+01 -5.000000000000000000e+00 -1.764349170253558752e+00
-8.103855251225255074e+00 -5.000000000000000000e+00 -3.682044214788143810e-02
3.859999999999999432e+00 -5.000000000000000000e+00 -2.131795578521185619e-01
1.158999999999999986e+01 -5.000000000000000000e+00 -1.003855251225255651e+00
-1.158999999999999986e+01 5.000000000000000000e+00 -2.242256904964829989e+00
-8.103855251225255074e+00 5.000000000000000000e+00 -7.364088429576287620e-02
3.859999999999999432e+00 5.000000000000000000e+00 -4.263591157042371238e-01
1.158999999999999986e+01 5.000000000000000000e+00 -1.155024863626695986e+00
-1.158999999999999986e+01 1.500000000000000000e+01 -3.425601102493049499e+00
-8.103855251225255074e+00 1.500000000000000000e+01 -7.364088429576287620e-02
3.859999999999999432e+00 1.500000000000000000e+01 -4.263591157042371238e-01
1.158999999999999986e+01 1.500000000000000000e+01 -4.534762446196617947e-01
