-1.158999999999999986e+01 -1.500000000000000000e+01 -1.512197585839041958e+00
-9.589999999999999858e+00 -1.500000000000000000e+01 -3.780493964597604895e-01
3.859999999999999876e+00 -1.500000000000000000e+01 0.000000000000000000e+00
1.158999999999999986e+01 -1.500000000000000000e+01 -4.000000000000000000e+00
-1.158999999999999986e+01 -5.000000000000000000e+00 -9.451234911494011959e-01
-9.589999999999999858e+00 -5.000000000000000000e+00 -3.780493964597604895e-01
3.859999999999999876e+00 -5.000000000000000000e+00 0.000000000000000000e+00
1.158999999999999986e+01 -5.000000000000000000e+00 -2.500000000000000000e+00
-1.158999999999999986e+01 5.000000000000000000e+00 -9.451234911494011959e-01
-9.589999999999999858e+00 5.000000000000000000e+00 -1.890246982298802447e-01
3.859999999999999876e+00 5.000000000000000000e+00 0.000000000000000000e+00
1.158999999999999986e+01 5.000000000000000000e+00 -1.000000000000000000e+00
-1.158999999999999986e+01 1.500000000000000000e+01 -1.512197585839041958e+00
-9.589999999999999858e+00 1.500000000000000000e+01 -1.890246982298802447e-01
3.859999999999999876e+00 1.500000000000000000e+01 0.000000000000000000e+00
1.158999999999999986e+01 1.500000000000000000e+01 -1.000000000000000000e+00
