-1.232692934145114094e+01 -1.500000000000000000e+01 -3.052945629224107726e+00
-1.051404100653516593e+01 -1.500000000000000000e+01 -6.576766463721475664e-02
3.860000000000000320e+00 -1.500000000000000000e+01 0.000000000000000000e+00
1.158999999999999986e+01 -1.500000000000000000e+01 -2.630706585488590266e-01
-1.232692934145114094e+01 -5.000000000000000000e+00 -3.052945629224107726e+00
-1.051404100653516593e+01 -5.000000000000000000e+00 -6.576766463721475664e-02
3.860000000000000320e+00 -5.000000000000000000e+00 0.000000000000000000e+00
1.158999999999999986e+01 -5.000000000000000000e+00 -2.630706585488590266e-01
-1.232692934145114094e+01 5.000000000000000000e+00 -3.145020359716208080e+00
-1.051404100653516593e+01 5.000000000000000000e+00 -1.315353292744295133e-01
3.860000000000000320e+00 5.000000000000000000e+00 0.000000000000000000e+00
1.158999999999999986e+01 5.000000000000000000e+00 -6.576766463721475109e-01
-1.232692934145114094e+01 1.500000000000000000e+01 -2.974024431659449963e+00
-1.051404100653516593e+01 1.500000000000000000e+01 -1.315353292744295133e-01
3.860000000000000320e+00 1.500000000000000000e+01 0.000000000000000000e+00
1.158999999999999986e+01 1.500000000000000000e+01 -1.052282634195436106e+00
