-1.158999999999999986e+01 -1.500000000000000000e+01 -1.628698334982414897e+00
-8.357125396692692831e+00 -1.500000000000000000e+01 0.000000000000000000e+00
3.859999999999999876e+00 -1.500000000000000000e+01 -1.976084720847987586e-01
1.158999999999999986e+01 -1.500000000000000000e+01 -3.161735553356780359e-01
-1.158999999999999986e+01 -5.000000000000000000e+00 -1.628698334982414897e+00
-8.357125396692692831e+00 -5.000000000000000000e+00 0.000000000000000000e+00
3.859999999999999876e+00 -5.000000000000000000e+00 -1.976084720847987586e-01
1.158999999999999986e+01 -5.000000000000000000e+00 -3.161735553356780359e-01
-1.158999999999999986e+01 5.000000000000000000e+00 -2.814349167491207560e+00
-8.357125396692692831e+00 5.000000000000000000e+00 0.000000000000000000e+00
3.859999999999999876e+00 5.000000000000000000e+00 -3.952169441695975172e-01
1.158999999999999986e+01 5.000000000000000000e+00 -5.928254162543962202e-01
-1.158999999999999986e+01 1.500000000000000000e+01 -4.000000000000000000e+00
-8.357125396692692831e+00 1.500000000000000000e+01 0.000000000000000000e+00
3.859999999999999876e+00 1.500000000000000000e+01 -3.952169441695975172e-01
1.158999999999999986e+01 1.500000000000000000e+01 -7.904338883391950898e-02
