-1.158999999999999986e+01 -1.500000000000000000e+01 -1.522809981296062931e+00
-8.722799422928838808e+00 -1.500000000000000000e+01 -7.456094042249017395e-02
3.859999999999999876e+00 -1.500000000000000000e+01 -1.754390595775098260e-01
1.158999999999999986e+01 -1.500000000000000000e+01 -1.622799422928838942e+00
-1.158999999999999986e+01 -5.000000000000000000e+00 -1.522809981296062931e+00
-8.722799422928838808e+00 -5.000000000000000000e+00 -7.456094042249017395e-02
3.859999999999999876e+00 -5.000000000000000000e+00 -1.754390595775098260e-01
1.158999999999999986e+01 -5.000000000000000000e+00 -1.622799422928838942e+00
-1.158999999999999986e+01 5.000000000000000000e+00 -1.978073417042568671e+00
-8.722799422928838808e+00 5.000000000000000000e+00 -1.491218808449803479e-01
3.859999999999999876e+00 5.000000000000000000e+00 -3.508781191550196521e-01
1.158999999999999986e+01 5.000000000000000000e+00 -1.570170344647392024e+00
-1.158999999999999986e+01 1.500000000000000000e+01 -2.836849329409153242e+00
-8.722799422928838808e+00 1.500000000000000000e+01 -1.491218808449803479e-01
3.859999999999999876e+00 1.500000000000000000e+01 -3.508781191550196521e-01
1.158999999999999986e+01 1.500000000000000000e+01 -8.157850280559056921e-01
