-1.158999999999999986e+01 -1.500000000000000000e+01 -3.380730065866083267e-01
-1.128881685809770552e+01 -1.500000000000000000e+01 -2.112956291166301903e-01
3.859999999999999876e+00 -1.500000000000000000e+01 0.000000000000000000e+00
1.158999999999999986e+01 -1.500000000000000000e+01 -3.958138807632822775e+00
-1.158999999999999986e+01 -5.000000000000000000e+00 -3.380730065866083267e-01
-1.128881685809770552e+01 -5.000000000000000000e+00 -2.112956291166301903e-01
3.859999999999999876e+00 -5.000000000000000000e+00 0.000000000000000000e+00
1.158999999999999986e+01 -5.000000000000000000e+00 -3.958138807632822775e+00
-1.158999999999999986e+01 5.000000000000000000e+00 -6.338868873498906265e-01
-1.128881685809770552e+01 5.000000000000000000e+00 -4.225912582332603806e-01
3.859999999999999876e+00 5.000000000000000000e+00 0.000000000000000000e+00
1.158999999999999986e+01 5.000000000000000000e+00 -3.345182516466520983e+00
-1.158999999999999986e+01 1.500000000000000000e+01 -8.451825164665208168e-02
-1.128881685809770552e+01 1.500000000000000000e+01 -4.225912582332603806e-01
3.859999999999999876e+00 1.500000000000000000e+01 0.000000000000000000e+00
1.158999999999999986e+01 1.500000000000000000e+01 -2.732226225300218747e+00
