-1.158999999999999986e+01 -1.500000000000000000e+01 -2.787583757990377831e-01
-1.099076083839016427e+01 -1.500000000000000000e+01 -1.742239848743986075e-01
3.859999999999999432e+00 -1.500000000000000000e+01 0.000000000000000000e+00
1.158999999999999986e+01 -1.500000000000000000e+01 -4.348447969748796993e+00
-1.158999999999999986e+01 -5.000000000000000000e+00 -2.787583757990377831e-01
-1.099076083839016427e+01 -5.000000000000000000e+00 -1.742239848743986075e-01
3.859999999999999432e+00 -5.000000000000000000e+00 0.000000000000000000e+00
1.158999999999999986e+01 -5.000000000000000000e+00 -3.893791878995188860e+00
-1.158999999999999986e+01 5.000000000000000000e+00 -5.226719546231958224e-01
-1.099076083839016427e+01 5.000000000000000000e+00 -3.484479697487972150e-01
3.859999999999999432e+00 5.000000000000000000e+00 0.000000000000000000e+00
1.158999999999999986e+01 5.000000000000000000e+00 -2.742239848743986297e+00
-1.158999999999999986e+01 1.500000000000000000e+01 -6.968959394975944577e-02
-1.099076083839016427e+01 1.500000000000000000e+01 -3.484479697487972150e-01
3.859999999999999432e+00 1.500000000000000000e+01 0.000000000000000000e+00
1.158999999999999986e+01 1.500000000000000000e+01 -2.045343909246391867e+00
