-1.158999999999999986e+01 -1.500000000000000000e+01 -9.429972315227819202e-02
-1.006385610884019854e+01 -1.500000000000000000e+01 -5.893732697017387001e-02
3.859999999999999876e+00 -1.500000000000000000e+01 0.000000000000000000e+00
1.158999999999999986e+01 -1.500000000000000000e+01 -1.825122577582434236e+00
-1.158999999999999986e+01 -5.000000000000000000e+00 -9.429972315227819202e-02
-1.006385610884019854e+01 -5.000000000000000000e+00 -5.893732697017387001e-02
3.859999999999999876e+00 -5.000000000000000000e+00 0.000000000000000000e+00
1.158999999999999986e+01 -5.000000000000000000e+00 -1.825122577582434236e+00
-1.158999999999999986e+01 5.000000000000000000e+00 -1.768119809105216100e-01
-1.006385610884019854e+01 5.000000000000000000e+00 -1.178746539403477400e-01
3.859999999999999876e+00 5.000000000000000000e+00 0.000000000000000000e+00
1.158999999999999986e+01 5.000000000000000000e+00 -2.735749307880695369e+00
-1.158999999999999986e+01 1.500000000000000000e+01 -2.357493078806954800e-02
-1.006385610884019854e+01 1.500000000000000000e+01 -1.178746539403477400e-01
3.859999999999999876e+00 1.500000000000000000e+01 0.000000000000000000e+00
1.158999999999999986e+01 1.500000000000000000e+01 -3.646376038178956946e+00
