-1.158999999999999986e+01 -1.500000000000000000e+01 -8.617076160120213935e-01
-1.072829238398797891e+01 -1.500000000000000000e+01 -2.154269040030053484e-01
3.859999999999999876e+00 -1.500000000000000000e+01 0.000000000000000000e+00
1.158999999999999986e+01 -1.500000000000000000e+01 -4.000000000000000000e+00
-1.158999999999999986e+01 -5.000000000000000000e+00 -5.385672600075133154e-01
-1.072829238398797891e+01 -5.000000000000000000e+00 -2.154269040030053484e-01
3.859999999999999876e+00 -5.000000000000000000e+00 0.000000000000000000e+00
1.158999999999999986e+01 -5.000000000000000000e+00 -3.353719287990983844e+00
-1.158999999999999986e+01 5.000000000000000000e+00 -5.385672600075133154e-01
-1.072829238398797891e+01 5.000000000000000000e+00 -1.077134520015026742e-01
3.859999999999999876e+00 5.000000000000000000e+00 0.000000000000000000e+00
1.158999999999999986e+01 5.000000000000000000e+00 -2.707438575981967688e+00
-1.158999999999999986e+01 1.500000000000000000e+01 -8.617076160120213935e-01
-1.072829238398797891e+01 1.500000000000000000e+01 -1.077134520015026742e-01
3.859999999999999876e+00 1.500000000000000000e+01 0.000000000000000000e+00
1.158999999999999986e+01 1.500000000000000000e+01 -2.707438575981967688e+00
