-1.158999999999999986e+01 -1.500000000000000000e+01 -1.400910777466942925e+00
-7.500000000000000000e+00 -1.500000000000000000e+01 -9.360769102079016801e-02
3.859999999999999876e+00 -1.500000000000000000e+01 -1.563923089792098320e-01
1.158999999999999986e+01 -1.500000000000000000e+01 -1.373519986616217992e+00
-1.158999999999999986e+01 -5.000000000000000000e+00 -1.400910777466942925e+00
-7.500000000000000000e+00 -5.000000000000000000e+00 -9.360769102079016801e-02
3.859999999999999876e+00 -5.000000000000000000e+00 -1.563923089792098320e-01
1.158999999999999986e+01 -5.000000000000000000e+00 -1.373519986616217992e+00
-1.158999999999999986e+01 5.000000000000000000e+00 -1.844746162854468796e+00
-7.500000000000000000e+00 5.000000000000000000e+00 -1.872153820415803360e-01
3.859999999999999876e+00 5.000000000000000000e+00 -3.127846179584196640e-01
1.158999999999999986e+01 5.000000000000000000e+00 -1.592469219187111484e+00
-1.158999999999999986e+01 1.500000000000000000e+01 -2.539720020075673546e+00
-7.500000000000000000e+00 1.500000000000000000e+01 -1.872153820415803360e-01
3.859999999999999876e+00 1.500000000000000000e+01 -3.127846179584196640e-01
1.158999999999999986e+01 1.500000000000000000e+01 -1.185849215841165982e+00
