-1.158999999999999986e+01 -1.500000000000000000e+01 -8.752942566947286007e-01
-7.500000000000000000e+00 -1.500000000000000000e+01 -1.757352723914486492e-01
3.859999999999999876e+00 -1.500000000000000000e+01 -7.426472760855135080e-02
1.158999999999999986e+01 -1.500000000000000000e+01 -8.217646537394767137e-01
-1.158999999999999986e+01 -5.000000000000000000e+00 -8.752942566947286007e-01
-7.500000000000000000e+00 -5.000000000000000000e+00 -1.757352723914486492e-01
3.859999999999999876e+00 -5.000000000000000000e+00 -7.426472760855135080e-02
1.158999999999999986e+01 -5.000000000000000000e+00 -8.217646537394767137e-01
-1.158999999999999986e+01 5.000000000000000000e+00 -1.269853093259859289e+00
-7.500000000000000000e+00 5.000000000000000000e+00 -3.514705447828972984e-01
3.859999999999999876e+00 5.000000000000000000e+00 -1.485294552171027016e-01
1.158999999999999986e+01 5.000000000000000000e+00 -1.980146906740140711e+00
-1.158999999999999986e+01 1.500000000000000000e+01 -1.258529750693401006e+00
-7.500000000000000000e+00 1.500000000000000000e+01 -3.514705447828972984e-01
3.859999999999999876e+00 1.500000000000000000e+01 -1.485294552171027016e-01
1.158999999999999986e+01 1.500000000000000000e+01 -2.841470249306599083e+00
