-1.217846569622895103e+01 -1.500000000000000000e+01 -4.115343037710498253e-01
-1.076693139245790043e+01 -1.500000000000000000e+01 0.000000000000000000e+00
3.859999999999999432e+00 -1.500000000000000000e+01 0.000000000000000000e+00
1.158999999999999986e+01 -1.500000000000000000e+01 -2.353862784915800699e+00
-1.217846569622895103e+01 -5.000000000000000000e+00 -4.115343037710498253e-01
-1.076693139245790043e+01 -5.000000000000000000e+00 0.000000000000000000e+00
3.859999999999999432e+00 -5.000000000000000000e+00 0.000000000000000000e+00
1.158999999999999986e+01 -5.000000000000000000e+00 -2.353862784915800699e+00
-1.217846569622895103e+01 5.000000000000000000e+00 -1.028835759427624508e+00
-1.076693139245790043e+01 5.000000000000000000e+00 0.000000000000000000e+00
3.859999999999999432e+00 5.000000000000000000e+00 0.000000000000000000e+00
1.158999999999999986e+01 5.000000000000000000e+00 -2.353862784915800699e+00
-1.217846569622895103e+01 1.500000000000000000e+01 -1.646137215084199301e+00
-1.076693139245790043e+01 1.500000000000000000e+01 0.000000000000000000e+00
3.859999999999999432e+00 1.500000000000000000e+01 0.000000000000000000e+00
1.158999999999999986e+01 1.500000000000000000e+01 -2.353862784915800699e+00
