-1.158999999999999986e+01 -1.500000000000000000e+01 -1.671523482669984573e-01
-8.716628980304932384e+00 -1.500000000000000000e+01 -1.044702176668740323e-01
3.860000000000000320e+00 -1.500000000000000000e+01 0.000000000000000000e+00
1.158999999999999986e+01 -1.500000000000000000e+01 -3.582119129332503871e+00
-1.158999999999999986e+01 -5.000000000000000000e+00 -1.671523482669984573e-01
-8.716628980304932384e+00 -5.000000000000000000e+00 -1.044702176668740323e-01
3.860000000000000320e+00 -5.000000000000000000e+00 0.000000000000000000e+00
1.158999999999999986e+01 -5.000000000000000000e+00 -2.708940435333747843e+00
-1.158999999999999986e+01 5.000000000000000000e+00 -3.134106530006220970e-01
-8.716628980304932384e+00 5.000000000000000000e+00 -2.089404353337480647e-01
3.860000000000000320e+00 5.000000000000000000e+00 0.000000000000000000e+00
1.158999999999999986e+01 5.000000000000000000e+00 -1.835761741334992259e+00
-1.158999999999999986e+01 1.500000000000000000e+01 -4.178808706674961432e-02
-8.716628980304932384e+00 1.500000000000000000e+01 -2.089404353337480647e-01
3.860000000000000320e+00 1.500000000000000000e+01 0.000000000000000000e+00
1.158999999999999986e+01 1.500000000000000000e+01 -1.835761741334992259e+00
