-1.158999999999999986e+01 -1.500000000000000000e+01 -1.824861423225370816e+00
-1.159109461610484182e+01 -1.500000000000000000e+01 -2.736540262103581700e-02
3.859999999999999876e+00 -1.500000000000000000e+01 0.000000000000000000e+00
1.158999999999999986e+01 -1.500000000000000000e+01 -4.925772471786447060e-01
-1.158999999999999986e+01 -5.000000000000000000e+00 -1.824861423225370816e+00
-1.159109461610484182e+01 -5.000000000000000000e+00 -2.736540262103581700e-02
3.859999999999999876e+00 -5.000000000000000000e+00 0.000000000000000000e+00
1.158999999999999986e+01 -5.000000000000000000e+00 -4.925772471786447060e-01
-1.158999999999999986e+01 5.000000000000000000e+00 -2.753711376410677758e+00
-1.159109461610484182e+01 5.000000000000000000e+00 -5.473080524207163400e-02
3.859999999999999876e+00 5.000000000000000000e+00 0.000000000000000000e+00
1.158999999999999986e+01 5.000000000000000000e+00 -3.831156366945014380e-01
-1.158999999999999986e+01 1.500000000000000000e+01 -3.573099719111841210e+00
-1.159109461610484182e+01 1.500000000000000000e+01 -5.473080524207163400e-02
3.859999999999999876e+00 1.500000000000000000e+01 0.000000000000000000e+00
1.158999999999999986e+01 1.500000000000000000e+01 -2.736540262103581700e-01
