-1.158999999999999986e+01 -1.500000000000000000e+01 -2.786389979511682213e+00
-7.946444942820584778e+00 -1.500000000000000000e+01 -1.068050102441590599e-01
3.860000000000000320e+00 -1.500000000000000000e+01 -1.965974948779204701e-01
1.158999999999999986e+01 -1.500000000000000000e+01 -1.168996073757945231e+00
-1.158999999999999986e+01 -5.000000000000000000e+00 -2.626182464145443429e+00
-7.946444942820584778e+00 -5.000000000000000000e+00 -1.068050102441590599e-01
3.860000000000000320e+00 -5.000000000000000000e+00 -1.965974948779204701e-01
1.158999999999999986e+01 -5.000000000000000000e+00 -8.485810430254681069e-01
-1.158999999999999986e+01 5.000000000000000000e+00 -2.626182464145443429e+00
-7.946444942820584778e+00 5.000000000000000000e+00 -5.340250512207952993e-02
3.860000000000000320e+00 5.000000000000000000e+00 -3.931949897558409401e-01
1.158999999999999986e+01 5.000000000000000000e+00 -8.034025051220795577e-01
-1.158999999999999986e+01 1.500000000000000000e+01 -2.786389979511682213e+00
-7.946444942820584778e+00 1.500000000000000000e+01 -5.340250512207952993e-02
3.860000000000000320e+00 1.500000000000000000e+01 -3.931949897558409401e-01
1.158999999999999986e+01 1.500000000000000000e+01 -2.922490184394863078e-01
