-1.158999999999999986e+01 -1.500000000000000000e+01 -1.973825926984360102e+00
-1.148294804136603098e+01 -1.500000000000000000e+01 0.000000000000000000e+00
3.859999999999999876e+00 -1.500000000000000000e+01 -6.543518253910002302e-03
1.158999999999999986e+01 -1.500000000000000000e+01 -3.905773337143696011e+00
-1.158999999999999986e+01 -5.000000000000000000e+00 -1.973825926984360102e+00
-1.148294804136603098e+01 -5.000000000000000000e+00 0.000000000000000000e+00
3.859999999999999876e+00 -5.000000000000000000e+00 -6.543518253910002302e-03
1.158999999999999986e+01 -5.000000000000000000e+00 -3.905773337143696011e+00
-1.158999999999999986e+01 5.000000000000000000e+00 -2.013087036507819949e+00
-1.148294804136603098e+01 5.000000000000000000e+00 0.000000000000000000e+00
3.859999999999999876e+00 5.000000000000000000e+00 -1.308703650782000460e-02
1.158999999999999986e+01 5.000000000000000000e+00 -3.914934262699170109e+00
-1.158999999999999986e+01 1.500000000000000000e+01 -2.052348146031279796e+00
-1.148294804136603098e+01 1.500000000000000000e+01 0.000000000000000000e+00
3.859999999999999876e+00 1.500000000000000000e+01 -1.308703650782000460e-02
1.158999999999999986e+01 1.500000000000000000e+01 -3.897921115239003864e+00
