-1.092211896349473399e+01 -1.500000000000000000e+01 -1.328475853978932919e-01
-1.159332118963494729e+01 -1.500000000000000000e+01 -8.302974087368331091e-02
3.859999999999999876e+00 -1.500000000000000000e+01 0.000000000000000000e+00
1.158999999999999986e+01 -1.500000000000000000e+01 -4.166059481747366178e+00
-1.158999999999999986e+01 -5.000000000000000000e+00 -1.328475853978932919e-01
-1.159332118963494729e+01 -5.000000000000000000e+00 -8.302974087368331091e-02
3.859999999999999876e+00 -5.000000000000000000e+00 0.000000000000000000e+00
1.158999999999999986e+01 -5.000000000000000000e+00 -4.166059481747366178e+00
-1.225788103650526573e+01 5.000000000000000000e+00 -2.490892226210499327e-01
-1.159332118963494729e+01 5.000000000000000000e+00 -1.660594817473666218e-01
3.859999999999999876e+00 5.000000000000000000e+00 0.000000000000000000e+00
1.158999999999999986e+01 5.000000000000000000e+00 -3.833940518252633378e+00
-1.225788103650526573e+01 1.500000000000000000e+01 -3.321189634947332298e-02
-1.159332118963494729e+01 1.500000000000000000e+01 -1.660594817473666218e-01
3.859999999999999876e+00 1.500000000000000000e+01 0.000000000000000000e+00
1.158999999999999986e+01 1.500000000000000000e+01 -3.501821554757900135e+00
