-1.158999999999999986e+01 -1.500000000000000000e+01 -1.351156307176589744e-01
-9.589999999999999858e+00 -1.500000000000000000e+01 0.000000000000000000e+00
3.860000000000000320e+00 -1.500000000000000000e+01 0.000000000000000000e+00
1.158999999999999986e+01 -1.500000000000000000e+01 -3.459537477129364103e+00
-1.158999999999999986e+01 -5.000000000000000000e+00 -1.351156307176589744e-01
-9.589999999999999858e+00 -5.000000000000000000e+00 0.000000000000000000e+00
3.860000000000000320e+00 -5.000000000000000000e+00 0.000000000000000000e+00
1.158999999999999986e+01 -5.000000000000000000e+00 -2.162210923205852620e+00
-1.158999999999999986e+01 5.000000000000000000e+00 -3.377890767941474359e-01
-9.589999999999999858e+00 5.000000000000000000e+00 0.000000000000000000e+00
3.860000000000000320e+00 5.000000000000000000e+00 0.000000000000000000e+00
1.158999999999999986e+01 5.000000000000000000e+00 -8.648843692823410256e-01
-1.158999999999999986e+01 1.500000000000000000e+01 -5.404625228706358975e-01
-9.589999999999999858e+00 1.500000000000000000e+01 0.000000000000000000e+00
3.860000000000000320e+00 1.500000000000000000e+01 0.000000000000000000e+00
1.158999999999999986e+01 1.500000000000000000e+01 -8.648843692823410256e-01
