-1.158999999999999986e+01 -1.500000000000000000e+01 -3.569369554117373333e+00
-1.034078183492256997e+01 -1.500000000000000000e+01 0.000000000000000000e+00
3.859999999999999876e+00 -1.500000000000000000e+01 -1.569369554117373555e-01
1.158999999999999986e+01 -1.500000000000000000e+01 -1.740107842070982125e+00
-1.158999999999999986e+01 -5.000000000000000000e+00 -3.569369554117373333e+00
-1.034078183492256997e+01 -5.000000000000000000e+00 0.000000000000000000e+00
3.859999999999999876e+00 -5.000000000000000000e+00 -1.569369554117373555e-01
1.158999999999999986e+01 -5.000000000000000000e+00 -1.740107842070982125e+00
-1.158999999999999986e+01 5.000000000000000000e+00 -2.941621732470424355e+00
-1.034078183492256997e+01 5.000000000000000000e+00 0.000000000000000000e+00
3.859999999999999876e+00 5.000000000000000000e+00 -3.138739108234747111e-01
1.158999999999999986e+01 5.000000000000000000e+00 -1.959819579647414489e+00
-1.158999999999999986e+01 1.500000000000000000e+01 -2.313873910823474489e+00
-1.034078183492256997e+01 1.500000000000000000e+01 0.000000000000000000e+00
3.859999999999999876e+00 1.500000000000000000e+01 -3.138739108234747111e-01
1.158999999999999986e+01 1.500000000000000000e+01 -1.551783495576897209e+00
