-1.158999999999999986e+01 -1.500000000000000000e+01 -4.220346143865567612e-01
-7.556325983025635296e+00 -1.500000000000000000e+01 -2.465570915021005061e-01
3.859999999999999876e+00 -1.500000000000000000e+01 0.000000000000000000e+00
1.158999999999999986e+01 -1.500000000000000000e+01 -2.958685098025206184e+00
-1.158999999999999986e+01 -5.000000000000000000e+00 -4.220346143865567612e-01
-7.556325983025635296e+00 -5.000000000000000000e+00 -2.465570915021005061e-01
3.859999999999999876e+00 -5.000000000000000000e+00 0.000000000000000000e+00
1.158999999999999986e+01 -5.000000000000000000e+00 -2.958685098025206184e+00
-1.158999999999999986e+01 5.000000000000000000e+00 -7.809861764810954732e-01
-7.556325983025635296e+00 5.000000000000000000e+00 -4.931141830042010121e-01
3.859999999999999876e+00 5.000000000000000000e+00 0.000000000000000000e+00
1.158999999999999986e+01 5.000000000000000000e+00 -2.958685098025206184e+00
-1.158999999999999986e+01 1.500000000000000000e+01 -1.537093725672321054e-01
-7.556325983025635296e+00 1.500000000000000000e+01 -4.931141830042010121e-01
3.859999999999999876e+00 1.500000000000000000e+01 0.000000000000000000e+00
1.158999999999999986e+01 1.500000000000000000e+01 -2.958685098025206184e+00
