-1.158999999999999986e+01 -1.500000000000000000e+01 -1.902651601515291668e+00
-7.601729076416519959e+00 -1.500000000000000000e+01 0.000000000000000000e+00
3.859999999999999876e+00 -1.500000000000000000e+01 -2.378314501894114585e-01
1.158999999999999986e+01 -1.500000000000000000e+01 -5.752271172724749970e-01
-1.158999999999999986e+01 -5.000000000000000000e+00 -1.902651601515291668e+00
-7.601729076416519959e+00 -5.000000000000000000e+00 0.000000000000000000e+00
3.859999999999999876e+00 -5.000000000000000000e+00 -2.378314501894114585e-01
1.158999999999999986e+01 -5.000000000000000000e+00 -5.022158184089438038e-01
-1.158999999999999986e+01 5.000000000000000000e+00 -2.378314501894114752e+00
-7.601729076416519959e+00 5.000000000000000000e+00 0.000000000000000000e+00
3.859999999999999876e+00 5.000000000000000000e+00 -4.756629003788229171e-01
1.158999999999999986e+01 5.000000000000000000e+00 -7.621685498105885692e-01
-1.158999999999999986e+01 1.500000000000000000e+01 -3.805303203030583337e+00
-7.601729076416519959e+00 1.500000000000000000e+01 0.000000000000000000e+00
3.859999999999999876e+00 1.500000000000000000e+01 -4.756629003788229171e-01
1.158999999999999986e+01 1.500000000000000000e+01 -1.438067793181187493e-01
