-1.158999999999999986e+01 -1.500000000000000000e+01 -3.808278316290087950e+00
-1.046557643871574328e+01 -1.500000000000000000e+01 0.000000000000000000e+00
3.860000000000000320e+00 -1.500000000000000000e+01 -2.500000000000000000e-01
1.158999999999999986e+01 -1.500000000000000000e+01 -4.000000000000000222e-01
-1.158999999999999986e+01 -5.000000000000000000e+00 -3.808278316290087950e+00
-1.046557643871574328e+01 -5.000000000000000000e+00 0.000000000000000000e+00
3.860000000000000320e+00 -5.000000000000000000e+00 -2.500000000000000000e-01
1.158999999999999986e+01 -5.000000000000000000e+00 -4.000000000000000222e-01
-1.158999999999999986e+01 5.000000000000000000e+00 -3.223311326516034914e+00
-1.046557643871574328e+01 5.000000000000000000e+00 0.000000000000000000e+00
3.860000000000000320e+00 5.000000000000000000e+00 -5.000000000000000000e-01
1.158999999999999986e+01 5.000000000000000000e+00 -7.500000000000000000e-01
-1.158999999999999986e+01 1.500000000000000000e+01 -2.915033010225947407e+00
-1.046557643871574328e+01 1.500000000000000000e+01 0.000000000000000000e+00
3.860000000000000320e+00 1.500000000000000000e+01 -5.000000000000000000e-01
1.158999999999999986e+01 1.500000000000000000e+01 -1.000000000000000056e-01
