-1.158999999999999986e+01 -1.500000000000000000e+01 -1.691459132610175553e+00
-9.898540867389824527e+00 -1.500000000000000000e+01 -4.228647831525438883e-01
3.859999999999999432e+00 -1.500000000000000000e+01 0.000000000000000000e+00
1.158999999999999986e+01 -1.500000000000000000e+01 -3.691459132610175331e+00
-1.158999999999999986e+01 -5.000000000000000000e+00 -1.057161957881359804e+00
-9.898540867389824527e+00 -5.000000000000000000e+00 -4.228647831525438883e-01
3.859999999999999432e+00 -5.000000000000000000e+00 0.000000000000000000e+00
1.158999999999999986e+01 -5.000000000000000000e+00 -2.422864783152544277e+00
-1.158999999999999986e+01 5.000000000000000000e+00 -1.057161957881359804e+00
-9.898540867389824527e+00 5.000000000000000000e+00 -2.114323915762719441e-01
3.859999999999999432e+00 5.000000000000000000e+00 0.000000000000000000e+00
1.158999999999999986e+01 5.000000000000000000e+00 -1.308540867389824447e+00
-1.158999999999999986e+01 1.500000000000000000e+01 -1.691459132610175553e+00
-9.898540867389824527e+00 1.500000000000000000e+01 -2.114323915762719441e-01
3.859999999999999432e+00 1.500000000000000000e+01 0.000000000000000000e+00
1.158999999999999986e+01 1.500000000000000000e+01 -1.462811301084736559e+00
