-1.158999999999999986e+01 -1.500000000000000000e+01 -6.669397026905634629e-01
-9.595551004955156671e+00 -1.500000000000000000e+01 -1.387751238789318720e-01
3.859999999999999432e+00 -1.500000000000000000e+01 -1.112248761210681280e-01
1.158999999999999986e+01 -1.500000000000000000e+01 -2.675912031614482878e+00
-1.158999999999999986e+01 -5.000000000000000000e+00 -6.669397026905634629e-01
-9.595551004955156671e+00 -5.000000000000000000e+00 -1.387751238789318720e-01
3.859999999999999432e+00 -5.000000000000000000e+00 -1.112248761210681280e-01
1.158999999999999986e+01 -5.000000000000000000e+00 -2.675912031614482878e+00
-1.158999999999999986e+01 5.000000000000000000e+00 -1.528574132847476896e+00
-9.595551004955156671e+00 5.000000000000000000e+00 -2.775502477578637439e-01
3.859999999999999432e+00 5.000000000000000000e+00 -2.224497522421362561e-01
1.158999999999999986e+01 5.000000000000000000e+00 -2.276526362668250592e+00
-1.158999999999999986e+01 1.500000000000000000e+01 -1.835108067488662842e+00
-9.595551004955156671e+00 1.500000000000000000e+01 -2.775502477578637439e-01
3.859999999999999432e+00 1.500000000000000000e+01 -2.224497522421362561e-01
1.158999999999999986e+01 1.500000000000000000e+01 -1.432241189237746015e+00
