-1.195802142545885260e+01 -1.500000000000000000e+01 -2.527914298164590234e-01
-9.005207630126706775e+00 -1.500000000000000000e+01 -1.579946436352868966e-01
3.859999999999999432e+00 -1.500000000000000000e+01 0.000000000000000000e+00
1.158999999999999986e+01 -1.500000000000000000e+01 -3.368021425458852303e+00
-1.195802142545885260e+01 -5.000000000000000000e+00 -2.527914298164590234e-01
-9.005207630126706775e+00 -5.000000000000000000e+00 -1.579946436352868966e-01
3.859999999999999432e+00 -5.000000000000000000e+00 0.000000000000000000e+00
1.158999999999999986e+01 -5.000000000000000000e+00 -3.368021425458852303e+00
-1.195802142545885260e+01 5.000000000000000000e+00 -4.739839309058606620e-01
-9.005207630126706775e+00 5.000000000000000000e+00 -3.159892872705737932e-01
3.859999999999999432e+00 5.000000000000000000e+00 0.000000000000000000e+00
1.158999999999999986e+01 5.000000000000000000e+00 -3.368021425458852303e+00
-1.195802142545885260e+01 1.500000000000000000e+01 -6.319785745411475586e-02
-9.005207630126706775e+00 1.500000000000000000e+01 -3.159892872705737932e-01
3.859999999999999432e+00 1.500000000000000000e+01 0.000000000000000000e+00
1.158999999999999986e+01 1.500000000000000000e+01 -3.368021425458852303e+00
