-1.107125236258842804e+01 -1.500000000000000000e+01 -4.000000000000000000e+00
-1.062749527482314527e+01 -1.500000000000000000e+01 0.000000000000000000e+00
3.859999999999999876e+00 -1.500000000000000000e+01 -2.406261812942135370e-01
1.158999999999999986e+01 -1.500000000000000000e+01 -9.625047251768541479e-01
-1.158999999999999986e+01 -5.000000000000000000e+00 -3.278121456117359500e+00
-1.062749527482314527e+01 -5.000000000000000000e+00 0.000000000000000000e+00
3.859999999999999876e+00 -5.000000000000000000e+00 -2.406261812942135370e-01
1.158999999999999986e+01 -5.000000000000000000e+00 -6.015654532355338979e-01
-1.210874763741157167e+01 5.000000000000000000e+00 -2.556242912234719000e+00
-1.062749527482314527e+01 5.000000000000000000e+00 0.000000000000000000e+00
3.859999999999999876e+00 5.000000000000000000e+00 -1.203130906471067685e-01
1.158999999999999986e+01 5.000000000000000000e+00 -6.015654532355338979e-01
-1.210874763741157167e+01 1.500000000000000000e+01 -2.556242912234719000e+00
-1.062749527482314527e+01 1.500000000000000000e+01 0.000000000000000000e+00
3.859999999999999876e+00 1.500000000000000000e+01 -1.203130906471067685e-01
1.158999999999999986e+01 1.500000000000000000e+01 -9.625047251768541479e-01
