-1.158999999999999986e+01 -1.500000000000000000e+01 -2.728789328634116718e+00
-7.783415151577347757e+00 -1.500000000000000000e+01 0.000000000000000000e+00
3.859999999999999876e+00 -1.500000000000000000e+01 -2.160986660792645619e-01
1.158999999999999986e+01 -1.500000000000000000e+01 -3.457578657268233213e-01
-1.158999999999999986e+01 -5.000000000000000000e+00 -2.728789328634116718e+00
-7.783415151577347757e+00 -5.000000000000000000e+00 0.000000000000000000e+00
3.859999999999999876e+00 -5.000000000000000000e+00 -2.160986660792645619e-01
1.158999999999999986e+01 -5.000000000000000000e+00 -3.457578657268233213e-01
-1.158999999999999986e+01 5.000000000000000000e+00 -2.932197332158529068e+00
-7.783415151577347757e+00 5.000000000000000000e+00 0.000000000000000000e+00
3.859999999999999876e+00 5.000000000000000000e+00 -4.321973321585291239e-01
1.158999999999999986e+01 5.000000000000000000e+00 -6.482959982377937136e-01
-1.158999999999999986e+01 1.500000000000000000e+01 -3.135605335682941863e+00
-7.783415151577347757e+00 1.500000000000000000e+01 0.000000000000000000e+00
3.859999999999999876e+00 1.500000000000000000e+01 -4.321973321585291239e-01
1.158999999999999986e+01 1.500000000000000000e+01 -8.643946643170583033e-02
