-1.158999999999999986e+01 -1.500000000000000000e+01 -5.915322897558619175e-01
-9.589999999999999858e+00 -1.500000000000000000e+01 0.000000000000000000e+00
3.859999999999999876e+00 -1.500000000000000000e+01 0.000000000000000000e+00
1.158999999999999986e+01 -1.500000000000000000e+01 -3.408467710244138082e+00
-1.158999999999999986e+01 -5.000000000000000000e+00 -3.697076810974136984e-01
-9.589999999999999858e+00 -5.000000000000000000e+00 0.000000000000000000e+00
3.859999999999999876e+00 -5.000000000000000000e+00 0.000000000000000000e+00
1.158999999999999986e+01 -5.000000000000000000e+00 -2.130292318902586413e+00
-1.158999999999999986e+01 5.000000000000000000e+00 -1.478830724389654794e-01
-9.589999999999999858e+00 5.000000000000000000e+00 0.000000000000000000e+00
3.859999999999999876e+00 5.000000000000000000e+00 0.000000000000000000e+00
1.158999999999999986e+01 5.000000000000000000e+00 -8.521169275610345206e-01
-1.158999999999999986e+01 1.500000000000000000e+01 -1.478830724389654794e-01
-9.589999999999999858e+00 1.500000000000000000e+01 0.000000000000000000e+00
3.859999999999999876e+00 1.500000000000000000e+01 0.000000000000000000e+00
1.158999999999999986e+01 1.500000000000000000e+01 -8.521169275610345206e-01
