-1.158999999999999986e+01 -1.500000000000000000e+01 -1.508832167934090140e+00
-1.060766433586817925e+01 -1.500000000000000000e+01 0.000000000000000000e+00
3.859999999999999876e+00 -1.500000000000000000e+01 0.000000000000000000e+00
1.158999999999999986e+01 -1.500000000000000000e+01 -2.035328671736360562e+00
-1.158999999999999986e+01 -5.000000000000000000e+00 -1.508832167934090140e+00
-1.060766433586817925e+01 -5.000000000000000000e+00 0.000000000000000000e+00
3.859999999999999876e+00 -5.000000000000000000e+00 0.000000000000000000e+00
1.158999999999999986e+01 -5.000000000000000000e+00 -2.035328671736360562e+00
-1.158999999999999986e+01 5.000000000000000000e+00 -2.245583916032955152e+00
-1.060766433586817925e+01 5.000000000000000000e+00 0.000000000000000000e+00
3.859999999999999876e+00 5.000000000000000000e+00 0.000000000000000000e+00
1.158999999999999986e+01 5.000000000000000000e+00 -2.035328671736360562e+00
-1.158999999999999986e+01 1.500000000000000000e+01 -2.982335664131819719e+00
-1.060766433586817925e+01 1.500000000000000000e+01 0.000000000000000000e+00
3.859999999999999876e+00 1.500000000000000000e+01 0.000000000000000000e+00
1.158999999999999986e+01 1.500000000000000000e+01 -2.035328671736360562e+00
