-1.158999999999999986e+01 -1.500000000000000000e+01 -1.068128272526614353e+00
-1.159999999999999964e+01 -1.500000000000000000e+01 -2.092604711874015699e-01
3.859999999999999876e+00 -1.500000000000000000e+01 -4.073952881259843006e-02
1.158999999999999986e+01 -1.500000000000000000e+01 -3.831871727473385558e+00
-1.158999999999999986e+01 -5.000000000000000000e+00 -1.068128272526614353e+00
-1.159999999999999964e+01 -5.000000000000000000e+00 -2.092604711874015699e-01
3.859999999999999876e+00 -5.000000000000000000e+00 -4.073952881259843006e-02
1.158999999999999986e+01 -5.000000000000000000e+00 -3.831871727473385558e+00
-1.158999999999999986e+01 5.000000000000000000e+00 -1.198134816938582592e+00
-1.159999999999999964e+01 5.000000000000000000e+00 -4.185209423748031399e-01
3.859999999999999876e+00 5.000000000000000000e+00 -8.147905762519686013e-02
1.158999999999999986e+01 5.000000000000000000e+00 -3.051865183061417408e+00
-1.158999999999999986e+01 1.500000000000000000e+01 -4.910994766009449397e-01
-1.159999999999999964e+01 1.500000000000000000e+01 -4.185209423748031399e-01
3.859999999999999876e+00 1.500000000000000000e+01 -8.147905762519686013e-02
1.158999999999999986e+01 1.500000000000000000e+01 -2.108900523399055427e+00
