-1.158999999999999986e+01 -1.500000000000000000e+01 -2.230975435689711794e+00
-8.562982961275416471e+00 -1.500000000000000000e+01 -1.228489280771033476e-01
3.859999999999999876e+00 -1.500000000000000000e+01 -2.543021438457933048e-01
1.158999999999999986e+01 -1.500000000000000000e+01 -2.491395712308413390e+00
-1.158999999999999986e+01 -5.000000000000000000e+00 -1.468069004152331880e+00
-8.562982961275416471e+00 -5.000000000000000000e+00 -1.228489280771033476e-01
3.859999999999999876e+00 -5.000000000000000000e+00 -2.543021438457933048e-01
1.158999999999999986e+01 -5.000000000000000000e+00 -2.109942496539723322e+00
-1.158999999999999986e+01 5.000000000000000000e+00 -8.771510719228966524e-01
-8.562982961275416471e+00 5.000000000000000000e+00 -2.456978561542066952e-01
3.859999999999999876e+00 5.000000000000000000e+00 -1.271510719228966524e-01
1.158999999999999986e+01 5.000000000000000000e+00 -2.109942496539723322e+00
-1.158999999999999986e+01 1.500000000000000000e+01 -5.577438589224279486e-01
-8.562982961275416471e+00 1.500000000000000000e+01 -2.456978561542066952e-01
3.859999999999999876e+00 1.500000000000000000e+01 -1.271510719228966524e-01
1.158999999999999986e+01 1.500000000000000000e+01 -2.491395712308413390e+00
