-1.094362230939984038e+01 -1.500000000000000000e+01 -2.726959686160572716e+00
-1.014368475455465202e+01 -1.500000000000000000e+01 -8.840557734996021266e-02
3.859999999999999432e+00 -1.500000000000000000e+01 0.000000000000000000e+00
1.158999999999999986e+01 -1.500000000000000000e+01 -3.536223093998408507e-01
-1.158999999999999986e+01 -5.000000000000000000e+00 -2.726959686160572716e+00
-1.014368475455465202e+01 -5.000000000000000000e+00 -8.840557734996021266e-02
3.859999999999999432e+00 -5.000000000000000000e+00 0.000000000000000000e+00
1.158999999999999986e+01 -5.000000000000000000e+00 -3.536223093998408507e-01
-1.223637769060015756e+01 5.000000000000000000e+00 -2.850727494450516986e+00
-1.014368475455465202e+01 5.000000000000000000e+00 -1.768111546999204253e-01
3.859999999999999432e+00 5.000000000000000000e+00 0.000000000000000000e+00
1.158999999999999986e+01 5.000000000000000000e+00 -8.840557734996021821e-01
-1.223637769060015756e+01 1.500000000000000000e+01 -2.620872993340620738e+00
-1.014368475455465202e+01 1.500000000000000000e+01 -1.768111546999204253e-01
3.859999999999999432e+00 1.500000000000000000e+01 0.000000000000000000e+00
1.158999999999999986e+01 1.500000000000000000e+01 -1.414489237599363403e+00
