-1.068331736586200975e+01 -1.500000000000000000e+01 -4.046658682931004947e+00
-1.159093317365861964e+01 -1.500000000000000000e+01 0.000000000000000000e+00
3.859999999999999876e+00 -1.500000000000000000e+01 -2.332934146550247334e-02
1.158999999999999986e+01 -1.500000000000000000e+01 -3.732694634480395596e-02
-1.158999999999999986e+01 -5.000000000000000000e+00 -4.046658682931004947e+00
-1.159093317365861964e+01 -5.000000000000000000e+00 0.000000000000000000e+00
3.859999999999999876e+00 -5.000000000000000000e+00 -2.332934146550247334e-02
1.158999999999999986e+01 -5.000000000000000000e+00 -3.732694634480395596e-02
-1.249668263413798996e+01 5.000000000000000000e+00 -3.953341317068995053e+00
-1.159093317365861964e+01 5.000000000000000000e+00 0.000000000000000000e+00
3.859999999999999876e+00 5.000000000000000000e+00 -4.665868293100494668e-02
1.158999999999999986e+01 5.000000000000000000e+00 -6.998802439650742002e-02
-1.249668263413798996e+01 1.500000000000000000e+01 -3.860023951206985160e+00
-1.159093317365861964e+01 1.500000000000000000e+01 0.000000000000000000e+00
3.859999999999999876e+00 1.500000000000000000e+01 -4.665868293100494668e-02
1.158999999999999986e+01 1.500000000000000000e+01 -9.331736586200988989e-03
