-1.158999999999999986e+01 -1.500000000000000000e+01 -4.496268380155893141e+00
-1.159992536760311665e+01 -1.500000000000000000e+01 0.000000000000000000e+00
3.859999999999999876e+00 -1.500000000000000000e+01 -2.481341900779463205e-01
1.158999999999999986e+01 -1.500000000000000000e+01 -4.119411835011435596e-01
-1.158999999999999986e+01 -5.000000000000000000e+00 -4.496268380155893141e+00
-1.159992536760311665e+01 -5.000000000000000000e+00 0.000000000000000000e+00
3.859999999999999876e+00 -5.000000000000000000e+00 -2.481341900779463205e-01
1.158999999999999986e+01 -5.000000000000000000e+00 -4.119411835011435596e-01
-1.158999999999999986e+01 5.000000000000000000e+00 -3.503731619844107303e+00
-1.159992536760311665e+01 5.000000000000000000e+00 0.000000000000000000e+00
3.859999999999999876e+00 5.000000000000000000e+00 -4.962683801558926411e-01
1.158999999999999986e+01 5.000000000000000000e+00 -7.593290496102683695e-01
-1.158999999999999986e+01 1.500000000000000000e+01 -2.511194859532321910e+00
-1.159992536760311665e+01 1.500000000000000000e+01 0.000000000000000000e+00
3.859999999999999876e+00 1.500000000000000000e+01 -4.962683801558926411e-01
1.158999999999999986e+01 1.500000000000000000e+01 -1.141801554076079667e-01
