-1.158999999999999986e+01 -1.500000000000000000e+01 -4.000000000000000222e-01
-8.297204201284241520e+00 -1.500000000000000000e+01 -2.500000000000000000e-01
3.859999999999999432e+00 -1.500000000000000000e+01 0.000000000000000000e+00
1.158999999999999986e+01 -1.500000000000000000e+01 -2.328673668807069497e+00
-1.158999999999999986e+01 -5.000000000000000000e+00 -4.000000000000000222e-01
-8.297204201284241520e+00 -5.000000000000000000e+00 -2.500000000000000000e-01
3.859999999999999432e+00 -5.000000000000000000e+00 0.000000000000000000e+00
1.158999999999999986e+01 -5.000000000000000000e+00 -2.328673668807069497e+00
-1.158999999999999986e+01 5.000000000000000000e+00 -7.500000000000000000e-01
-8.297204201284241520e+00 5.000000000000000000e+00 -5.000000000000000000e-01
3.859999999999999432e+00 5.000000000000000000e+00 0.000000000000000000e+00
1.158999999999999986e+01 5.000000000000000000e+00 -2.879621048230591285e+00
-1.158999999999999986e+01 1.500000000000000000e+01 -1.000000000000000056e-01
-8.297204201284241520e+00 1.500000000000000000e+01 -5.000000000000000000e-01
3.859999999999999432e+00 1.500000000000000000e+01 0.000000000000000000e+00
1.158999999999999986e+01 1.500000000000000000e+01 -3.430568427654113073e+00
