-1.158999999999999986e+01 -1.500000000000000000e+01 -3.379636986389846331e+00
-9.026155529614310780e+00 -1.500000000000000000e+01 -6.831481790305815593e-02
3.859999999999999876e+00 -1.500000000000000000e+01 -1.816851820969418441e-01
1.158999999999999986e+01 -1.500000000000000000e+01 -5.639555629673396187e-01
-1.158999999999999986e+01 -5.000000000000000000e+00 -3.379636986389846331e+00
-9.026155529614310780e+00 -5.000000000000000000e+00 -6.831481790305815593e-02
3.859999999999999876e+00 -5.000000000000000000e+00 -1.816851820969418441e-01
1.158999999999999986e+01 -5.000000000000000000e+00 -5.639555629673396187e-01
-1.158999999999999986e+01 5.000000000000000000e+00 -2.748537003066360285e+00
-9.026155529614310780e+00 5.000000000000000000e+00 -1.366296358061163119e-01
3.859999999999999876e+00 5.000000000000000000e+00 -3.633703641938836881e-01
1.158999999999999986e+01 5.000000000000000000e+00 -1.228203725321407092e+00
-1.158999999999999986e+01 1.500000000000000000e+01 -1.844177748130641614e+00
-9.026155529614310780e+00 1.500000000000000000e+01 -1.366296358061163119e-01
3.859999999999999876e+00 1.500000000000000000e+01 -3.633703641938836881e-01
1.158999999999999986e+01 1.500000000000000000e+01 -1.165711159287707188e+00
