-1.158999999999999986e+01 -1.500000000000000000e+01 -2.462060174795648315e-01
-9.589999999999999858e+00 -1.500000000000000000e+01 0.000000000000000000e+00
3.860000000000000320e+00 -1.500000000000000000e+01 0.000000000000000000e+00
1.158999999999999986e+01 -1.500000000000000000e+01 -3.753793982520435168e+00
-1.158999999999999986e+01 -5.000000000000000000e+00 -1.538787609247280197e-01
-9.589999999999999858e+00 -5.000000000000000000e+00 0.000000000000000000e+00
3.860000000000000320e+00 -5.000000000000000000e+00 0.000000000000000000e+00
1.158999999999999986e+01 -5.000000000000000000e+00 -2.346121239075272147e+00
-1.158999999999999986e+01 5.000000000000000000e+00 -6.155150436989120788e-02
-9.589999999999999858e+00 5.000000000000000000e+00 0.000000000000000000e+00
3.860000000000000320e+00 5.000000000000000000e+00 0.000000000000000000e+00
1.158999999999999986e+01 5.000000000000000000e+00 -9.384484956301087921e-01
-1.158999999999999986e+01 1.500000000000000000e+01 -6.155150436989120788e-02
-9.589999999999999858e+00 1.500000000000000000e+01 0.000000000000000000e+00
3.860000000000000320e+00 1.500000000000000000e+01 0.000000000000000000e+00
1.158999999999999986e+01 1.500000000000000000e+01 -9.384484956301087921e-01
