-1.158999999999999986e+01 -1.500000000000000000e+01 -4.270872892156822864e+00
-1.159541745784313704e+01 -1.500000000000000000e+01 0.000000000000000000e+00
3.859999999999999876e+00 -1.500000000000000000e+01 -1.354364460784114599e-01
1.158999999999999986e+01 -1.500000000000000000e+01 -2.166983137254583358e-01
-1.158999999999999986e+01 -5.000000000000000000e+00 -4.270872892156822864e+00
-1.159541745784313704e+01 -5.000000000000000000e+00 0.000000000000000000e+00
3.859999999999999876e+00 -5.000000000000000000e+00 -1.354364460784114599e-01
1.158999999999999986e+01 -5.000000000000000000e+00 -2.166983137254583358e-01
-1.158999999999999986e+01 5.000000000000000000e+00 -3.729127107843177136e+00
-1.159541745784313704e+01 5.000000000000000000e+00 0.000000000000000000e+00
3.859999999999999876e+00 5.000000000000000000e+00 -2.708728921568229198e-01
1.158999999999999986e+01 5.000000000000000000e+00 -4.063093382352344074e-01
-1.158999999999999986e+01 1.500000000000000000e+01 -3.187381323529531407e+00
-1.159541745784313704e+01 1.500000000000000000e+01 0.000000000000000000e+00
3.859999999999999876e+00 1.500000000000000000e+01 -2.708728921568229198e-01
1.158999999999999986e+01 1.500000000000000000e+01 -5.417457843136458395e-02
