-1.158999999999999986e+01 -1.500000000000000000e+01 -4.156016406484733139e+00
-1.096905470219076228e+01 -1.500000000000000000e+01 0.000000000000000000e+00
3.859999999999999876e+00 -1.500000000000000000e+01 -7.800820324236651393e-02
1.158999999999999986e+01 -1.500000000000000000e+01 -1.500747499248854311e+00
-1.158999999999999986e+01 -5.000000000000000000e+00 -4.156016406484733139e+00
-1.096905470219076228e+01 -5.000000000000000000e+00 0.000000000000000000e+00
3.859999999999999876e+00 -5.000000000000000000e+00 -7.800820324236651393e-02
1.158999999999999986e+01 -5.000000000000000000e+00 -1.500747499248854311e+00
-1.158999999999999986e+01 5.000000000000000000e+00 -3.843983593515266861e+00
-1.096905470219076228e+01 5.000000000000000000e+00 0.000000000000000000e+00
3.859999999999999876e+00 5.000000000000000000e+00 -1.560164064847330279e-01
1.158999999999999986e+01 5.000000000000000000e+00 -1.609958983788167375e+00
-1.158999999999999986e+01 1.500000000000000000e+01 -3.531950780545801027e+00
-1.096905470219076228e+01 1.500000000000000000e+01 0.000000000000000000e+00
3.859999999999999876e+00 1.500000000000000000e+01 -1.560164064847330279e-01
1.158999999999999986e+01 1.500000000000000000e+01 -1.407137655358014605e+00
