-1.169600791905943105e+01 -1.500000000000000000e+01 -3.575968323762275691e+00
-9.802015838118862234e+00 -1.500000000000000000e+01 0.000000000000000000e+00
3.859999999999999876e+00 -1.500000000000000000e+01 -4.469960404702844614e-01
1.158999999999999986e+01 -1.500000000000000000e+01 -2.212015838118862376e+00
-1.169600791905943105e+01 -5.000000000000000000e+00 -2.234980202351422474e+00
-9.802015838118862234e+00 -5.000000000000000000e+00 0.000000000000000000e+00
3.859999999999999876e+00 -5.000000000000000000e+00 -4.469960404702844614e-01
1.158999999999999986e+01 -5.000000000000000000e+00 -1.541521777413435546e+00
-1.169600791905943105e+01 5.000000000000000000e+00 -8.939920809405689228e-01
-9.802015838118862234e+00 5.000000000000000000e+00 0.000000000000000000e+00
3.859999999999999876e+00 5.000000000000000000e+00 -2.234980202351422307e-01
1.158999999999999986e+01 5.000000000000000000e+00 -1.541521777413435546e+00
-1.169600791905943105e+01 1.500000000000000000e+01 -8.939920809405689228e-01
-9.802015838118862234e+00 1.500000000000000000e+01 0.000000000000000000e+00
3.859999999999999876e+00 1.500000000000000000e+01 -2.234980202351422307e-01
1.158999999999999986e+01 1.500000000000000000e+01 -2.212015838118862376e+00
