-1.158999999999999986e+01 -1.500000000000000000e+01 -3.459833701599515976e+00
-9.597688519336887936e+00 -1.500000000000000000e+01 0.000000000000000000e+00
3.859999999999999876e+00 -1.500000000000000000e+01 -1.922129834221953382e-01
1.158999999999999986e+01 -1.500000000000000000e+01 -5.386888397867312106e-01
-1.158999999999999986e+01 -5.000000000000000000e+00 -3.459833701599515976e+00
-9.597688519336887936e+00 -5.000000000000000000e+00 0.000000000000000000e+00
3.859999999999999876e+00 -5.000000000000000000e+00 -1.922129834221953382e-01
1.158999999999999986e+01 -5.000000000000000000e+00 -5.386888397867312106e-01
-1.158999999999999986e+01 5.000000000000000000e+00 -2.690981767910734845e+00
-9.597688519336887936e+00 5.000000000000000000e+00 0.000000000000000000e+00
3.859999999999999876e+00 5.000000000000000000e+00 -3.844259668443906763e-01
1.158999999999999986e+01 5.000000000000000000e+00 -1.154509116044632577e+00
-1.158999999999999986e+01 1.500000000000000000e+01 -1.922129834221953271e+00
-9.597688519336887936e+00 1.500000000000000000e+01 0.000000000000000000e+00
3.859999999999999876e+00 1.500000000000000000e+01 -3.844259668443906763e-01
1.158999999999999986e+01 1.500000000000000000e+01 -1.001477458613752702e+00
