-1.158999999999999986e+01 -1.500000000000000000e+01 -2.047958038903249456e+00
-1.159019183215561277e+01 -1.500000000000000000e+01 0.000000000000000000e+00
3.859999999999999876e+00 -1.500000000000000000e+01 -4.795803890324940033e-03
1.158999999999999986e+01 -1.500000000000000000e+01 -3.930940423979320641e+00
-1.158999999999999986e+01 -5.000000000000000000e+00 -2.047958038903249456e+00
-1.159019183215561277e+01 -5.000000000000000000e+00 0.000000000000000000e+00
3.859999999999999876e+00 -5.000000000000000000e+00 -4.795803890324940033e-03
1.158999999999999986e+01 -5.000000000000000000e+00 -3.930940423979320641e+00
-1.158999999999999986e+01 5.000000000000000000e+00 -2.028774823341949585e+00
-1.159019183215561277e+01 5.000000000000000000e+00 0.000000000000000000e+00
3.859999999999999876e+00 5.000000000000000000e+00 -9.591607780649880066e-03
1.158999999999999986e+01 5.000000000000000000e+00 -3.937654549425775752e+00
-1.158999999999999986e+01 1.500000000000000000e+01 -2.009591607780649714e+00
-1.159019183215561277e+01 1.500000000000000000e+01 0.000000000000000000e+00
3.859999999999999876e+00 1.500000000000000000e+01 -9.591607780649880066e-03
1.158999999999999986e+01 1.500000000000000000e+01 -3.925185459310930991e+00
