-1.158999999999999986e+01 -1.500000000000000000e+01 -1.968741887387053691e+00
-1.046937137636621706e+01 -1.500000000000000000e+01 0.000000000000000000e+00
3.859999999999999876e+00 -1.500000000000000000e+01 -1.093745492992807544e-01
1.158999999999999986e+01 -1.500000000000000000e+01 -7.375010816817262338e-01
-1.158999999999999986e+01 -5.000000000000000000e+00 -1.968741887387053691e+00
-1.046937137636621706e+01 -5.000000000000000000e+00 0.000000000000000000e+00
3.859999999999999876e+00 -5.000000000000000000e+00 -1.093745492992807544e-01
1.158999999999999986e+01 -5.000000000000000000e+00 -7.375010816817262338e-01
-1.158999999999999986e+01 5.000000000000000000e+00 -1.531243690189930451e+00
-1.046937137636621706e+01 5.000000000000000000e+00 0.000000000000000000e+00
3.859999999999999876e+00 5.000000000000000000e+00 -2.187490985985615088e-01
1.158999999999999986e+01 5.000000000000000000e+00 -1.734378154905034553e+00
-1.158999999999999986e+01 1.500000000000000000e+01 -1.093745492992807655e+00
-1.046937137636621706e+01 1.500000000000000000e+01 0.000000000000000000e+00
3.859999999999999876e+00 1.500000000000000000e+01 -2.187490985985615088e-01
1.158999999999999986e+01 1.500000000000000000e+01 -2.293757030931220076e+00
