-1.158999999999999986e+01 -1.500000000000000000e+01 -2.160611056738573676e+00
-9.082299740686922362e+00 -1.500000000000000000e+01 0.000000000000000000e+00
3.859999999999999876e+00 -1.500000000000000000e+01 -1.532824119384521844e-01
1.158999999999999986e+01 -1.500000000000000000e+01 -2.452518591015235006e-01
-1.158999999999999986e+01 -5.000000000000000000e+00 -2.160611056738573676e+00
-9.082299740686922362e+00 -5.000000000000000000e+00 0.000000000000000000e+00
3.859999999999999876e+00 -5.000000000000000000e+00 -1.532824119384521844e-01
1.158999999999999986e+01 -5.000000000000000000e+00 -2.452518591015235006e-01
-1.158999999999999986e+01 5.000000000000000000e+00 -3.080305528369287060e+00
-9.082299740686922362e+00 5.000000000000000000e+00 0.000000000000000000e+00
3.859999999999999876e+00 5.000000000000000000e+00 -3.065648238769043687e-01
1.158999999999999986e+01 5.000000000000000000e+00 -4.598472358153565809e-01
-1.158999999999999986e+01 1.500000000000000000e+01 -4.000000000000000000e+00
-9.082299740686922362e+00 1.500000000000000000e+01 0.000000000000000000e+00
3.859999999999999876e+00 1.500000000000000000e+01 -3.065648238769043687e-01
1.158999999999999986e+01 1.500000000000000000e+01 -6.131296477538087514e-02
