-1.158999999999999986e+01 -1.500000000000000000e+01 -4.091352914655682627e-01
-9.599847745142239930e+00 -1.500000000000000000e+01 -2.461936285560132331e-01
3.859999999999999876e+00 -1.500000000000000000e+01 -3.806371443986766856e-03
1.158999999999999986e+01 -1.500000000000000000e+01 -4.437575508318617246e+00
-1.158999999999999986e+01 -5.000000000000000000e+00 -4.091352914655682627e-01
-9.599847745142239930e+00 -5.000000000000000000e+00 -2.461936285560132331e-01
3.859999999999999876e+00 -5.000000000000000000e+00 -3.806371443986766856e-03
1.158999999999999986e+01 -5.000000000000000000e+00 -4.437575508318617246e+00
-1.158999999999999986e+01 5.000000000000000000e+00 -7.766446001079073680e-01
-9.599847745142239930e+00 5.000000000000000000e+00 -4.923872571120264663e-01
3.859999999999999876e+00 5.000000000000000000e+00 -7.612742887973533712e-03
1.158999999999999986e+01 5.000000000000000000e+00 -3.458129914116145454e+00
-1.158999999999999986e+01 1.500000000000000000e+01 -1.593793945261935685e-01
-9.599847745142239930e+00 1.500000000000000000e+01 -4.923872571120264663e-01
3.859999999999999876e+00 1.500000000000000000e+01 -7.612742887973533712e-03
1.158999999999999986e+01 1.500000000000000000e+01 -2.463458834137727038e+00
