-1.224347698916219329e+01 -1.500000000000000000e+01 -1.386092043351223602e-01
-1.090041920843276557e+01 -1.500000000000000000e+01 -8.663075270945147510e-02
3.859999999999999876e+00 -1.500000000000000000e+01 0.000000000000000000e+00
1.158999999999999986e+01 -1.500000000000000000e+01 -4.173261505418903283e+00
-1.224347698916219329e+01 -5.000000000000000000e+00 -1.386092043351223602e-01
-1.090041920843276557e+01 -5.000000000000000000e+00 -8.663075270945147510e-02
3.859999999999999876e+00 -5.000000000000000000e+00 0.000000000000000000e+00
1.158999999999999986e+01 -5.000000000000000000e+00 -4.173261505418903283e+00
-1.224347698916219329e+01 5.000000000000000000e+00 -2.598922581283544253e-01
-1.090041920843276557e+01 5.000000000000000000e+00 -1.732615054189029502e-01
3.859999999999999876e+00 5.000000000000000000e+00 0.000000000000000000e+00
1.158999999999999986e+01 5.000000000000000000e+00 -3.826738494581097161e+00
-1.224347698916219329e+01 1.500000000000000000e+01 -3.465230108378059004e-02
-1.090041920843276557e+01 1.500000000000000000e+01 -1.732615054189029502e-01
3.859999999999999876e+00 1.500000000000000000e+01 0.000000000000000000e+00
1.158999999999999986e+01 1.500000000000000000e+01 -3.480215483743291038e+00
