-1.158999999999999986e+01 -1.500000000000000000e+01 -3.071873575509849630e+00
-7.650215772815585957e+00 -1.500000000000000000e+01 0.000000000000000000e+00
3.859999999999999876e+00 -1.500000000000000000e+01 -2.679683938774624075e-01
1.158999999999999986e+01 -1.500000000000000000e+01 -5.149977208157596742e-01
-1.158999999999999986e+01 -5.000000000000000000e+00 -2.964063212245075185e+00
-7.650215772815585957e+00 -5.000000000000000000e+00 0.000000000000000000e+00
3.859999999999999876e+00 -5.000000000000000000e+00 -2.679683938774624075e-01
1.158999999999999986e+01 -5.000000000000000000e+00 -4.610925391833723408e-01
-1.158999999999999986e+01 5.000000000000000000e+00 -2.856252848980300296e+00
-7.650215772815585957e+00 5.000000000000000000e+00 0.000000000000000000e+00
3.859999999999999876e+00 5.000000000000000000e+00 -4.820316061225375925e-01
1.158999999999999986e+01 5.000000000000000000e+00 -7.859367877549248149e-01
-1.158999999999999986e+01 1.500000000000000000e+01 -2.856252848980300296e+00
-7.650215772815585957e+00 1.500000000000000000e+01 0.000000000000000000e+00
3.859999999999999876e+00 1.500000000000000000e+01 -4.820316061225375925e-01
1.158999999999999986e+01 1.500000000000000000e+01 -2.365597934687145298e-01
