-1.158999999999999986e+01 -1.500000000000000000e+01 -9.431819695326880693e-01
-9.589999999999999858e+00 -1.500000000000000000e+01 0.000000000000000000e+00
3.859999999999999876e+00 -1.500000000000000000e+01 0.000000000000000000e+00
1.158999999999999986e+01 -1.500000000000000000e+01 -2.272721218692477230e-01
-1.158999999999999986e+01 -5.000000000000000000e+00 -9.431819695326880693e-01
-9.589999999999999858e+00 -5.000000000000000000e+00 0.000000000000000000e+00
3.859999999999999876e+00 -5.000000000000000000e+00 0.000000000000000000e+00
1.158999999999999986e+01 -5.000000000000000000e+00 -1.420450761682798269e-01
-1.158999999999999986e+01 5.000000000000000000e+00 -2.357954923831720340e+00
-9.589999999999999858e+00 5.000000000000000000e+00 0.000000000000000000e+00
3.859999999999999876e+00 5.000000000000000000e+00 0.000000000000000000e+00
1.158999999999999986e+01 5.000000000000000000e+00 -5.681803046731193074e-02
-1.158999999999999986e+01 1.500000000000000000e+01 -3.772727878130752277e+00
-9.589999999999999858e+00 1.500000000000000000e+01 0.000000000000000000e+00
3.859999999999999876e+00 1.500000000000000000e+01 0.000000000000000000e+00
1.158999999999999986e+01 1.500000000000000000e+01 -5.681803046731193074e-02
