-1.158999999999999986e+01 -1.500000000000000000e+01 -1.356438022474065530e+00
-9.589999999999999858e+00 -1.500000000000000000e+01 -3.391095056185163825e-01
3.860000000000000320e+00 -1.500000000000000000e+01 0.000000000000000000e+00
1.158999999999999986e+01 -1.500000000000000000e+01 -4.000000000000000000e+00
-1.158999999999999986e+01 -5.000000000000000000e+00 -8.477737640462910118e-01
-9.589999999999999858e+00 -5.000000000000000000e+00 -3.391095056185163825e-01
3.860000000000000320e+00 -5.000000000000000000e+00 0.000000000000000000e+00
1.158999999999999986e+01 -5.000000000000000000e+00 -2.500000000000000000e+00
-1.158999999999999986e+01 5.000000000000000000e+00 -8.477737640462910118e-01
-9.589999999999999858e+00 5.000000000000000000e+00 -1.695547528092581913e-01
3.860000000000000320e+00 5.000000000000000000e+00 0.000000000000000000e+00
1.158999999999999986e+01 5.000000000000000000e+00 -1.000000000000000000e+00
-1.158999999999999986e+01 1.500000000000000000e+01 -1.356438022474065530e+00
-9.589999999999999858e+00 1.500000000000000000e+01 -1.695547528092581913e-01
3.860000000000000320e+00 1.500000000000000000e+01 0.000000000000000000e+00
1.158999999999999986e+01 1.500000000000000000e+01 -1.000000000000000000e+00
