-1.158999999999999986e+01 -1.500000000000000000e+01 -4.179898418917924463e-01
-9.608775532630142280e+00 -1.500000000000000000e+01 -2.489030584212321706e-01
3.859999999999999876e+00 -1.500000000000000000e+01 -1.096941578767829384e-03
1.158999999999999986e+01 -1.500000000000000000e+01 -4.482010158108207243e+00
-1.158999999999999986e+01 -5.000000000000000000e+00 -4.179898418917924463e-01
-9.608775532630142280e+00 -5.000000000000000000e+00 -2.489030584212321706e-01
3.859999999999999876e+00 -5.000000000000000000e+00 -1.096941578767829384e-03
1.158999999999999986e+01 -5.000000000000000000e+00 -4.482010158108207243e+00
-1.158999999999999986e+01 5.000000000000000000e+00 -7.620663573664461232e-01
-9.608775532630142280e+00 5.000000000000000000e+00 -4.978061168424643412e-01
3.859999999999999876e+00 5.000000000000000000e+00 -2.193883157535658768e-03
1.158999999999999986e+01 5.000000000000000000e+00 -3.487933642633553877e+00
-1.158999999999999986e+01 1.500000000000000000e+01 -1.105306391561711732e-01
-9.608775532630142280e+00 1.500000000000000000e+01 -4.978061168424643412e-01
3.859999999999999876e+00 1.500000000000000000e+01 -2.193883157535658768e-03
1.158999999999999986e+01 1.500000000000000000e+01 -2.489469360843828749e+00
