-1.158999999999999986e+01 -1.500000000000000000e+01 -1.843599956093118775e-01
-1.051640897793679130e+01 -1.500000000000000000e+01 -1.152249972558199165e-01
3.860000000000000320e+00 -1.500000000000000000e+01 0.000000000000000000e+00
1.158999999999999986e+01 -1.500000000000000000e+01 -2.613149961581478831e+00
-1.158999999999999986e+01 -5.000000000000000000e+00 -1.843599956093118775e-01
-1.051640897793679130e+01 -5.000000000000000000e+00 -1.152249972558199165e-01
3.860000000000000320e+00 -5.000000000000000000e+00 0.000000000000000000e+00
1.158999999999999986e+01 -5.000000000000000000e+00 -2.613149961581478831e+00
-1.158999999999999986e+01 5.000000000000000000e+00 -3.456749917674597494e-01
-1.051640897793679130e+01 5.000000000000000000e+00 -2.304499945116398330e-01
3.860000000000000320e+00 5.000000000000000000e+00 0.000000000000000000e+00
1.158999999999999986e+01 5.000000000000000000e+00 -2.960899989023279666e+00
-1.158999999999999986e+01 1.500000000000000000e+01 -4.608999890232796937e-02
-1.051640897793679130e+01 1.500000000000000000e+01 -2.304499945116398330e-01
3.860000000000000320e+00 1.500000000000000000e+01 0.000000000000000000e+00
1.158999999999999986e+01 1.500000000000000000e+01 -3.308650016465080501e+00
