-1.158999999999999986e+01 -1.500000000000000000e+01 -1.000000000000000000e+00
-8.477389862054316438e+00 -1.500000000000000000e+01 0.000000000000000000e+00
3.859999999999999876e+00 -1.500000000000000000e+01 -1.330873370748424656e-01
1.158999999999999986e+01 -1.500000000000000000e+01 -2.129397393197479671e-01
-1.158999999999999986e+01 -5.000000000000000000e+00 -1.000000000000000000e+00
-8.477389862054316438e+00 -5.000000000000000000e+00 0.000000000000000000e+00
3.859999999999999876e+00 -5.000000000000000000e+00 -1.330873370748424656e-01
1.158999999999999986e+01 -5.000000000000000000e+00 -2.129397393197479671e-01
-1.158999999999999986e+01 5.000000000000000000e+00 -2.500000000000000000e+00
-8.477389862054316438e+00 5.000000000000000000e+00 0.000000000000000000e+00
3.859999999999999876e+00 5.000000000000000000e+00 -2.661746741496849311e-01
1.158999999999999986e+01 5.000000000000000000e+00 -3.992620112245274244e-01
-1.158999999999999986e+01 1.500000000000000000e+01 -4.000000000000000000e+00
-8.477389862054316438e+00 1.500000000000000000e+01 0.000000000000000000e+00
3.859999999999999876e+00 1.500000000000000000e+01 -2.661746741496849311e-01
1.158999999999999986e+01 1.500000000000000000e+01 -5.323493482993699177e-02
