-1.158999999999999986e+01 -1.500000000000000000e+01 -2.797559498677051337e+00
-9.589999999999999858e+00 -1.500000000000000000e+01 0.000000000000000000e+00
3.860000000000000320e+00 -1.500000000000000000e+01 0.000000000000000000e+00
1.158999999999999986e+01 -1.500000000000000000e+01 -1.202440501322948663e+00
-1.158999999999999986e+01 -5.000000000000000000e+00 -1.748474686673157086e+00
-9.589999999999999858e+00 -5.000000000000000000e+00 0.000000000000000000e+00
3.860000000000000320e+00 -5.000000000000000000e+00 0.000000000000000000e+00
1.158999999999999986e+01 -5.000000000000000000e+00 -7.515253133268429142e-01
-1.158999999999999986e+01 5.000000000000000000e+00 -6.993898746692628343e-01
-9.589999999999999858e+00 5.000000000000000000e+00 0.000000000000000000e+00
3.860000000000000320e+00 5.000000000000000000e+00 0.000000000000000000e+00
1.158999999999999986e+01 5.000000000000000000e+00 -3.006101253307371657e-01
-1.158999999999999986e+01 1.500000000000000000e+01 -6.993898746692628343e-01
-9.589999999999999858e+00 1.500000000000000000e+01 0.000000000000000000e+00
3.860000000000000320e+00 1.500000000000000000e+01 0.000000000000000000e+00
1.158999999999999986e+01 1.500000000000000000e+01 -3.006101253307371657e-01
