-1.059592044249460407e+01 -1.500000000000000000e+01 -4.002960221247302108e+00
-1.157821831943573621e+01 -1.500000000000000000e+01 0.000000000000000000e+00
3.859999999999999876e+00 -1.500000000000000000e+01 -1.480110623651165191e-03
1.158999999999999986e+01 -1.500000000000000000e+01 -2.368176997841864306e-03
-1.158999999999999986e+01 -5.000000000000000000e+00 -4.002960221247302108e+00
-1.157821831943573621e+01 -5.000000000000000000e+00 0.000000000000000000e+00
3.859999999999999876e+00 -5.000000000000000000e+00 -1.480110623651165191e-03
1.158999999999999986e+01 -5.000000000000000000e+00 -2.368176997841864306e-03
-1.258407955750539564e+01 5.000000000000000000e+00 -3.997039778752697892e+00
-1.157821831943573621e+01 5.000000000000000000e+00 0.000000000000000000e+00
3.859999999999999876e+00 5.000000000000000000e+00 -2.960221247302330383e-03
1.158999999999999986e+01 5.000000000000000000e+00 -4.440331870953495574e-03
-1.258407955750539564e+01 1.500000000000000000e+01 -3.991119336258092787e+00
-1.157821831943573621e+01 1.500000000000000000e+01 0.000000000000000000e+00
3.859999999999999876e+00 1.500000000000000000e+01 -2.960221247302330383e-03
1.158999999999999986e+01 1.500000000000000000e+01 -5.920442494604660766e-04
