-1.158999999999999986e+01 -1.500000000000000000e+01 -4.000000000000000222e-01
-1.071027649323447406e+01 -1.500000000000000000e+01 -2.500000000000000000e-01
3.860000000000000320e+00 -1.500000000000000000e+01 0.000000000000000000e+00
1.158999999999999986e+01 -1.500000000000000000e+01 -2.950730212099829775e+00
-1.158999999999999986e+01 -5.000000000000000000e+00 -4.000000000000000222e-01
-1.071027649323447406e+01 -5.000000000000000000e+00 -2.500000000000000000e-01
3.860000000000000320e+00 -5.000000000000000000e+00 0.000000000000000000e+00
1.158999999999999986e+01 -5.000000000000000000e+00 -2.950730212099829775e+00
-1.158999999999999986e+01 5.000000000000000000e+00 -7.500000000000000000e-01
-1.071027649323447406e+01 5.000000000000000000e+00 -5.000000000000000000e-01
3.860000000000000320e+00 5.000000000000000000e+00 0.000000000000000000e+00
1.158999999999999986e+01 5.000000000000000000e+00 -3.057351489171379999e+00
-1.158999999999999986e+01 1.500000000000000000e+01 -1.000000000000000056e-01
-1.071027649323447406e+01 1.500000000000000000e+01 -5.000000000000000000e-01
3.860000000000000320e+00 1.500000000000000000e+01 0.000000000000000000e+00
1.158999999999999986e+01 1.500000000000000000e+01 -3.163972766242929779e+00
