-1.158999999999999986e+01 -1.500000000000000000e+01 -2.044362238986759728e+00
-1.028624149265784027e+01 -1.500000000000000000e+01 0.000000000000000000e+00
3.860000000000000320e+00 -1.500000000000000000e+01 -1.629698134177700042e-01
1.158999999999999986e+01 -1.500000000000000000e+01 -2.607517014684320178e-01
-1.158999999999999986e+01 -5.000000000000000000e+00 -2.044362238986759728e+00
-1.028624149265784027e+01 -5.000000000000000000e+00 0.000000000000000000e+00
3.860000000000000320e+00 -5.000000000000000000e+00 -1.629698134177700042e-01
1.158999999999999986e+01 -5.000000000000000000e+00 -2.607517014684320178e-01
-1.158999999999999986e+01 5.000000000000000000e+00 -3.022181119493379864e+00
-1.028624149265784027e+01 5.000000000000000000e+00 0.000000000000000000e+00
3.860000000000000320e+00 5.000000000000000000e+00 -3.259396268355400084e-01
1.158999999999999986e+01 5.000000000000000000e+00 -4.889094402533100125e-01
-1.158999999999999986e+01 1.500000000000000000e+01 -4.000000000000000000e+00
-1.028624149265784027e+01 1.500000000000000000e+01 0.000000000000000000e+00
3.860000000000000320e+00 1.500000000000000000e+01 -3.259396268355400084e-01
1.158999999999999986e+01 1.500000000000000000e+01 -6.518792536710800445e-02
