-1.158999999999999986e+01 -1.500000000000000000e+01 -2.000000000000000000e+00
-8.420754165836619620e+00 -1.500000000000000000e+01 0.000000000000000000e+00
3.860000000000000320e+00 -1.500000000000000000e+01 -1.937191830173214946e-01
1.158999999999999986e+01 -1.500000000000000000e+01 -1.210443764550570567e+00
-1.158999999999999986e+01 -5.000000000000000000e+00 -2.000000000000000000e+00
-8.420754165836619620e+00 -5.000000000000000000e+00 0.000000000000000000e+00
3.860000000000000320e+00 -5.000000000000000000e+00 -1.937191830173214946e-01
1.158999999999999986e+01 -5.000000000000000000e+00 -1.210443764550570567e+00
-1.158999999999999986e+01 5.000000000000000000e+00 -2.387438366034642989e+00
-8.420754165836619620e+00 5.000000000000000000e+00 0.000000000000000000e+00
3.860000000000000320e+00 5.000000000000000000e+00 -3.874383660346429892e-01
1.158999999999999986e+01 5.000000000000000000e+00 -1.481650620774820570e+00
-1.158999999999999986e+01 1.500000000000000000e+01 -3.549753464138571957e+00
-8.420754165836619620e+00 1.500000000000000000e+01 0.000000000000000000e+00
3.860000000000000320e+00 1.500000000000000000e+01 -3.874383660346429892e-01
1.158999999999999986e+01 1.500000000000000000e+01 -9.779807449297847066e-01
