-1.158999999999999986e+01 -1.500000000000000000e+01 -2.785008798612612857e+00
-9.933561995441863246e+00 -1.500000000000000000e+01 0.000000000000000000e+00
3.859999999999999432e+00 -1.500000000000000000e+01 -1.012492667822822434e-01
1.158999999999999986e+01 -1.500000000000000000e+01 -1.619988268516515950e-01
-1.158999999999999986e+01 -5.000000000000000000e+00 -2.785008798612612857e+00
-9.933561995441863246e+00 -5.000000000000000000e+00 0.000000000000000000e+00
3.859999999999999432e+00 -5.000000000000000000e+00 -1.012492667822822434e-01
1.158999999999999986e+01 -5.000000000000000000e+00 -1.619988268516515950e-01
-1.158999999999999986e+01 5.000000000000000000e+00 -3.392504399306306428e+00
-9.933561995441863246e+00 5.000000000000000000e+00 0.000000000000000000e+00
3.859999999999999432e+00 5.000000000000000000e+00 -2.024985335645644868e-01
1.158999999999999986e+01 5.000000000000000000e+00 -3.037478003468467302e-01
-1.158999999999999986e+01 1.500000000000000000e+01 -4.000000000000000000e+00
-9.933561995441863246e+00 1.500000000000000000e+01 0.000000000000000000e+00
3.859999999999999432e+00 1.500000000000000000e+01 -2.024985335645644868e-01
1.158999999999999986e+01 1.500000000000000000e+01 -4.049970671291289875e-02
