-1.158999999999999986e+01 -1.500000000000000000e+01 -1.592620385352901291e+00
-9.057860378367227128e+00 -1.500000000000000000e+01 -4.363469352113908406e-01
3.859999999999999876e+00 -1.500000000000000000e+01 0.000000000000000000e+00
1.158999999999999986e+01 -1.500000000000000000e+01 -3.745387740845563584e+00
-1.158999999999999986e+01 -5.000000000000000000e+00 -1.033579579718728825e+00
-9.057860378367227128e+00 -5.000000000000000000e+00 -4.363469352113908406e-01
3.859999999999999876e+00 -5.000000000000000000e+00 0.000000000000000000e+00
1.158999999999999986e+01 -5.000000000000000000e+00 -2.627306129577218208e+00
-1.158999999999999986e+01 5.000000000000000000e+00 -1.122693870422781792e+00
-9.057860378367227128e+00 5.000000000000000000e+00 -3.136530647886091594e-01
3.859999999999999876e+00 5.000000000000000000e+00 0.000000000000000000e+00
1.158999999999999986e+01 5.000000000000000000e+00 -1.509224518308873275e+00
-1.158999999999999986e+01 1.500000000000000000e+01 -1.516236707606570366e+00
-9.057860378367227128e+00 1.500000000000000000e+01 -3.136530647886091594e-01
3.859999999999999876e+00 1.500000000000000000e+01 0.000000000000000000e+00
1.158999999999999986e+01 1.500000000000000000e+01 -1.509224518308873275e+00
