-1.158999999999999986e+01 -1.500000000000000000e+01 -4.491306653330592980e+00
-1.156505274638898229e+01 -1.500000000000000000e+01 0.000000000000000000e+00
3.859999999999999876e+00 -1.500000000000000000e+01 -2.543466733347035658e-01
1.158999999999999986e+01 -1.500000000000000000e+01 -4.278187093421028653e-01
-1.158999999999999986e+01 -5.000000000000000000e+00 -4.465226613322371918e+00
-1.156505274638898229e+01 -5.000000000000000000e+00 0.000000000000000000e+00
3.859999999999999876e+00 -5.000000000000000000e+00 -2.543466733347035658e-01
1.158999999999999986e+01 -5.000000000000000000e+00 -4.147786893379921680e-01
-1.158999999999999986e+01 5.000000000000000000e+00 -3.456533266652964009e+00
-1.156505274638898229e+01 5.000000000000000000e+00 0.000000000000000000e+00
3.859999999999999876e+00 5.000000000000000000e+00 -4.956533266652964342e-01
1.158999999999999986e+01 5.000000000000000000e+00 -7.586933466694070205e-01
-1.158999999999999986e+01 1.500000000000000000e+01 -2.473919959991778939e+00
-1.156505274638898229e+01 1.500000000000000000e+01 0.000000000000000000e+00
3.859999999999999876e+00 1.500000000000000000e+01 -4.956533266652964342e-01
1.158999999999999986e+01 1.500000000000000000e+01 -1.330347173437471109e-01
