-1.158999999999999986e+01 -1.500000000000000000e+01 -9.607688388068925667e-01
-9.453344788510674945e+00 -1.500000000000000000e+01 -1.634631716379478239e-02
3.859999999999999876e+00 -1.500000000000000000e+01 0.000000000000000000e+00
1.158999999999999986e+01 -1.500000000000000000e+01 -1.307705373103582591e-01
-1.158999999999999986e+01 -5.000000000000000000e+00 -9.607688388068925667e-01
-9.453344788510674945e+00 -5.000000000000000000e+00 -1.634631716379478239e-02
3.859999999999999876e+00 -5.000000000000000000e+00 0.000000000000000000e+00
1.158999999999999986e+01 -5.000000000000000000e+00 -1.307705373103582591e-01
-1.158999999999999986e+01 5.000000000000000000e+00 -2.385575779853436273e+00
-9.453344788510674945e+00 5.000000000000000000e+00 -3.269263432758956478e-02
3.859999999999999876e+00 5.000000000000000000e+00 0.000000000000000000e+00
1.158999999999999986e+01 5.000000000000000000e+00 -1.634631716379478239e-01
-1.158999999999999986e+01 1.500000000000000000e+01 -3.744997452244801295e+00
-9.453344788510674945e+00 1.500000000000000000e+01 -3.269263432758956478e-02
3.859999999999999876e+00 1.500000000000000000e+01 0.000000000000000000e+00
1.158999999999999986e+01 1.500000000000000000e+01 -2.615410746207165182e-01
