-1.215288162192928745e+01 -1.500000000000000000e+01 -4.371183780707119659e-01
-1.071576324385857504e+01 -1.500000000000000000e+01 0.000000000000000000e+00
3.859999999999999876e+00 -1.500000000000000000e+01 -1.092795945176779915e-01
1.158999999999999986e+01 -1.500000000000000000e+01 -2.426373838945437011e+00
-1.215288162192928745e+01 -5.000000000000000000e+00 -4.371183780707119659e-01
-1.071576324385857504e+01 -5.000000000000000000e+00 0.000000000000000000e+00
3.859999999999999876e+00 -5.000000000000000000e+00 -1.092795945176779915e-01
1.158999999999999986e+01 -5.000000000000000000e+00 -2.426373838945437011e+00
-1.215288162192928745e+01 5.000000000000000000e+00 -1.092795945176779915e+00
-1.071576324385857504e+01 5.000000000000000000e+00 0.000000000000000000e+00
3.859999999999999876e+00 5.000000000000000000e+00 -2.185591890353559830e-01
1.158999999999999986e+01 5.000000000000000000e+00 -2.579365271270186000e+00
-1.215288162192928745e+01 1.500000000000000000e+01 -1.748473512282847864e+00
-1.071576324385857504e+01 1.500000000000000000e+01 0.000000000000000000e+00
3.859999999999999876e+00 1.500000000000000000e+01 -2.185591890353559830e-01
1.158999999999999986e+01 1.500000000000000000e+01 -2.295238325524223466e+00
