-1.158999999999999986e+01 -1.500000000000000000e+01 -2.312480540974523269e+00
-1.159999999999999964e+01 -1.500000000000000000e+01 -1.333853328674071137e-01
3.859999999999999432e+00 -1.500000000000000000e+01 -1.166146671325928863e-01
1.158999999999999986e+01 -1.500000000000000000e+01 -2.587519459025476642e+00
-1.158999999999999986e+01 -5.000000000000000000e+00 -2.312480540974523269e+00
-1.159999999999999964e+01 -5.000000000000000000e+00 -1.333853328674071137e-01
3.859999999999999432e+00 -5.000000000000000000e+00 -1.166146671325928863e-01
1.158999999999999986e+01 -5.000000000000000000e+00 -2.587519459025476642e+00
-1.158999999999999986e+01 5.000000000000000000e+00 -2.032761338458521472e+00
-1.159999999999999964e+01 5.000000000000000000e+00 -2.667706657348142274e-01
3.859999999999999432e+00 5.000000000000000000e+00 -2.332293342651857726e-01
1.158999999999999986e+01 5.000000000000000000e+00 -2.217238661541478528e+00
-1.158999999999999986e+01 1.500000000000000000e+01 -1.219500804472891886e+00
-1.159999999999999964e+01 1.500000000000000000e+01 -2.667706657348142274e-01
3.859999999999999432e+00 1.500000000000000000e+01 -2.332293342651857726e-01
1.158999999999999986e+01 1.500000000000000000e+01 -1.380499195527108203e+00
