-1.150764727543329258e+01 -1.500000000000000000e+01 0.000000000000000000e+00
-9.754705449133414419e+00 -1.500000000000000000e+01 0.000000000000000000e+00
3.859999999999999876e+00 -1.500000000000000000e+01 0.000000000000000000e+00
1.158999999999999986e+01 -1.500000000000000000e+01 -1.247058173700122730e+00
-1.158999999999999986e+01 -5.000000000000000000e+00 0.000000000000000000e+00
-9.754705449133414419e+00 -5.000000000000000000e+00 0.000000000000000000e+00
3.859999999999999876e+00 -5.000000000000000000e+00 0.000000000000000000e+00
1.158999999999999986e+01 -5.000000000000000000e+00 -1.247058173700122730e+00
-1.167235272456670714e+01 5.000000000000000000e+00 0.000000000000000000e+00
-9.754705449133414419e+00 5.000000000000000000e+00 0.000000000000000000e+00
3.859999999999999876e+00 5.000000000000000000e+00 0.000000000000000000e+00
1.158999999999999986e+01 5.000000000000000000e+00 -2.623529086850061365e+00
-1.167235272456670714e+01 1.500000000000000000e+01 0.000000000000000000e+00
-9.754705449133414419e+00 1.500000000000000000e+01 0.000000000000000000e+00
3.859999999999999876e+00 1.500000000000000000e+01 0.000000000000000000e+00
1.158999999999999986e+01 1.500000000000000000e+01 -4.000000000000000000e+00
