-1.158999999999999986e+01 -1.500000000000000000e+01 -3.258842015240012380e+00
-9.073659937283874655e+00 -1.500000000000000000e+01 0.000000000000000000e+00
3.859999999999999876e+00 -1.500000000000000000e+01 -6.176316539666565353e-02
1.158999999999999986e+01 -1.500000000000000000e+01 -9.882106463466505675e-02
-1.158999999999999986e+01 -5.000000000000000000e+00 -2.129421007620005746e+00
-9.073659937283874655e+00 -5.000000000000000000e+00 0.000000000000000000e+00
3.859999999999999876e+00 -5.000000000000000000e+00 -6.176316539666565353e-02
1.158999999999999986e+01 -5.000000000000000000e+00 -9.882106463466505675e-02
-1.158999999999999986e+01 5.000000000000000000e+00 -1.370578992379993810e+00
-9.073659937283874655e+00 5.000000000000000000e+00 0.000000000000000000e+00
3.859999999999999876e+00 5.000000000000000000e+00 -1.235263307933313071e-01
1.158999999999999986e+01 5.000000000000000000e+00 -1.852894961899969606e-01
-1.158999999999999986e+01 1.500000000000000000e+01 -1.741157984759987842e+00
-9.073659937283874655e+00 1.500000000000000000e+01 0.000000000000000000e+00
3.859999999999999876e+00 1.500000000000000000e+01 -1.235263307933313071e-01
1.158999999999999986e+01 1.500000000000000000e+01 -2.470526615866626419e-02
