-1.162030760513540351e+01 -1.500000000000000000e+01 -9.696923948645971292e-01
-9.650615210270805377e+00 -1.500000000000000000e+01 0.000000000000000000e+00
3.859999999999999876e+00 -1.500000000000000000e+01 0.000000000000000000e+00
1.158999999999999986e+01 -1.500000000000000000e+01 -1.212304205416114833e-01
-1.162030760513540351e+01 -5.000000000000000000e+00 -9.696923948645971292e-01
-9.650615210270805377e+00 -5.000000000000000000e+00 0.000000000000000000e+00
3.859999999999999876e+00 -5.000000000000000000e+00 0.000000000000000000e+00
1.158999999999999986e+01 -5.000000000000000000e+00 -1.212304205416114833e-01
-1.162030760513540351e+01 5.000000000000000000e+00 -2.424230987161492656e+00
-9.650615210270805377e+00 5.000000000000000000e+00 0.000000000000000000e+00
3.859999999999999876e+00 5.000000000000000000e+00 0.000000000000000000e+00
1.158999999999999986e+01 5.000000000000000000e+00 -1.212304205416114833e-01
-1.162030760513540351e+01 1.500000000000000000e+01 -3.878769579458388517e+00
-9.650615210270805377e+00 1.500000000000000000e+01 0.000000000000000000e+00
3.859999999999999876e+00 1.500000000000000000e+01 0.000000000000000000e+00
1.158999999999999986e+01 1.500000000000000000e+01 -1.212304205416114833e-01
