-1.158999999999999986e+01 -1.500000000000000000e+01 -2.647470261518846790e+00
-8.941846630387916051e+00 -1.500000000000000000e+01 0.000000000000000000e+00
3.859999999999999876e+00 -1.500000000000000000e+01 -1.618675653797117253e-01
1.158999999999999986e+01 -1.500000000000000000e+01 -2.589881046075387938e-01
-1.158999999999999986e+01 -5.000000000000000000e+00 -2.647470261518846790e+00
-8.941846630387916051e+00 -5.000000000000000000e+00 0.000000000000000000e+00
3.859999999999999876e+00 -5.000000000000000000e+00 -1.618675653797117253e-01
1.158999999999999986e+01 -5.000000000000000000e+00 -2.589881046075387938e-01
-1.158999999999999986e+01 5.000000000000000000e+00 -3.000000000000000000e+00
-8.941846630387916051e+00 5.000000000000000000e+00 0.000000000000000000e+00
3.859999999999999876e+00 5.000000000000000000e+00 -3.237351307594234506e-01
1.158999999999999986e+01 5.000000000000000000e+00 -4.856026961391352037e-01
-1.158999999999999986e+01 1.500000000000000000e+01 -3.352529738481153210e+00
-8.941846630387916051e+00 1.500000000000000000e+01 0.000000000000000000e+00
3.859999999999999876e+00 1.500000000000000000e+01 -3.237351307594234506e-01
1.158999999999999986e+01 1.500000000000000000e+01 -6.474702615188469845e-02
