-1.158999999999999986e+01 -1.500000000000000000e+01 -2.177724568423890616e+00
-1.144853124353458362e+01 -1.500000000000000000e+01 0.000000000000000000e+00
3.859999999999999876e+00 -1.500000000000000000e+01 -1.777245684238903944e-02
1.158999999999999986e+01 -1.500000000000000000e+01 -3.744076621469597743e+00
-1.158999999999999986e+01 -5.000000000000000000e+00 -2.177724568423890616e+00
-1.144853124353458362e+01 -5.000000000000000000e+00 0.000000000000000000e+00
3.859999999999999876e+00 -5.000000000000000000e+00 -1.777245684238903944e-02
1.158999999999999986e+01 -5.000000000000000000e+00 -3.744076621469597743e+00
-1.158999999999999986e+01 5.000000000000000000e+00 -2.106634741054334015e+00
-1.144853124353458362e+01 5.000000000000000000e+00 0.000000000000000000e+00
3.859999999999999876e+00 5.000000000000000000e+00 -3.554491368477807889e-02
1.158999999999999986e+01 5.000000000000000000e+00 -3.768958061048942376e+00
-1.158999999999999986e+01 1.500000000000000000e+01 -2.035544913684778301e+00
-1.144853124353458362e+01 1.500000000000000000e+01 0.000000000000000000e+00
3.859999999999999876e+00 1.500000000000000000e+01 -3.554491368477807889e-02
1.158999999999999986e+01 1.500000000000000000e+01 -3.722749673258730851e+00
