-1.158999999999999986e+01 -1.500000000000000000e+01 -2.276307435476748076e+00
-1.045990258890010161e+01 -1.500000000000000000e+01 0.000000000000000000e+00
3.860000000000000320e+00 -1.500000000000000000e+01 -6.907685886918699114e-02
1.158999999999999986e+01 -1.500000000000000000e+01 -1.105229741906991886e-01
-1.158999999999999986e+01 -5.000000000000000000e+00 -2.276307435476748076e+00
-1.045990258890010161e+01 -5.000000000000000000e+00 0.000000000000000000e+00
3.860000000000000320e+00 -5.000000000000000000e+00 -6.907685886918699114e-02
1.158999999999999986e+01 -5.000000000000000000e+00 -1.105229741906991886e-01
-1.158999999999999986e+01 5.000000000000000000e+00 -3.000000000000000000e+00
-1.045990258890010161e+01 5.000000000000000000e+00 0.000000000000000000e+00
3.860000000000000320e+00 5.000000000000000000e+00 -1.381537177383739823e-01
1.158999999999999986e+01 5.000000000000000000e+00 -2.072305766075609734e-01
-1.158999999999999986e+01 1.500000000000000000e+01 -3.723692564523251924e+00
-1.045990258890010161e+01 1.500000000000000000e+01 0.000000000000000000e+00
3.860000000000000320e+00 1.500000000000000000e+01 -1.381537177383739823e-01
1.158999999999999986e+01 1.500000000000000000e+01 -2.763074354767479715e-02
