-1.172910067414182400e+01 -1.500000000000000000e+01 -8.608993258581746355e-01
-9.868201348283651697e+00 -1.500000000000000000e+01 0.000000000000000000e+00
3.859999999999999876e+00 -1.500000000000000000e+01 -2.152248314645436589e-01
1.158999999999999986e+01 -1.500000000000000000e+01 -9.007624269105714010e-01
-1.172910067414182400e+01 -5.000000000000000000e+00 -8.608993258581746355e-01
-9.868201348283651697e+00 -5.000000000000000000e+00 0.000000000000000000e+00
3.859999999999999876e+00 -5.000000000000000000e+00 -2.152248314645436589e-01
1.158999999999999986e+01 -5.000000000000000000e+00 -9.007624269105714010e-01
-1.172910067414182400e+01 5.000000000000000000e+00 -2.152248314645436533e+00
-9.868201348283651697e+00 5.000000000000000000e+00 0.000000000000000000e+00
3.859999999999999876e+00 5.000000000000000000e+00 -4.304496629290873178e-01
1.158999999999999986e+01 5.000000000000000000e+00 -1.202077190960932462e+00
-1.172910067414182400e+01 1.500000000000000000e+01 -3.443597303432698542e+00
-9.868201348283651697e+00 1.500000000000000000e+01 0.000000000000000000e+00
3.859999999999999876e+00 1.500000000000000000e+01 -4.304496629290873178e-01
1.158999999999999986e+01 1.500000000000000000e+01 -6.424926291531188882e-01
