-1.258999999999999986e+01 -1.500000000000000000e+01 -1.636230698898808456e-01
-1.158999999999999986e+01 -1.500000000000000000e+01 0.000000000000000000e+00
3.859999999999999432e+00 -1.500000000000000000e+01 0.000000000000000000e+00
1.158999999999999986e+01 -1.500000000000000000e+01 -3.836376930110119154e+00
-1.258999999999999986e+01 -5.000000000000000000e+00 -1.636230698898808456e-01
-1.158999999999999986e+01 -5.000000000000000000e+00 0.000000000000000000e+00
3.859999999999999432e+00 -5.000000000000000000e+00 0.000000000000000000e+00
1.158999999999999986e+01 -5.000000000000000000e+00 -3.836376930110119154e+00
-1.258999999999999986e+01 5.000000000000000000e+00 -1.636230698898808456e-01
-1.158999999999999986e+01 5.000000000000000000e+00 0.000000000000000000e+00
3.859999999999999432e+00 5.000000000000000000e+00 0.000000000000000000e+00
1.158999999999999986e+01 5.000000000000000000e+00 -3.836376930110119154e+00
-1.258999999999999986e+01 1.500000000000000000e+01 -1.636230698898808456e-01
-1.158999999999999986e+01 1.500000000000000000e+01 0.000000000000000000e+00
3.859999999999999432e+00 1.500000000000000000e+01 0.000000000000000000e+00
1.158999999999999986e+01 1.500000000000000000e+01 -3.836376930110119154e+00
