-1.158999999999999986e+01 -1.500000000000000000e+01 -3.836497475756349917e+00
-1.092127467584347045e+01 -1.500000000000000000e+01 0.000000000000000000e+00
3.859999999999999876e+00 -1.500000000000000000e+01 -4.087563106091254839e-02
1.158999999999999986e+01 -1.500000000000000000e+01 -1.738395961210159602e+00
-1.158999999999999986e+01 -5.000000000000000000e+00 -3.836497475756349917e+00
-1.092127467584347045e+01 -5.000000000000000000e+00 0.000000000000000000e+00
3.859999999999999876e+00 -5.000000000000000000e+00 -4.087563106091254839e-02
1.158999999999999986e+01 -5.000000000000000000e+00 -1.738395961210159602e+00
-1.158999999999999986e+01 5.000000000000000000e+00 -3.836497475756349917e+00
-1.092127467584347045e+01 5.000000000000000000e+00 0.000000000000000000e+00
3.859999999999999876e+00 5.000000000000000000e+00 -8.175126212182509677e-02
1.158999999999999986e+01 5.000000000000000000e+00 -1.795621844695437286e+00
-1.158999999999999986e+01 1.500000000000000000e+01 -3.836497475756349917e+00
-1.092127467584347045e+01 1.500000000000000000e+01 0.000000000000000000e+00
3.859999999999999876e+00 1.500000000000000000e+01 -8.175126212182509677e-02
1.158999999999999986e+01 1.500000000000000000e+01 -1.689345203937064666e+00
