-1.158999999999999986e+01 -1.500000000000000000e+01 -8.989421603508121472e-02
-9.592247355400877140e+00 -1.500000000000000000e+01 -5.618388502192575573e-02
3.859999999999999876e+00 -1.500000000000000000e+01 0.000000000000000000e+00
1.158999999999999986e+01 -1.500000000000000000e+01 -4.112367770043851678e+00
-1.158999999999999986e+01 -5.000000000000000000e+00 -8.989421603508121472e-02
-9.592247355400877140e+00 -5.000000000000000000e+00 -5.618388502192575573e-02
3.859999999999999876e+00 -5.000000000000000000e+00 0.000000000000000000e+00
1.158999999999999986e+01 -5.000000000000000000e+00 -2.949471080175405824e+00
-1.158999999999999986e+01 5.000000000000000000e+00 -1.685516550657772672e-01
-9.592247355400877140e+00 5.000000000000000000e+00 -1.123677700438515115e-01
3.859999999999999876e+00 5.000000000000000000e+00 0.000000000000000000e+00
1.158999999999999986e+01 5.000000000000000000e+00 -1.561838850219257502e+00
-1.158999999999999986e+01 1.500000000000000000e+01 -2.247355400877030368e-02
-9.592247355400877140e+00 1.500000000000000000e+01 -1.123677700438515115e-01
3.859999999999999876e+00 1.500000000000000000e+01 0.000000000000000000e+00
1.158999999999999986e+01 1.500000000000000000e+01 -1.337103310131554590e+00
