-1.158999999999999986e+01 -1.500000000000000000e+01 -2.000000000000000000e+00
-9.595592899546479870e+00 -1.500000000000000000e+01 -4.986017751133800524e-01
3.859999999999999876e+00 -1.500000000000000000e+01 0.000000000000000000e+00
1.158999999999999986e+01 -1.500000000000000000e+01 -3.988814200907040419e+00
-1.158999999999999986e+01 -5.000000000000000000e+00 -1.252097337329930005e+00
-9.595592899546479870e+00 -5.000000000000000000e+00 -4.986017751133800524e-01
3.859999999999999876e+00 -5.000000000000000000e+00 0.000000000000000000e+00
1.158999999999999986e+01 -5.000000000000000000e+00 -2.493008875566900429e+00
-1.158999999999999986e+01 5.000000000000000000e+00 -1.254893787103169789e+00
-9.595592899546479870e+00 5.000000000000000000e+00 -2.493008875566900262e-01
3.859999999999999876e+00 5.000000000000000000e+00 0.000000000000000000e+00
1.158999999999999986e+01 5.000000000000000000e+00 -9.972035502267601048e-01
-1.158999999999999986e+01 1.500000000000000000e+01 -2.005592899546480012e+00
-9.595592899546479870e+00 1.500000000000000000e+01 -2.493008875566900262e-01
3.859999999999999876e+00 1.500000000000000000e+01 0.000000000000000000e+00
1.158999999999999986e+01 1.500000000000000000e+01 -9.972035502267601048e-01
