-1.063360187243941013e+01 -1.500000000000000000e+01 -3.843033259218121778e+00
-1.150279625512117931e+01 -1.500000000000000000e+01 -1.090046810985265124e-02
3.859999999999999876e+00 -1.500000000000000000e+01 0.000000000000000000e+00
1.158999999999999986e+01 -1.500000000000000000e+01 -4.360187243941060498e-02
-1.158999999999999986e+01 -5.000000000000000000e+00 -3.843033259218121778e+00
-1.150279625512117931e+01 -5.000000000000000000e+00 -1.090046810985265124e-02
3.859999999999999876e+00 -5.000000000000000000e+00 0.000000000000000000e+00
1.158999999999999986e+01 -5.000000000000000000e+00 -4.360187243941060498e-02
-1.254639812756058959e+01 5.000000000000000000e+00 -3.858293914571915728e+00
-1.150279625512117931e+01 5.000000000000000000e+00 -2.180093621970530249e-02
3.859999999999999876e+00 5.000000000000000000e+00 0.000000000000000000e+00
1.158999999999999986e+01 5.000000000000000000e+00 -1.090046810985265124e-01
-1.254639812756058959e+01 1.500000000000000000e+01 -3.829952697486298518e+00
-1.150279625512117931e+01 1.500000000000000000e+01 -2.180093621970530249e-02
3.859999999999999876e+00 1.500000000000000000e+01 0.000000000000000000e+00
1.158999999999999986e+01 1.500000000000000000e+01 -1.744074897576424199e-01
