-1.158999999999999986e+01 -1.500000000000000000e+01 -3.936455041302803437e+00
-1.150336703964282314e+01 -1.500000000000000000e+01 0.000000000000000000e+00
3.859999999999999876e+00 -1.500000000000000000e+01 -5.295413224766370996e-03
1.158999999999999986e+01 -1.500000000000000000e+01 -8.472661159626193594e-03
-1.158999999999999986e+01 -5.000000000000000000e+00 -3.936455041302803437e+00
-1.150336703964282314e+01 -5.000000000000000000e+00 0.000000000000000000e+00
3.859999999999999876e+00 -5.000000000000000000e+00 -5.295413224766370996e-03
1.158999999999999986e+01 -5.000000000000000000e+00 -8.472661159626193594e-03
-1.158999999999999986e+01 5.000000000000000000e+00 -3.968227520651401719e+00
-1.150336703964282314e+01 5.000000000000000000e+00 0.000000000000000000e+00
3.859999999999999876e+00 5.000000000000000000e+00 -1.059082644953274199e-02
1.158999999999999986e+01 5.000000000000000000e+00 -1.588623967429911299e-02
-1.158999999999999986e+01 1.500000000000000000e+01 -4.000000000000000000e+00
-1.150336703964282314e+01 1.500000000000000000e+01 0.000000000000000000e+00
3.859999999999999876e+00 1.500000000000000000e+01 -1.059082644953274199e-02
1.158999999999999986e+01 1.500000000000000000e+01 -2.118165289906548399e-03
