-1.158999999999999986e+01 -1.500000000000000000e+01 -4.471023923165017067e+00
-1.148351617112336953e+01 -1.500000000000000000e+01 0.000000000000000000e+00
3.859999999999999876e+00 -1.500000000000000000e+01 -2.644880384174912447e-01
1.158999999999999986e+01 -1.500000000000000000e+01 -4.927234458719441657e-01
-1.158999999999999986e+01 -5.000000000000000000e+00 -4.384095692660070043e+00
-1.148351617112336953e+01 -5.000000000000000000e+00 0.000000000000000000e+00
3.859999999999999876e+00 -5.000000000000000000e+00 -2.644880384174912447e-01
1.158999999999999986e+01 -5.000000000000000000e+00 -4.492593306194703207e-01
-1.158999999999999986e+01 5.000000000000000000e+00 -3.355119615825087109e+00
-1.148351617112336953e+01 5.000000000000000000e+00 0.000000000000000000e+00
3.859999999999999876e+00 5.000000000000000000e+00 -4.855119615825087553e-01
1.158999999999999986e+01 5.000000000000000000e+00 -7.789760768349824893e-01
-1.158999999999999986e+01 1.500000000000000000e+01 -2.413071769495052088e+00
-1.148351617112336953e+01 1.500000000000000000e+01 0.000000000000000000e+00
3.859999999999999876e+00 1.500000000000000000e+01 -4.855119615825087553e-01
1.158999999999999986e+01 1.500000000000000000e+01 -2.101090919729336759e-01
