-1.158999999999999986e+01 -1.500000000000000000e+01 -2.315769704831720066e+00
-1.074788485241585967e+01 -1.500000000000000000e+01 0.000000000000000000e+00
3.860000000000000320e+00 -1.500000000000000000e+01 0.000000000000000000e+00
1.158999999999999986e+01 -1.500000000000000000e+01 -1.684230295168279934e+00
-1.158999999999999986e+01 -5.000000000000000000e+00 -2.315769704831720066e+00
-1.074788485241585967e+01 -5.000000000000000000e+00 0.000000000000000000e+00
3.860000000000000320e+00 -5.000000000000000000e+00 0.000000000000000000e+00
1.158999999999999986e+01 -5.000000000000000000e+00 -1.052643934480175014e+00
-1.158999999999999986e+01 5.000000000000000000e+00 -2.315769704831720066e+00
-1.074788485241585967e+01 5.000000000000000000e+00 0.000000000000000000e+00
3.860000000000000320e+00 5.000000000000000000e+00 0.000000000000000000e+00
1.158999999999999986e+01 5.000000000000000000e+00 -4.210575737920699835e-01
-1.158999999999999986e+01 1.500000000000000000e+01 -2.315769704831720066e+00
-1.074788485241585967e+01 1.500000000000000000e+01 0.000000000000000000e+00
3.860000000000000320e+00 1.500000000000000000e+01 0.000000000000000000e+00
1.158999999999999986e+01 1.500000000000000000e+01 -4.210575737920699835e-01
