-1.158999999999999986e+01 -1.500000000000000000e+01 -2.522087279814033245e+00
-9.910926937344276766e+00 -1.500000000000000000e+01 -1.026328277906921327e-01
3.860000000000000320e+00 -1.500000000000000000e+01 0.000000000000000000e+00
1.158999999999999986e+01 -1.500000000000000000e+01 -4.105313111627685307e-01
-1.158999999999999986e+01 -5.000000000000000000e+00 -2.522087279814033245e+00
-9.910926937344276766e+00 -5.000000000000000000e+00 -1.026328277906921327e-01
3.860000000000000320e+00 -5.000000000000000000e+00 0.000000000000000000e+00
1.158999999999999986e+01 -5.000000000000000000e+00 -4.105313111627685307e-01
-1.158999999999999986e+01 5.000000000000000000e+00 -2.665773238721002247e+00
-9.910926937344276766e+00 5.000000000000000000e+00 -2.052656555813842654e-01
3.860000000000000320e+00 5.000000000000000000e+00 0.000000000000000000e+00
1.158999999999999986e+01 5.000000000000000000e+00 -1.026328277906921382e+00
-1.158999999999999986e+01 1.500000000000000000e+01 -2.398927886465202608e+00
-9.910926937344276766e+00 1.500000000000000000e+01 -2.052656555813842654e-01
3.860000000000000320e+00 1.500000000000000000e+01 0.000000000000000000e+00
1.158999999999999986e+01 1.500000000000000000e+01 -1.642125244651074123e+00
