-1.158999999999999986e+01 -1.500000000000000000e+01 -1.692459185145544609e+00
-1.043622959257277216e+01 -1.500000000000000000e+01 0.000000000000000000e+00
3.859999999999999876e+00 -1.500000000000000000e+01 0.000000000000000000e+00
1.158999999999999986e+01 -1.500000000000000000e+01 -2.307540814854455391e+00
-1.158999999999999986e+01 -5.000000000000000000e+00 -1.692459185145544609e+00
-1.043622959257277216e+01 -5.000000000000000000e+00 0.000000000000000000e+00
3.859999999999999876e+00 -5.000000000000000000e+00 0.000000000000000000e+00
1.158999999999999986e+01 -5.000000000000000000e+00 -1.442213009284034619e+00
-1.158999999999999986e+01 5.000000000000000000e+00 -1.692459185145544609e+00
-1.043622959257277216e+01 5.000000000000000000e+00 0.000000000000000000e+00
3.859999999999999876e+00 5.000000000000000000e+00 0.000000000000000000e+00
1.158999999999999986e+01 5.000000000000000000e+00 -5.768852037136138478e-01
-1.158999999999999986e+01 1.500000000000000000e+01 -1.692459185145544609e+00
-1.043622959257277216e+01 1.500000000000000000e+01 0.000000000000000000e+00
3.859999999999999876e+00 1.500000000000000000e+01 0.000000000000000000e+00
1.158999999999999986e+01 1.500000000000000000e+01 -5.768852037136138478e-01
