-1.158999999999999986e+01 -1.500000000000000000e+01 -1.532959867005431409e+00
-1.159340657748223435e+01 -1.500000000000000000e+01 0.000000000000000000e+00
3.860000000000000320e+00 -1.500000000000000000e+01 -8.516443705585730051e-02
1.158999999999999986e+01 -1.500000000000000000e+01 -1.454947602842513232e+00
-1.158999999999999986e+01 -5.000000000000000000e+00 -1.532959867005431409e+00
-1.159340657748223435e+01 -5.000000000000000000e+00 0.000000000000000000e+00
3.860000000000000320e+00 -5.000000000000000000e+00 -8.516443705585730051e-02
1.158999999999999986e+01 -5.000000000000000000e+00 -1.454947602842513232e+00
-1.158999999999999986e+01 5.000000000000000000e+00 -1.192302118782002207e+00
-1.159340657748223435e+01 5.000000000000000000e+00 0.000000000000000000e+00
3.860000000000000320e+00 5.000000000000000000e+00 -1.703288741117146010e-01
1.158999999999999986e+01 5.000000000000000000e+00 -2.233520066497284517e+00
-1.158999999999999986e+01 1.500000000000000000e+01 -8.516443705585730051e-01
-1.159340657748223435e+01 1.500000000000000000e+01 0.000000000000000000e+00
3.860000000000000320e+00 1.500000000000000000e+01 -1.703288741117146010e-01
1.158999999999999986e+01 1.500000000000000000e+01 -2.671434781928625934e+00
