-1.158999999999999986e+01 -1.500000000000000000e+01 -3.828550872097179480e-01
-9.589999999999999858e+00 -1.500000000000000000e+01 -2.392844295060737037e-01
3.859999999999999876e+00 -1.500000000000000000e+01 0.000000000000000000e+00
1.158999999999999986e+01 -1.500000000000000000e+01 -1.000000000000000000e+00
-1.158999999999999986e+01 -5.000000000000000000e+00 -3.828550872097179480e-01
-9.589999999999999858e+00 -5.000000000000000000e+00 -2.392844295060737037e-01
3.859999999999999876e+00 -5.000000000000000000e+00 0.000000000000000000e+00
1.158999999999999986e+01 -5.000000000000000000e+00 -1.000000000000000000e+00
-1.158999999999999986e+01 5.000000000000000000e+00 -7.178532885182211665e-01
-9.589999999999999858e+00 5.000000000000000000e+00 -4.785688590121474073e-01
3.859999999999999876e+00 5.000000000000000000e+00 0.000000000000000000e+00
1.158999999999999986e+01 5.000000000000000000e+00 -2.500000000000000000e+00
-1.158999999999999986e+01 1.500000000000000000e+01 -9.571377180242948701e-02
-9.589999999999999858e+00 1.500000000000000000e+01 -4.785688590121474073e-01
3.859999999999999876e+00 1.500000000000000000e+01 0.000000000000000000e+00
1.158999999999999986e+01 1.500000000000000000e+01 -4.000000000000000000e+00
