-1.158999999999999986e+01 -1.500000000000000000e+01 -3.957840804994789519e+00
-1.158999999999999986e+01 -1.500000000000000000e+01 0.000000000000000000e+00
3.859999999999999876e+00 -1.500000000000000000e+01 0.000000000000000000e+00
1.158999999999999986e+01 -1.500000000000000000e+01 -8.431839001042096271e-02
-1.158999999999999986e+01 -5.000000000000000000e+00 -3.957840804994789519e+00
-1.158999999999999986e+01 -5.000000000000000000e+00 0.000000000000000000e+00
3.859999999999999876e+00 -5.000000000000000000e+00 0.000000000000000000e+00
1.158999999999999986e+01 -5.000000000000000000e+00 -8.431839001042096271e-02
-1.158999999999999986e+01 5.000000000000000000e+00 -3.957840804994789519e+00
-1.158999999999999986e+01 5.000000000000000000e+00 0.000000000000000000e+00
3.859999999999999876e+00 5.000000000000000000e+00 0.000000000000000000e+00
1.158999999999999986e+01 5.000000000000000000e+00 -8.431839001042096271e-02
-1.158999999999999986e+01 1.500000000000000000e+01 -3.957840804994789519e+00
-1.158999999999999986e+01 1.500000000000000000e+01 0.000000000000000000e+00
3.859999999999999876e+00 1.500000000000000000e+01 0.000000000000000000e+00
1.158999999999999986e+01 1.500000000000000000e+01 -8.431839001042096271e-02
