-1.111396423290513624e+01 -1.500000000000000000e+01 -4.261982116452568192e+00
-1.159523964232905158e+01 -1.500000000000000000e+01 0.000000000000000000e+00
3.859999999999999432e+00 -1.500000000000000000e+01 -1.309910582262839296e-01
1.158999999999999986e+01 -1.500000000000000000e+01 -2.095856931620543040e-01
-1.158999999999999986e+01 -5.000000000000000000e+00 -4.261982116452568192e+00
-1.159523964232905158e+01 -5.000000000000000000e+00 0.000000000000000000e+00
3.859999999999999432e+00 -5.000000000000000000e+00 -1.309910582262839296e-01
1.158999999999999986e+01 -5.000000000000000000e+00 -2.095856931620543040e-01
-1.206603576709486347e+01 5.000000000000000000e+00 -3.738017883547432252e+00
-1.159523964232905158e+01 5.000000000000000000e+00 0.000000000000000000e+00
3.859999999999999432e+00 5.000000000000000000e+00 -2.619821164525678592e-01
1.158999999999999986e+01 5.000000000000000000e+00 -3.929731746788517888e-01
-1.206603576709486347e+01 1.500000000000000000e+01 -3.214053650642296311e+00
-1.159523964232905158e+01 1.500000000000000000e+01 0.000000000000000000e+00
3.859999999999999432e+00 1.500000000000000000e+01 -2.619821164525678592e-01
1.158999999999999986e+01 1.500000000000000000e+01 -5.239642329051357600e-02
