-1.132541162391617284e+01 -1.500000000000000000e+01 -2.941646495664690386e-01
-1.012653086840681560e+01 -1.500000000000000000e+01 -1.838529059790431353e-01
3.859999999999999432e+00 -1.500000000000000000e+01 0.000000000000000000e+00
1.158999999999999986e+01 -1.500000000000000000e+01 -4.367705811958086493e+00
-1.158999999999999986e+01 -5.000000000000000000e+00 -2.941646495664690386e-01
-1.012653086840681560e+01 -5.000000000000000000e+00 -1.838529059790431353e-01
3.859999999999999432e+00 -5.000000000000000000e+00 0.000000000000000000e+00
1.158999999999999986e+01 -5.000000000000000000e+00 -4.367705811958086493e+00
-1.185458837608382865e+01 5.000000000000000000e+00 -5.515587179371294058e-01
-1.012653086840681560e+01 5.000000000000000000e+00 -3.677058119580862705e-01
3.859999999999999432e+00 5.000000000000000000e+00 0.000000000000000000e+00
1.158999999999999986e+01 5.000000000000000000e+00 -3.632294188041913507e+00
-1.185458837608382865e+01 1.500000000000000000e+01 -7.354116239161725965e-02
-1.012653086840681560e+01 1.500000000000000000e+01 -3.677058119580862705e-01
3.859999999999999432e+00 1.500000000000000000e+01 0.000000000000000000e+00
1.158999999999999986e+01 1.500000000000000000e+01 -2.896882564125741411e+00
