-1.158999999999999986e+01 -1.500000000000000000e+01 -4.000000000000000000e+00
-9.985090503378227567e+00 -1.500000000000000000e+01 0.000000000000000000e+00
3.859999999999999876e+00 -1.500000000000000000e+01 -4.012273741554431283e-01
1.158999999999999986e+01 -1.500000000000000000e+01 -2.000000000000000000e+00
-1.158999999999999986e+01 -5.000000000000000000e+00 -2.796317877533670782e+00
-9.985090503378227567e+00 -5.000000000000000000e+00 0.000000000000000000e+00
3.859999999999999876e+00 -5.000000000000000000e+00 -4.012273741554431283e-01
1.158999999999999986e+01 -5.000000000000000000e+00 -1.398158938766835391e+00
-1.158999999999999986e+01 5.000000000000000000e+00 -1.592635755067341119e+00
-9.985090503378227567e+00 5.000000000000000000e+00 0.000000000000000000e+00
3.859999999999999876e+00 5.000000000000000000e+00 -2.006136870777215642e-01
1.158999999999999986e+01 5.000000000000000000e+00 -1.398158938766835391e+00
-1.158999999999999986e+01 1.500000000000000000e+01 -1.592635755067341119e+00
-9.985090503378227567e+00 1.500000000000000000e+01 0.000000000000000000e+00
3.859999999999999876e+00 1.500000000000000000e+01 -2.006136870777215642e-01
1.158999999999999986e+01 1.500000000000000000e+01 -2.000000000000000000e+00
