-1.165915245510240084e+01 -1.500000000000000000e+01 -4.188813952039192046e+00
-9.737613385653778764e+00 -1.500000000000000000e+01 0.000000000000000000e+00
3.859999999999999876e+00 -1.500000000000000000e+01 -2.327118862243995612e-01
1.158999999999999986e+01 -1.500000000000000000e+01 -6.489488383686463635e-01
-1.165915245510240084e+01 -5.000000000000000000e+00 -4.188813952039192046e+00
-9.737613385653778764e+00 -5.000000000000000000e+00 0.000000000000000000e+00
3.859999999999999876e+00 -5.000000000000000000e+00 -2.327118862243995612e-01
1.158999999999999986e+01 -5.000000000000000000e+00 -6.489488383686463635e-01
-1.165915245510240084e+01 5.000000000000000000e+00 -3.257966407141593912e+00
-9.737613385653778764e+00 5.000000000000000000e+00 0.000000000000000000e+00
3.859999999999999876e+00 5.000000000000000000e+00 -4.654237724487991223e-01
1.158999999999999986e+01 5.000000000000000000e+00 -9.747454790828057325e-01
-1.165915245510240084e+01 1.500000000000000000e+01 -2.327118862243995778e+00
-9.737613385653778764e+00 1.500000000000000000e+01 0.000000000000000000e+00
3.859999999999999876e+00 1.500000000000000000e+01 -4.654237724487991223e-01
1.158999999999999986e+01 1.500000000000000000e+01 -3.696945748993668568e-01
