-1.121656428592825172e+01 -1.500000000000000000e+01 -6.265642859282515298e-01
-1.033687142814349613e+01 -1.500000000000000000e+01 0.000000000000000000e+00
3.859999999999999432e+00 -1.500000000000000000e+01 -1.566410714820628824e-01
1.158999999999999986e+01 -1.500000000000000000e+01 -1.744368570658294537e+00
-1.158999999999999986e+01 -5.000000000000000000e+00 -6.265642859282515298e-01
-1.033687142814349613e+01 -5.000000000000000000e+00 0.000000000000000000e+00
3.859999999999999432e+00 -5.000000000000000000e+00 -1.566410714820628824e-01
1.158999999999999986e+01 -5.000000000000000000e+00 -1.744368570658294537e+00
-1.196343571407174977e+01 5.000000000000000000e+00 -1.566410714820628769e+00
-1.033687142814349613e+01 5.000000000000000000e+00 0.000000000000000000e+00
3.859999999999999432e+00 5.000000000000000000e+00 -3.132821429641257649e-01
1.158999999999999986e+01 5.000000000000000000e+00 -1.963666070733182556e+00
-1.196343571407174977e+01 1.500000000000000000e+01 -2.506257143713006119e+00
-1.033687142814349613e+01 1.500000000000000000e+01 0.000000000000000000e+00
3.859999999999999432e+00 1.500000000000000000e+01 -3.132821429641257649e-01
1.158999999999999986e+01 1.500000000000000000e+01 -1.556399284879818934e+00
