-1.158999999999999986e+01 -1.500000000000000000e+01 -1.984287794928011772e+00
-9.609738457621684660e+00 -1.500000000000000000e+01 -4.975449679575018047e-01
3.859999999999999876e+00 -1.500000000000000000e+01 0.000000000000000000e+00
1.158999999999999986e+01 -1.500000000000000000e+01 -4.004910064084996613e+00
-1.158999999999999986e+01 -5.000000000000000000e+00 -1.241652891055506247e+00
-9.609738457621684660e+00 -5.000000000000000000e+00 -4.975449679575018047e-01
3.859999999999999876e+00 -5.000000000000000000e+00 0.000000000000000000e+00
1.158999999999999986e+01 -5.000000000000000000e+00 -2.519640256339985118e+00
-1.158999999999999986e+01 5.000000000000000000e+00 -1.245089935915003609e+00
-9.609738457621684660e+00 5.000000000000000000e+00 -2.524550320424981953e-01
3.859999999999999876e+00 5.000000000000000000e+00 0.000000000000000000e+00
1.158999999999999986e+01 5.000000000000000000e+00 -1.024550320424981731e+00
-1.158999999999999986e+01 1.500000000000000000e+01 -1.981341756477013938e+00
-9.609738457621684660e+00 1.500000000000000000e+01 -2.524550320424981953e-01
3.859999999999999876e+00 1.500000000000000000e+01 0.000000000000000000e+00
1.158999999999999986e+01 1.500000000000000000e+01 -1.014730192254988950e+00
