-1.158999999999999986e+01 -1.500000000000000000e+01 -1.163446541811644919e-01
-1.159290861635452963e+01 -1.500000000000000000e+01 -7.271540886322780395e-02
3.859999999999999432e+00 -1.500000000000000000e+01 0.000000000000000000e+00
1.158999999999999986e+01 -1.500000000000000000e+01 -2.727154088632278039e+00
-1.158999999999999986e+01 -5.000000000000000000e+00 -1.163446541811644919e-01
-1.159290861635452963e+01 -5.000000000000000000e+00 -7.271540886322780395e-02
3.859999999999999432e+00 -5.000000000000000000e+00 0.000000000000000000e+00
1.158999999999999986e+01 -5.000000000000000000e+00 -2.727154088632278039e+00
-1.158999999999999986e+01 5.000000000000000000e+00 -2.181462265896834118e-01
-1.159290861635452963e+01 5.000000000000000000e+00 -1.454308177264556079e-01
3.859999999999999432e+00 5.000000000000000000e+00 0.000000000000000000e+00
1.158999999999999986e+01 5.000000000000000000e+00 -3.145430817726455608e+00
-1.158999999999999986e+01 1.500000000000000000e+01 -2.908616354529112297e-02
-1.159290861635452963e+01 1.500000000000000000e+01 -1.454308177264556079e-01
3.859999999999999432e+00 1.500000000000000000e+01 0.000000000000000000e+00
1.158999999999999986e+01 1.500000000000000000e+01 -3.563707546820633176e+00
