-1.158999999999999986e+01 -1.500000000000000000e+01 -7.221422479050261245e-01
-9.951071123952512920e+00 -1.500000000000000000e+01 0.000000000000000000e+00
3.859999999999999432e+00 -1.500000000000000000e+01 0.000000000000000000e+00
1.158999999999999986e+01 -1.500000000000000000e+01 -1.180535561976256531e+00
-1.158999999999999986e+01 -5.000000000000000000e+00 -7.221422479050261245e-01
-9.951071123952512920e+00 -5.000000000000000000e+00 0.000000000000000000e+00
3.859999999999999432e+00 -5.000000000000000000e+00 0.000000000000000000e+00
1.158999999999999986e+01 -5.000000000000000000e+00 -1.180535561976256531e+00
-1.158999999999999986e+01 5.000000000000000000e+00 -7.221422479050261245e-01
-9.951071123952512920e+00 5.000000000000000000e+00 0.000000000000000000e+00
3.859999999999999432e+00 5.000000000000000000e+00 0.000000000000000000e+00
1.158999999999999986e+01 5.000000000000000000e+00 -2.409732219011871734e+00
-1.158999999999999986e+01 1.500000000000000000e+01 -7.221422479050261245e-01
-9.951071123952512920e+00 1.500000000000000000e+01 0.000000000000000000e+00
3.859999999999999432e+00 1.500000000000000000e+01 0.000000000000000000e+00
1.158999999999999986e+01 1.500000000000000000e+01 -3.638928876047486938e+00
