-1.192869519956594004e+01 -1.500000000000000000e+01 -1.619302718437387600e+00
-1.027400344713622182e+01 -1.500000000000000000e+01 -1.653262001085147592e-01
3.859999999999999432e+00 -1.500000000000000000e+01 0.000000000000000000e+00
1.158999999999999986e+01 -1.500000000000000000e+01 -2.975871601953265611e+00
-1.192869519956594004e+01 -5.000000000000000000e+00 -1.619302718437387600e+00
-1.027400344713622182e+01 -5.000000000000000000e+00 -1.653262001085147592e-01
3.859999999999999432e+00 -5.000000000000000000e+00 0.000000000000000000e+00
1.158999999999999986e+01 -5.000000000000000000e+00 -2.975871601953265611e+00
-1.192869519956594004e+01 5.000000000000000000e+00 -1.850759398589308269e+00
-1.027400344713622182e+01 5.000000000000000000e+00 -3.306524002170295184e-01
3.859999999999999432e+00 5.000000000000000000e+00 0.000000000000000000e+00
1.158999999999999986e+01 5.000000000000000000e+00 -2.314566801519206685e+00
-1.192869519956594004e+01 1.500000000000000000e+01 -1.420911278307169789e+00
-1.027400344713622182e+01 1.500000000000000000e+01 -3.306524002170295184e-01
3.859999999999999432e+00 1.500000000000000000e+01 0.000000000000000000e+00
1.158999999999999986e+01 1.500000000000000000e+01 -1.653262001085147537e+00
