-1.158999999999999986e+01 -1.500000000000000000e+01 -3.562859716162419810e-01
-7.728405798305135299e+00 -1.500000000000000000e+01 -2.226787322601512242e-01
3.859999999999999876e+00 -1.500000000000000000e+01 0.000000000000000000e+00
1.158999999999999986e+01 -1.500000000000000000e+01 -3.109285070959395103e+00
-1.158999999999999986e+01 -5.000000000000000000e+00 -3.562859716162419810e-01
-7.728405798305135299e+00 -5.000000000000000000e+00 -2.226787322601512242e-01
3.859999999999999876e+00 -5.000000000000000000e+00 0.000000000000000000e+00
1.158999999999999986e+01 -5.000000000000000000e+00 -2.945357464520302671e+00
-1.158999999999999986e+01 5.000000000000000000e+00 -6.680361967804536727e-01
-7.728405798305135299e+00 5.000000000000000000e+00 -4.453574645203024485e-01
3.859999999999999876e+00 5.000000000000000000e+00 0.000000000000000000e+00
1.158999999999999986e+01 5.000000000000000000e+00 -2.781429858081209794e+00
-1.158999999999999986e+01 1.500000000000000000e+01 -8.907149290406049524e-02
-7.728405798305135299e+00 1.500000000000000000e+01 -4.453574645203024485e-01
3.859999999999999876e+00 1.500000000000000000e+01 0.000000000000000000e+00
1.158999999999999986e+01 1.500000000000000000e+01 -2.781429858081209794e+00
