-1.158999999999999986e+01 -1.500000000000000000e+01 -3.879092162862463056e+00
-1.145263526280763244e+01 -1.500000000000000000e+01 -8.396377578995611879e-03
3.859999999999999876e+00 -1.500000000000000000e+01 0.000000000000000000e+00
1.158999999999999986e+01 -1.500000000000000000e+01 -1.966414489684017664e+00
-1.158999999999999986e+01 -5.000000000000000000e+00 -3.879092162862463056e+00
-1.145263526280763244e+01 -5.000000000000000000e+00 -8.396377578995611879e-03
3.859999999999999876e+00 -5.000000000000000000e+00 0.000000000000000000e+00
1.158999999999999986e+01 -5.000000000000000000e+00 -1.966414489684017664e+00
-1.158999999999999986e+01 5.000000000000000000e+00 -3.890847091473057073e+00
-1.145263526280763244e+01 5.000000000000000000e+00 -1.679275515799122376e-02
3.859999999999999876e+00 5.000000000000000000e+00 0.000000000000000000e+00
1.158999999999999986e+01 5.000000000000000000e+00 -2.016792755157991390e+00
-1.158999999999999986e+01 1.500000000000000000e+01 -3.869016509767668310e+00
-1.145263526280763244e+01 1.500000000000000000e+01 -1.679275515799122376e-02
3.859999999999999876e+00 1.500000000000000000e+01 0.000000000000000000e+00
1.158999999999999986e+01 1.500000000000000000e+01 -2.067171020631964673e+00
