-1.075958202914265627e+01 -1.500000000000000000e+01 -3.391640582853119312e-01
-1.125083594171468704e+01 -1.500000000000000000e+01 -8.479101457132798281e-02
3.859999999999999876e+00 -1.500000000000000000e+01 0.000000000000000000e+00
1.158999999999999986e+01 -1.500000000000000000e+01 -4.000000000000000000e+00
-1.158999999999999986e+01 -5.000000000000000000e+00 -2.119775364283199570e-01
-1.125083594171468704e+01 -5.000000000000000000e+00 -8.479101457132798281e-02
3.859999999999999876e+00 -5.000000000000000000e+00 0.000000000000000000e+00
1.158999999999999986e+01 -5.000000000000000000e+00 -3.745626956286016274e+00
-1.242041797085734522e+01 5.000000000000000000e+00 -2.119775364283199570e-01
-1.125083594171468704e+01 5.000000000000000000e+00 -4.239550728566399140e-02
3.859999999999999876e+00 5.000000000000000000e+00 0.000000000000000000e+00
1.158999999999999986e+01 5.000000000000000000e+00 -3.491253912572032103e+00
-1.242041797085734522e+01 1.500000000000000000e+01 -3.391640582853119312e-01
-1.125083594171468704e+01 1.500000000000000000e+01 -4.239550728566399140e-02
3.859999999999999876e+00 1.500000000000000000e+01 0.000000000000000000e+00
1.158999999999999986e+01 1.500000000000000000e+01 -3.491253912572032103e+00
