-1.158999999999999986e+01 -1.500000000000000000e+01 -3.853490257164191135e+00
-1.142354865327820512e+01 -1.500000000000000000e+01 -1.017428769693118351e-02
3.859999999999999876e+00 -1.500000000000000000e+01 0.000000000000000000e+00
1.158999999999999986e+01 -1.500000000000000000e+01 -2.040697150787724734e+00
-1.158999999999999986e+01 -5.000000000000000000e+00 -3.853490257164191135e+00
-1.142354865327820512e+01 -5.000000000000000000e+00 -1.017428769693118351e-02
3.859999999999999876e+00 -5.000000000000000000e+00 0.000000000000000000e+00
1.158999999999999986e+01 -5.000000000000000000e+00 -2.040697150787724734e+00
-1.158999999999999986e+01 5.000000000000000000e+00 -3.867734259939894503e+00
-1.142354865327820512e+01 5.000000000000000000e+00 -2.034857539386236702e-02
3.859999999999999876e+00 5.000000000000000000e+00 0.000000000000000000e+00
1.158999999999999986e+01 5.000000000000000000e+00 -2.040697150787724734e+00
-1.158999999999999986e+01 1.500000000000000000e+01 -3.841281111927873582e+00
-1.142354865327820512e+01 1.500000000000000000e+01 -2.034857539386236702e-02
3.859999999999999876e+00 1.500000000000000000e+01 0.000000000000000000e+00
1.158999999999999986e+01 1.500000000000000000e+01 -2.040697150787724734e+00
