-1.158999999999999986e+01 -1.500000000000000000e+01 -3.788561764066582516e+00
-1.159715424705626674e+01 -1.500000000000000000e+01 0.000000000000000000e+00
3.859999999999999876e+00 -1.500000000000000000e+01 -1.788561764066582405e-01
1.158999999999999986e+01 -1.500000000000000000e+01 -2.861698822506532069e-01
-1.158999999999999986e+01 -5.000000000000000000e+00 -3.788561764066582516e+00
-1.159715424705626674e+01 -5.000000000000000000e+00 0.000000000000000000e+00
3.859999999999999876e+00 -5.000000000000000000e+00 -1.788561764066582405e-01
1.158999999999999986e+01 -5.000000000000000000e+00 -2.861698822506532069e-01
-1.158999999999999986e+01 5.000000000000000000e+00 -3.357712352813316592e+00
-1.159715424705626674e+01 5.000000000000000000e+00 0.000000000000000000e+00
3.859999999999999876e+00 5.000000000000000000e+00 -3.577123528133164809e-01
1.158999999999999986e+01 5.000000000000000000e+00 -5.365685292199746659e-01
-1.158999999999999986e+01 1.500000000000000000e+01 -2.926862941560050668e+00
-1.159715424705626674e+01 1.500000000000000000e+01 0.000000000000000000e+00
3.859999999999999876e+00 1.500000000000000000e+01 -3.577123528133164809e-01
1.158999999999999986e+01 1.500000000000000000e+01 -7.154247056266330174e-02
