-1.158999999999999986e+01 -1.500000000000000000e+01 -1.460247384520712011e-01
-1.129137940986551492e+01 -1.500000000000000000e+01 0.000000000000000000e+00
3.859999999999999876e+00 -1.500000000000000000e+01 -1.825309230650890013e-02
1.158999999999999986e+01 -1.500000000000000000e+01 -3.737155470786271749e+00
-1.158999999999999986e+01 -5.000000000000000000e+00 -1.460247384520712011e-01
-1.129137940986551492e+01 -5.000000000000000000e+00 0.000000000000000000e+00
3.859999999999999876e+00 -5.000000000000000000e+00 -1.825309230650890013e-02
1.158999999999999986e+01 -5.000000000000000000e+00 -3.737155470786271749e+00
-1.158999999999999986e+01 5.000000000000000000e+00 -1.825309230650890013e-01
-1.129137940986551492e+01 5.000000000000000000e+00 0.000000000000000000e+00
3.859999999999999876e+00 5.000000000000000000e+00 -3.650618461301780027e-02
1.158999999999999986e+01 5.000000000000000000e+00 -3.762709800015384243e+00
-1.158999999999999986e+01 1.500000000000000000e+01 -2.920494769041424021e-01
-1.129137940986551492e+01 1.500000000000000000e+01 0.000000000000000000e+00
3.859999999999999876e+00 1.500000000000000000e+01 -3.650618461301780027e-02
1.158999999999999986e+01 1.500000000000000000e+01 -3.715251760018461358e+00
