-1.178727276974260363e+01 -1.500000000000000000e+01 -1.605454460514793791e+00
-8.306845628247247149e+00 -1.500000000000000000e+01 0.000000000000000000e+00
3.859999999999999876e+00 -1.500000000000000000e+01 -2.006818075643492238e-01
1.158999999999999986e+01 -1.500000000000000000e+01 -1.110181971073371132e+00
-1.178727276974260363e+01 -5.000000000000000000e+00 -1.605454460514793791e+00
-8.306845628247247149e+00 -5.000000000000000000e+00 0.000000000000000000e+00
3.859999999999999876e+00 -5.000000000000000000e+00 -2.006818075643492238e-01
1.158999999999999986e+01 -5.000000000000000000e+00 -1.110181971073371132e+00
-1.178727276974260363e+01 5.000000000000000000e+00 -2.006818075643492350e+00
-8.306845628247247149e+00 5.000000000000000000e+00 0.000000000000000000e+00
3.859999999999999876e+00 5.000000000000000000e+00 -4.013636151286984477e-01
1.158999999999999986e+01 5.000000000000000000e+00 -1.391136501663460034e+00
-1.178727276974260363e+01 1.500000000000000000e+01 -3.210908921029587582e+00
-8.306845628247247149e+00 1.500000000000000000e+01 0.000000000000000000e+00
3.859999999999999876e+00 1.500000000000000000e+01 -4.013636151286984477e-01
1.158999999999999986e+01 1.500000000000000000e+01 -8.693638019961521524e-01
