-1.228995890070572905e+01 -1.500000000000000000e+01 -1.200164397177084646e-01
-1.036283190388643050e+01 -1.500000000000000000e+01 -7.501027482356778520e-02
3.859999999999999876e+00 -1.500000000000000000e+01 0.000000000000000000e+00
1.158999999999999986e+01 -1.500000000000000000e+01 -3.099876702117186689e+00
-1.228995890070572905e+01 -5.000000000000000000e+00 -1.200164397177084646e-01
-1.036283190388643050e+01 -5.000000000000000000e+00 -7.501027482356778520e-02
3.859999999999999876e+00 -5.000000000000000000e+00 0.000000000000000000e+00
1.158999999999999986e+01 -5.000000000000000000e+00 -3.099876702117186689e+00
-1.228995890070572905e+01 5.000000000000000000e+00 -2.250308244707033556e-01
-1.036283190388643050e+01 5.000000000000000000e+00 -1.500205496471355704e-01
3.859999999999999876e+00 5.000000000000000000e+00 0.000000000000000000e+00
1.158999999999999986e+01 5.000000000000000000e+00 -3.549938351058593344e+00
-1.228995890070572905e+01 1.500000000000000000e+01 -3.000410992942711616e-02
-1.036283190388643050e+01 1.500000000000000000e+01 -1.500205496471355704e-01
3.859999999999999876e+00 1.500000000000000000e+01 0.000000000000000000e+00
1.158999999999999986e+01 1.500000000000000000e+01 -4.000000000000000000e+00
