-1.158999999999999986e+01 -1.500000000000000000e+01 -3.031445097864818194e+00
-1.159999999999999964e+01 -1.500000000000000000e+01 -8.954603061799890074e-02
3.860000000000000320e+00 -1.500000000000000000e+01 -1.604539693820010993e-01
1.158999999999999986e+01 -1.500000000000000000e+01 -1.868554902135182161e+00
-1.158999999999999986e+01 -5.000000000000000000e+00 -3.031445097864818194e+00
-1.159999999999999964e+01 -5.000000000000000000e+00 -8.954603061799890074e-02
3.860000000000000320e+00 -5.000000000000000000e+00 -1.604539693820010993e-01
1.158999999999999986e+01 -5.000000000000000000e+00 -1.868554902135182161e+00
-1.158999999999999986e+01 5.000000000000000000e+00 -2.514993663202012009e+00
-1.159999999999999964e+01 5.000000000000000000e+00 -1.790920612359978015e-01
3.860000000000000320e+00 5.000000000000000000e+00 -3.209079387640021985e-01
1.158999999999999986e+01 5.000000000000000000e+00 -1.735006336797987991e+00
-1.158999999999999986e+01 1.500000000000000000e+01 -1.640358106067210553e+00
-1.159999999999999964e+01 1.500000000000000000e+01 -1.790920612359978015e-01
3.860000000000000320e+00 1.500000000000000000e+01 -3.209079387640021985e-01
1.158999999999999986e+01 1.500000000000000000e+01 -9.596418939327895359e-01
