-1.158999999999999986e+01 -1.500000000000000000e+01 -6.517930566848401108e-01
-9.879414112653591928e+00 -1.500000000000000000e+01 -1.450862263813166297e-01
3.859999999999999876e+00 -1.500000000000000000e+01 -1.049137736186833703e-01
1.158999999999999986e+01 -1.500000000000000000e+01 -2.779414112653592728e+00
-1.158999999999999986e+01 -5.000000000000000000e+00 -6.517930566848401108e-01
-9.879414112653591928e+00 -5.000000000000000000e+00 -1.450862263813166297e-01
3.859999999999999876e+00 -5.000000000000000000e+00 -1.049137736186833703e-01
1.158999999999999986e+01 -5.000000000000000000e+00 -2.779414112653592728e+00
-1.158999999999999986e+01 5.000000000000000000e+00 -1.484396415330783592e+00
-9.879414112653591928e+00 5.000000000000000000e+00 -2.901724527626332595e-01
3.859999999999999876e+00 5.000000000000000000e+00 -2.098275472373667405e-01
1.158999999999999986e+01 5.000000000000000000e+00 -2.345948490194483149e+00
-1.158999999999999986e+01 1.500000000000000000e+01 -1.736654868451460665e+00
-9.879414112653591928e+00 1.500000000000000000e+01 -2.901724527626332595e-01
3.859999999999999876e+00 1.500000000000000000e+01 -2.098275472373667405e-01
1.158999999999999986e+01 1.500000000000000000e+01 -1.492827773260639646e+00
