-1.158999999999999986e+01 -1.500000000000000000e+01 -3.982659258593761020e+00
-9.599681913951815915e+00 -1.500000000000000000e+01 -1.204218153211034092e-03
3.859999999999999876e+00 -1.500000000000000000e+01 0.000000000000000000e+00
1.158999999999999986e+01 -1.500000000000000000e+01 -2.167592675779861366e-02
-1.158999999999999986e+01 -5.000000000000000000e+00 -2.489884567513027225e+00
-9.599681913951815915e+00 -5.000000000000000000e+00 -1.204218153211034092e-03
3.859999999999999876e+00 -5.000000000000000000e+00 0.000000000000000000e+00
1.158999999999999986e+01 -5.000000000000000000e+00 -2.167592675779861366e-02
-1.158999999999999986e+01 5.000000000000000000e+00 -9.987957818467889659e-01
-9.599681913951815915e+00 5.000000000000000000e+00 -2.408436306422068185e-03
3.859999999999999876e+00 5.000000000000000000e+00 0.000000000000000000e+00
1.158999999999999986e+01 5.000000000000000000e+00 -1.685905414495447729e-02
-1.158999999999999986e+01 1.500000000000000000e+01 -9.956648146484402551e-01
-9.599681913951815915e+00 1.500000000000000000e+01 -2.408436306422068185e-03
3.859999999999999876e+00 1.500000000000000000e+01 0.000000000000000000e+00
1.158999999999999986e+01 1.500000000000000000e+01 -1.204218153211034092e-02
