-1.158999999999999986e+01 -1.500000000000000000e+01 -1.896568013041874057e+00
-9.004345608886243468e+00 -1.500000000000000000e+01 0.000000000000000000e+00
3.859999999999999432e+00 -1.500000000000000000e+01 -1.580473344201561714e-01
1.158999999999999986e+01 -1.500000000000000000e+01 -9.884970597110005475e-01
-1.158999999999999986e+01 -5.000000000000000000e+00 -1.896568013041874057e+00
-9.004345608886243468e+00 -5.000000000000000000e+00 0.000000000000000000e+00
3.859999999999999432e+00 -5.000000000000000000e+00 -1.580473344201561714e-01
1.158999999999999986e+01 -5.000000000000000000e+00 -9.884970597110005475e-01
-1.158999999999999986e+01 5.000000000000000000e+00 -1.896568013041874057e+00
-9.004345608886243468e+00 5.000000000000000000e+00 0.000000000000000000e+00
3.859999999999999432e+00 5.000000000000000000e+00 -3.160946688403123428e-01
1.158999999999999986e+01 5.000000000000000000e+00 -1.577573990218594346e+00
-1.158999999999999986e+01 1.500000000000000000e+01 -1.896568013041874057e+00
-9.004345608886243468e+00 1.500000000000000000e+01 0.000000000000000000e+00
3.859999999999999432e+00 1.500000000000000000e+01 -3.160946688403123428e-01
1.158999999999999986e+01 1.500000000000000000e+01 -1.534461583045563682e+00
