-1.158999999999999986e+01 -1.500000000000000000e+01 -4.207664264909139473e-01
-1.157391217672078909e+01 -1.500000000000000000e+01 -2.532447541392053303e-01
3.859999999999999876e+00 -1.500000000000000000e+01 0.000000000000000000e+00
1.158999999999999986e+01 -1.500000000000000000e+01 -4.493510491721590228e+00
-1.158999999999999986e+01 -5.000000000000000000e+00 -4.110321640732980120e-01
-1.157391217672078909e+01 -5.000000000000000000e+00 -2.532447541392053303e-01
3.859999999999999876e+00 -5.000000000000000000e+00 0.000000000000000000e+00
1.158999999999999986e+01 -5.000000000000000000e+00 -4.474041966886358246e+00
-1.158999999999999986e+01 5.000000000000000000e+00 -7.564895082784106606e-01
-1.157391217672078909e+01 5.000000000000000000e+00 -4.967552458607946697e-01
3.859999999999999876e+00 5.000000000000000000e+00 0.000000000000000000e+00
1.158999999999999986e+01 5.000000000000000000e+00 -3.467552458607947141e+00
-1.158999999999999986e+01 1.500000000000000000e+01 -1.246601314579603020e-01
-1.157391217672078909e+01 1.500000000000000000e+01 -4.967552458607946697e-01
3.859999999999999876e+00 1.500000000000000000e+01 0.000000000000000000e+00
1.158999999999999986e+01 1.500000000000000000e+01 -2.480531475164768462e+00
