-1.077245124165446910e+01 -1.500000000000000000e+01 -3.649024833089382636e-01
-1.084377442163322058e+01 -1.500000000000000000e+01 0.000000000000000000e+00
3.859999999999999876e+00 -1.500000000000000000e+01 -4.561281041361728295e-02
1.158999999999999986e+01 -1.500000000000000000e+01 -3.343175530043910992e+00
-1.158999999999999986e+01 -5.000000000000000000e+00 -3.649024833089382636e-01
-1.084377442163322058e+01 -5.000000000000000000e+00 0.000000000000000000e+00
3.859999999999999876e+00 -5.000000000000000000e+00 -4.561281041361728295e-02
1.158999999999999986e+01 -5.000000000000000000e+00 -3.343175530043910992e+00
-1.240754875834553062e+01 5.000000000000000000e+00 -4.561281041361728295e-01
-1.084377442163322058e+01 5.000000000000000000e+00 0.000000000000000000e+00
3.859999999999999876e+00 5.000000000000000000e+00 -9.122562082723456589e-02
1.158999999999999986e+01 5.000000000000000000e+00 -3.407033464622975405e+00
-1.240754875834553062e+01 1.500000000000000000e+01 -7.298049666178765271e-01
-1.084377442163322058e+01 1.500000000000000000e+01 0.000000000000000000e+00
3.859999999999999876e+00 1.500000000000000000e+01 -9.122562082723456589e-02
1.158999999999999986e+01 1.500000000000000000e+01 -3.288440157547570575e+00
