-1.158999999999999986e+01 -1.500000000000000000e+01 -3.902276813163152891e+00
-1.149227681316315142e+01 -1.500000000000000000e+01 -2.443079670921177726e-02
3.859999999999999876e+00 -1.500000000000000000e+01 0.000000000000000000e+00
1.158999999999999986e+01 -1.500000000000000000e+01 -2.097723186836847109e+00
-1.158999999999999986e+01 -5.000000000000000000e+00 -3.865630618099335170e+00
-1.149227681316315142e+01 -5.000000000000000000e+00 -2.443079670921177726e-02
3.859999999999999876e+00 -5.000000000000000000e+00 0.000000000000000000e+00
1.158999999999999986e+01 -5.000000000000000000e+00 -2.024430796709211666e+00
-1.158999999999999986e+01 5.000000000000000000e+00 -3.865630618099335170e+00
-1.149227681316315142e+01 5.000000000000000000e+00 -1.221539835460588863e-02
3.859999999999999876e+00 5.000000000000000000e+00 0.000000000000000000e+00
1.158999999999999986e+01 5.000000000000000000e+00 -1.951138406581576445e+00
-1.158999999999999986e+01 1.500000000000000000e+01 -3.902276813163152891e+00
-1.149227681316315142e+01 1.500000000000000000e+01 -1.221539835460588863e-02
3.859999999999999876e+00 1.500000000000000000e+01 0.000000000000000000e+00
1.158999999999999986e+01 1.500000000000000000e+01 -1.951138406581576445e+00
