-1.158999999999999986e+01 -1.500000000000000000e+01 -1.806927618470753227e+00
-1.134986622547299895e+01 -1.500000000000000000e+01 -3.016755961394479435e-02
3.859999999999999876e+00 -1.500000000000000000e+01 0.000000000000000000e+00
1.158999999999999986e+01 -1.500000000000000000e+01 -4.060335119227890033e+00
-1.158999999999999986e+01 -5.000000000000000000e+00 -1.806927618470753227e+00
-1.134986622547299895e+01 -5.000000000000000000e+00 -3.016755961394479435e-02
3.859999999999999876e+00 -5.000000000000000000e+00 0.000000000000000000e+00
1.158999999999999986e+01 -5.000000000000000000e+00 -4.060335119227890033e+00
-1.158999999999999986e+01 5.000000000000000000e+00 -1.849162201930276028e+00
-1.134986622547299895e+01 5.000000000000000000e+00 -6.033511922788958870e-02
3.859999999999999876e+00 5.000000000000000000e+00 0.000000000000000000e+00
1.158999999999999986e+01 5.000000000000000000e+00 -3.939664880772110411e+00
-1.158999999999999986e+01 1.500000000000000000e+01 -1.770726546934019652e+00
-1.134986622547299895e+01 1.500000000000000000e+01 -6.033511922788958870e-02
3.859999999999999876e+00 1.500000000000000000e+01 0.000000000000000000e+00
1.158999999999999986e+01 1.500000000000000000e+01 -3.818994642316331234e+00
