-1.235928795328768537e+01 -1.500000000000000000e+01 -4.000000000000000000e+00
-1.112857590657537088e+01 -1.500000000000000000e+01 0.000000000000000000e+00
3.860000000000000320e+00 -1.500000000000000000e+01 -1.153560233561571891e-01
1.158999999999999986e+01 -1.500000000000000000e+01 -4.614240934246287562e-01
-1.235928795328768537e+01 -5.000000000000000000e+00 -3.653931929931528266e+00
-1.112857590657537088e+01 -5.000000000000000000e+00 0.000000000000000000e+00
3.860000000000000320e+00 -5.000000000000000000e+00 -1.153560233561571891e-01
1.158999999999999986e+01 -5.000000000000000000e+00 -2.883900583903930004e-01
-1.235928795328768537e+01 5.000000000000000000e+00 -3.307863859863056977e+00
-1.112857590657537088e+01 5.000000000000000000e+00 0.000000000000000000e+00
3.860000000000000320e+00 5.000000000000000000e+00 -5.767801167807859453e-02
1.158999999999999986e+01 5.000000000000000000e+00 -2.883900583903930004e-01
-1.235928795328768537e+01 1.500000000000000000e+01 -3.307863859863056977e+00
-1.112857590657537088e+01 1.500000000000000000e+01 0.000000000000000000e+00
3.860000000000000320e+00 1.500000000000000000e+01 -5.767801167807859453e-02
1.158999999999999986e+01 1.500000000000000000e+01 -4.614240934246287562e-01
