-1.158999999999999986e+01 -1.500000000000000000e+01 -3.683550976456726606e-02
-1.159092088774411344e+01 -1.500000000000000000e+01 -2.302219360285454042e-02
3.859999999999999876e+00 -1.500000000000000000e+01 0.000000000000000000e+00
1.158999999999999986e+01 -1.500000000000000000e+01 -4.046044387205709469e+00
-1.158999999999999986e+01 -5.000000000000000000e+00 -3.683550976456726606e-02
-1.159092088774411344e+01 -5.000000000000000000e+00 -2.302219360285454042e-02
3.859999999999999876e+00 -5.000000000000000000e+00 0.000000000000000000e+00
1.158999999999999986e+01 -5.000000000000000000e+00 -4.046044387205709469e+00
-1.158999999999999986e+01 5.000000000000000000e+00 -6.906658080856362125e-02
-1.159092088774411344e+01 5.000000000000000000e+00 -4.604438720570908083e-02
3.859999999999999876e+00 5.000000000000000000e+00 0.000000000000000000e+00
1.158999999999999986e+01 5.000000000000000000e+00 -3.953955612794290975e+00
-1.158999999999999986e+01 1.500000000000000000e+01 -9.208877441141816514e-03
-1.159092088774411344e+01 1.500000000000000000e+01 -4.604438720570908083e-02
3.859999999999999876e+00 1.500000000000000000e+01 0.000000000000000000e+00
1.158999999999999986e+01 1.500000000000000000e+01 -3.861866838382872924e+00
