-1.158999999999999986e+01 -1.500000000000000000e+01 -1.170248819060605072e+00
-8.589048424982955510e+00 -1.500000000000000000e+01 -1.296486220217804575e-01
3.859999999999999876e+00 -1.500000000000000000e+01 -1.203513779782195425e-01
1.158999999999999986e+01 -1.500000000000000000e+01 -2.526237401157199525e+00
-1.158999999999999986e+01 -5.000000000000000000e+00 -1.170248819060605072e+00
-8.589048424982955510e+00 -5.000000000000000000e+00 -1.296486220217804575e-01
3.859999999999999876e+00 -5.000000000000000000e+00 -1.203513779782195425e-01
1.158999999999999986e+01 -5.000000000000000000e+00 -2.526237401157199525e+00
-1.158999999999999986e+01 5.000000000000000000e+00 -1.592459645847536631e+00
-8.589048424982955510e+00 5.000000000000000000e+00 -2.592972440435609149e-01
3.859999999999999876e+00 5.000000000000000000e+00 -2.407027559564390851e-01
1.158999999999999986e+01 5.000000000000000000e+00 -2.176134842239584977e+00
-1.158999999999999986e+01 1.500000000000000000e+01 -1.977481496460224974e+00
-8.589048424982955510e+00 1.500000000000000000e+01 -2.592972440435609149e-01
3.859999999999999876e+00 1.500000000000000000e+01 -2.407027559564390851e-01
1.158999999999999986e+01 1.500000000000000000e+01 -1.344626771409092481e+00
