-1.225297440089028278e+01 -1.500000000000000000e+01 -2.988923202670849655e+00
-1.091594880178056570e+01 -1.500000000000000000e+01 0.000000000000000000e+00
3.859999999999999876e+00 -1.500000000000000000e+01 0.000000000000000000e+00
1.158999999999999986e+01 -1.500000000000000000e+01 0.000000000000000000e+00
-1.225297440089028278e+01 -5.000000000000000000e+00 -2.988923202670849655e+00
-1.091594880178056570e+01 -5.000000000000000000e+00 0.000000000000000000e+00
3.859999999999999876e+00 -5.000000000000000000e+00 0.000000000000000000e+00
1.158999999999999986e+01 -5.000000000000000000e+00 0.000000000000000000e+00
-1.225297440089028278e+01 5.000000000000000000e+00 -3.494461601335424827e+00
-1.091594880178056570e+01 5.000000000000000000e+00 0.000000000000000000e+00
3.859999999999999876e+00 5.000000000000000000e+00 0.000000000000000000e+00
1.158999999999999986e+01 5.000000000000000000e+00 0.000000000000000000e+00
-1.225297440089028278e+01 1.500000000000000000e+01 -4.000000000000000000e+00
-1.091594880178056570e+01 1.500000000000000000e+01 0.000000000000000000e+00
3.859999999999999876e+00 1.500000000000000000e+01 0.000000000000000000e+00
1.158999999999999986e+01 1.500000000000000000e+01 0.000000000000000000e+00
