-1.158999999999999986e+01 -1.500000000000000000e+01 -1.597511761592077528e+00
-7.920600209136279268e+00 -1.500000000000000000e+01 0.000000000000000000e+00
3.860000000000000320e+00 -1.500000000000000000e+01 -1.996889701990096910e-01
1.158999999999999986e+01 -1.500000000000000000e+01 -1.124478829134260449e+00
-1.158999999999999986e+01 -5.000000000000000000e+00 -1.597511761592077528e+00
-7.920600209136279268e+00 -5.000000000000000000e+00 0.000000000000000000e+00
3.860000000000000320e+00 -5.000000000000000000e+00 -1.996889701990096910e-01
1.158999999999999986e+01 -5.000000000000000000e+00 -8.226126503283186508e-01
-1.158999999999999986e+01 5.000000000000000000e+00 -1.996889701990096855e+00
-7.920600209136279268e+00 5.000000000000000000e+00 0.000000000000000000e+00
3.860000000000000320e+00 5.000000000000000000e+00 -3.993779403980193821e-01
1.158999999999999986e+01 5.000000000000000000e+00 -8.003110298009903367e-01
-1.158999999999999986e+01 1.500000000000000000e+01 -3.195023523184155056e+00
-7.920600209136279268e+00 1.500000000000000000e+01 0.000000000000000000e+00
3.860000000000000320e+00 1.500000000000000000e+01 -3.993779403980193821e-01
1.158999999999999986e+01 1.500000000000000000e+01 -2.811197072835651123e-01
