-1.158999999999999986e+01 -1.500000000000000000e+01 -4.175412705027957694e-01
-9.611926588128493876e+00 -1.500000000000000000e+01 -2.472591764839381645e-01
3.859999999999999876e+00 -1.500000000000000000e+01 0.000000000000000000e+00
1.158999999999999986e+01 -1.500000000000000000e+01 -1.032889882192741915e+00
-1.158999999999999986e+01 -5.000000000000000000e+00 -4.175412705027957694e-01
-9.611926588128493876e+00 -5.000000000000000000e+00 -2.472591764839381645e-01
3.859999999999999876e+00 -5.000000000000000000e+00 0.000000000000000000e+00
1.158999999999999986e+01 -5.000000000000000000e+00 -1.032889882192741915e+00
-1.158999999999999986e+01 5.000000000000000000e+00 -7.637041175803092052e-01
-9.611926588128493876e+00 5.000000000000000000e+00 -4.945183529678763290e-01
3.859999999999999876e+00 5.000000000000000000e+00 0.000000000000000000e+00
1.158999999999999986e+01 5.000000000000000000e+00 -2.516444941096370957e+00
-1.158999999999999986e+01 1.500000000000000000e+01 -1.208302587220699553e-01
-9.611926588128493876e+00 1.500000000000000000e+01 -4.945183529678763290e-01
3.859999999999999876e+00 1.500000000000000000e+01 0.000000000000000000e+00
1.158999999999999986e+01 1.500000000000000000e+01 -4.000000000000000000e+00
