-1.158999999999999986e+01 -1.500000000000000000e+01 -2.829827070312385562e+00
-1.080988471354159053e+01 -1.500000000000000000e+01 0.000000000000000000e+00
3.859999999999999432e+00 -1.500000000000000000e+01 -9.751441080730119393e-02
1.158999999999999986e+01 -1.500000000000000000e+01 -1.375907770833272314e+00
-1.158999999999999986e+01 -5.000000000000000000e+00 -2.829827070312385562e+00
-1.080988471354159053e+01 -5.000000000000000000e+00 0.000000000000000000e+00
3.859999999999999432e+00 -5.000000000000000000e+00 -9.751441080730119393e-02
1.158999999999999986e+01 -5.000000000000000000e+00 -1.375907770833272314e+00
-1.158999999999999986e+01 5.000000000000000000e+00 -3.414913535156192559e+00
-1.080988471354159053e+01 5.000000000000000000e+00 0.000000000000000000e+00
3.859999999999999432e+00 5.000000000000000000e+00 -1.950288216146023879e-01
1.158999999999999986e+01 5.000000000000000000e+00 -1.512427945963493947e+00
-1.158999999999999986e+01 1.500000000000000000e+01 -4.000000000000000000e+00
-1.080988471354159053e+01 1.500000000000000000e+01 0.000000000000000000e+00
3.859999999999999432e+00 1.500000000000000000e+01 -1.950288216146023879e-01
1.158999999999999986e+01 1.500000000000000000e+01 -1.258890477864510915e+00
