-1.257275727136494936e+01 -1.500000000000000000e+01 -3.937926176913818743e+00
-1.151947723988264549e+01 -1.500000000000000000e+01 -4.310682158762596528e-03
3.859999999999999876e+00 -1.500000000000000000e+01 0.000000000000000000e+00
1.158999999999999986e+01 -1.500000000000000000e+01 -1.724272863505038611e-02
-1.257275727136494936e+01 -5.000000000000000000e+00 -3.937926176913818743e+00
-1.151947723988264549e+01 -5.000000000000000000e+00 -4.310682158762596528e-03
3.859999999999999876e+00 -5.000000000000000000e+00 0.000000000000000000e+00
1.158999999999999986e+01 -5.000000000000000000e+00 -1.724272863505038611e-02
-1.257275727136494936e+01 5.000000000000000000e+00 -3.943961131936086328e+00
-1.151947723988264549e+01 5.000000000000000000e+00 -8.621364317525193055e-03
3.859999999999999876e+00 5.000000000000000000e+00 0.000000000000000000e+00
1.158999999999999986e+01 5.000000000000000000e+00 -4.310682158762596528e-02
-1.257275727136494936e+01 1.500000000000000000e+01 -3.932753358323303416e+00
-1.151947723988264549e+01 1.500000000000000000e+01 -8.621364317525193055e-03
3.859999999999999876e+00 1.500000000000000000e+01 0.000000000000000000e+00
1.158999999999999986e+01 1.500000000000000000e+01 -6.897091454020154444e-02
