-1.157634101648003799e+01 -1.500000000000000000e+01 -3.945364065920154317e+00
-9.617317967039923587e+00 -1.500000000000000000e+01 0.000000000000000000e+00
3.859999999999999876e+00 -1.500000000000000000e+01 0.000000000000000000e+00
1.158999999999999986e+01 -1.500000000000000000e+01 -5.463593407984568273e-02
-1.158999999999999986e+01 -5.000000000000000000e+00 -2.465852541200096226e+00
-9.617317967039923587e+00 -5.000000000000000000e+00 0.000000000000000000e+00
3.859999999999999876e+00 -5.000000000000000000e+00 0.000000000000000000e+00
1.158999999999999986e+01 -5.000000000000000000e+00 -5.463593407984568273e-02
-1.160365898351995995e+01 5.000000000000000000e+00 -9.863410164800385793e-01
-9.617317967039923587e+00 5.000000000000000000e+00 0.000000000000000000e+00
3.859999999999999876e+00 5.000000000000000000e+00 0.000000000000000000e+00
1.158999999999999986e+01 5.000000000000000000e+00 -5.463593407984568273e-02
-1.160365898351995995e+01 1.500000000000000000e+01 -9.863410164800385793e-01
-9.617317967039923587e+00 1.500000000000000000e+01 0.000000000000000000e+00
3.859999999999999876e+00 1.500000000000000000e+01 0.000000000000000000e+00
1.158999999999999986e+01 1.500000000000000000e+01 -5.463593407984568273e-02
