-1.158999999999999986e+01 -1.500000000000000000e+01 -1.970191394813530561e+00
-9.527700015160277758e+00 -1.500000000000000000e+01 -4.850956974067652805e-01
3.859999999999999876e+00 -1.500000000000000000e+01 -7.452151296617359755e-03
1.158999999999999986e+01 -1.500000000000000000e+01 -3.892689021328710197e+00
-1.158999999999999986e+01 -5.000000000000000000e+00 -1.242547848703382751e+00
-9.527700015160277758e+00 -5.000000000000000000e+00 -4.850956974067652805e-01
3.859999999999999876e+00 -5.000000000000000000e+00 -7.452151296617359755e-03
1.158999999999999986e+01 -5.000000000000000000e+00 -2.437401929108414578e+00
-1.158999999999999986e+01 5.000000000000000000e+00 -1.287260756483086910e+00
-9.527700015160277758e+00 5.000000000000000000e+00 -2.425478487033826402e-01
3.859999999999999876e+00 5.000000000000000000e+00 -1.490430259323471951e-02
1.158999999999999986e+01 5.000000000000000000e+00 -9.925478487033826402e-01
-1.158999999999999986e+01 1.500000000000000000e+01 -2.059617210372938878e+00
-9.527700015160277758e+00 1.500000000000000000e+01 -2.425478487033826402e-01
3.859999999999999876e+00 1.500000000000000000e+01 -1.490430259323471951e-02
1.158999999999999986e+01 1.500000000000000000e+01 -9.731722553321775493e-01
