-1.179902252856506983e+01 -1.500000000000000000e+01 -3.163909885739719208e+00
-1.158999999999999986e+01 -1.500000000000000000e+01 0.000000000000000000e+00
3.859999999999999876e+00 -1.500000000000000000e+01 0.000000000000000000e+00
1.158999999999999986e+01 -1.500000000000000000e+01 -8.360901142602807923e-01
-1.179902252856506983e+01 -5.000000000000000000e+00 -3.163909885739719208e+00
-1.158999999999999986e+01 -5.000000000000000000e+00 0.000000000000000000e+00
3.859999999999999876e+00 -5.000000000000000000e+00 0.000000000000000000e+00
1.158999999999999986e+01 -5.000000000000000000e+00 -8.360901142602807923e-01
-1.179902252856506983e+01 5.000000000000000000e+00 -3.163909885739719208e+00
-1.158999999999999986e+01 5.000000000000000000e+00 0.000000000000000000e+00
3.859999999999999876e+00 5.000000000000000000e+00 0.000000000000000000e+00
1.158999999999999986e+01 5.000000000000000000e+00 -8.360901142602807923e-01
-1.179902252856506983e+01 1.500000000000000000e+01 -3.163909885739719208e+00
-1.158999999999999986e+01 1.500000000000000000e+01 0.000000000000000000e+00
3.859999999999999876e+00 1.500000000000000000e+01 0.000000000000000000e+00
1.158999999999999986e+01 1.500000000000000000e+01 -8.360901142602807923e-01
