-1.158999999999999986e+01 -1.500000000000000000e+01 -6.272433831883436062e-01
-1.073485818758655697e+01 -1.500000000000000000e+01 0.000000000000000000e+00
3.859999999999999876e+00 -1.500000000000000000e+01 -5.227028193236196718e-02
1.158999999999999986e+01 -1.500000000000000000e+01 -1.665470195632883454e+00
-1.158999999999999986e+01 -5.000000000000000000e+00 -6.272433831883436062e-01
-1.073485818758655697e+01 -5.000000000000000000e+00 0.000000000000000000e+00
3.859999999999999876e+00 -5.000000000000000000e+00 -5.227028193236196718e-02
1.158999999999999986e+01 -5.000000000000000000e+00 -1.665470195632883454e+00
-1.158999999999999986e+01 5.000000000000000000e+00 -6.272433831883436062e-01
-1.073485818758655697e+01 5.000000000000000000e+00 0.000000000000000000e+00
3.859999999999999876e+00 5.000000000000000000e+00 -1.045405638647239344e-01
1.158999999999999986e+01 5.000000000000000000e+00 -2.529567462608742101e+00
-1.158999999999999986e+01 1.500000000000000000e+01 -6.272433831883436062e-01
-1.073485818758655697e+01 1.500000000000000000e+01 0.000000000000000000e+00
3.859999999999999876e+00 1.500000000000000000e+01 -1.045405638647239344e-01
1.158999999999999986e+01 1.500000000000000000e+01 -3.184583601855153212e+00
