-1.120164825131897146e+01 -1.500000000000000000e+01 -1.223296502637945649e+00
-1.036670349736205488e+01 -1.500000000000000000e+01 -3.058241256594864121e-01
3.859999999999999876e+00 -1.500000000000000000e+01 0.000000000000000000e+00
1.158999999999999986e+01 -1.500000000000000000e+01 -4.000000000000000000e+00
-1.158999999999999986e+01 -5.000000000000000000e+00 -7.645603141487160581e-01
-1.036670349736205488e+01 -5.000000000000000000e+00 -3.058241256594864121e-01
3.859999999999999876e+00 -5.000000000000000000e+00 0.000000000000000000e+00
1.158999999999999986e+01 -5.000000000000000000e+00 -3.082527623021540819e+00
-1.197835174868102648e+01 5.000000000000000000e+00 -7.645603141487160581e-01
-1.036670349736205488e+01 5.000000000000000000e+00 -1.529120628297432061e-01
3.859999999999999876e+00 5.000000000000000000e+00 0.000000000000000000e+00
1.158999999999999986e+01 5.000000000000000000e+00 -2.165055246043081638e+00
-1.197835174868102648e+01 1.500000000000000000e+01 -1.223296502637945649e+00
-1.036670349736205488e+01 1.500000000000000000e+01 -1.529120628297432061e-01
3.859999999999999876e+00 1.500000000000000000e+01 0.000000000000000000e+00
1.158999999999999986e+01 1.500000000000000000e+01 -2.165055246043081638e+00
