-1.158999999999999986e+01 -1.500000000000000000e+01 -3.996916182685166796e-01
-1.159999229045671321e+01 -1.500000000000000000e+01 -2.498072614178229178e-01
3.859999999999999876e+00 -1.500000000000000000e+01 0.000000000000000000e+00
1.158999999999999986e+01 -1.500000000000000000e+01 -4.499614522835646113e+00
-1.158999999999999986e+01 -5.000000000000000000e+00 -3.996916182685166796e-01
-1.159999229045671321e+01 -5.000000000000000000e+00 -2.498072614178229178e-01
3.859999999999999876e+00 -5.000000000000000000e+00 0.000000000000000000e+00
1.158999999999999986e+01 -5.000000000000000000e+00 -4.499614522835646113e+00
-1.158999999999999986e+01 5.000000000000000000e+00 -7.494217842534687257e-01
-1.159999229045671321e+01 5.000000000000000000e+00 -4.996145228356458357e-01
3.859999999999999876e+00 5.000000000000000000e+00 0.000000000000000000e+00
1.158999999999999986e+01 5.000000000000000000e+00 -3.500385477164354331e+00
-1.158999999999999986e+01 1.500000000000000000e+01 -9.992290456712916991e-02
-1.159999229045671321e+01 1.500000000000000000e+01 -4.996145228356458357e-01
3.859999999999999876e+00 1.500000000000000000e+01 0.000000000000000000e+00
1.158999999999999986e+01 1.500000000000000000e+01 -2.501156431493062549e+00
