-1.158999999999999986e+01 -1.500000000000000000e+01 -3.873948114908405849e+00
-9.279339278367720212e+00 -1.500000000000000000e+01 -3.817389543241428429e-02
3.859999999999999432e+00 -1.500000000000000000e+01 -2.118261045675857157e-01
1.158999999999999986e+01 -1.500000000000000000e+01 -7.970085124971085788e-01
-1.158999999999999986e+01 -5.000000000000000000e+00 -3.873948114908405849e+00
-9.279339278367720212e+00 -5.000000000000000000e+00 -3.817389543241428429e-02
3.859999999999999432e+00 -5.000000000000000000e+00 -2.118261045675857157e-01
1.158999999999999986e+01 -5.000000000000000000e+00 -7.970085124971085788e-01
-1.158999999999999986e+01 5.000000000000000000e+00 -3.080087150243442817e+00
-9.279339278367720212e+00 5.000000000000000000e+00 -7.634779086482856858e-02
3.859999999999999432e+00 5.000000000000000000e+00 -4.236522091351714314e-01
1.158999999999999986e+01 5.000000000000000000e+00 -1.093565058891728503e+00
-1.158999999999999986e+01 1.500000000000000000e+01 -2.133530603848822871e+00
-9.279339278367720212e+00 1.500000000000000000e+01 -7.634779086482856858e-02
3.859999999999999432e+00 1.500000000000000000e+01 -4.236522091351714314e-01
1.158999999999999986e+01 1.500000000000000000e+01 -5.428171870160056756e-01
