-1.158999999999999986e+01 -1.500000000000000000e+01 -1.861147079168307961e-01
-9.594652867697920584e+00 -1.500000000000000000e+01 -1.163216924480192371e-01
3.859999999999999432e+00 -1.500000000000000000e+01 0.000000000000000000e+00
1.158999999999999986e+01 -1.500000000000000000e+01 -4.232643384896038086e+00
-1.158999999999999986e+01 -5.000000000000000000e+00 -1.861147079168307961e-01
-9.594652867697920584e+00 -5.000000000000000000e+00 -1.163216924480192371e-01
3.859999999999999432e+00 -5.000000000000000000e+00 0.000000000000000000e+00
1.158999999999999986e+01 -5.000000000000000000e+00 -3.430573539584154119e+00
-1.158999999999999986e+01 5.000000000000000000e+00 -3.489650773440576836e-01
-9.594652867697920584e+00 5.000000000000000000e+00 -2.326433848960384743e-01
3.859999999999999432e+00 5.000000000000000000e+00 0.000000000000000000e+00
1.158999999999999986e+01 5.000000000000000000e+00 -2.163216924480192205e+00
-1.158999999999999986e+01 1.500000000000000000e+01 -4.652867697920769902e-02
-9.594652867697920584e+00 1.500000000000000000e+01 -2.326433848960384743e-01
3.859999999999999432e+00 1.500000000000000000e+01 0.000000000000000000e+00
1.158999999999999986e+01 1.500000000000000000e+01 -1.697930154688115589e+00
