-1.158999999999999986e+01 -1.500000000000000000e+01 -4.000000000000000222e-01
-1.076094788159217686e+01 -1.500000000000000000e+01 -2.500000000000000000e-01
3.859999999999999876e+00 -1.500000000000000000e+01 0.000000000000000000e+00
1.158999999999999986e+01 -1.500000000000000000e+01 -3.988382854629376695e+00
-1.158999999999999986e+01 -5.000000000000000000e+00 -4.000000000000000222e-01
-1.076094788159217686e+01 -5.000000000000000000e+00 -2.500000000000000000e-01
3.859999999999999876e+00 -5.000000000000000000e+00 0.000000000000000000e+00
1.158999999999999986e+01 -5.000000000000000000e+00 -3.988382854629376695e+00
-1.158999999999999986e+01 5.000000000000000000e+00 -7.500000000000000000e-01
-1.076094788159217686e+01 5.000000000000000000e+00 -5.000000000000000000e-01
3.859999999999999876e+00 5.000000000000000000e+00 0.000000000000000000e+00
1.158999999999999986e+01 5.000000000000000000e+00 -3.295353141851750767e+00
-1.158999999999999986e+01 1.500000000000000000e+01 -1.000000000000000056e-01
-1.076094788159217686e+01 1.500000000000000000e+01 -5.000000000000000000e-01
3.859999999999999876e+00 1.500000000000000000e+01 0.000000000000000000e+00
1.158999999999999986e+01 1.500000000000000000e+01 -2.806970287222374072e+00
