-1.158999999999999986e+01 -1.500000000000000000e+01 -3.457508829880855949e-01
-8.054697221446824429e+00 -1.500000000000000000e+01 -2.160943018675534899e-01
3.859999999999999876e+00 -1.500000000000000000e+01 0.000000000000000000e+00
1.158999999999999986e+01 -1.500000000000000000e+01 -1.406868377589358232e+00
-1.158999999999999986e+01 -5.000000000000000000e+00 -3.457508829880855949e-01
-8.054697221446824429e+00 -5.000000000000000000e+00 -2.160943018675534899e-01
3.859999999999999876e+00 -5.000000000000000000e+00 0.000000000000000000e+00
1.158999999999999986e+01 -5.000000000000000000e+00 -1.406868377589358232e+00
-1.158999999999999986e+01 5.000000000000000000e+00 -6.482829056026604420e-01
-8.054697221446824429e+00 5.000000000000000000e+00 -4.321886037351069798e-01
3.859999999999999876e+00 5.000000000000000000e+00 0.000000000000000000e+00
1.158999999999999986e+01 5.000000000000000000e+00 -2.703434188794679116e+00
-1.158999999999999986e+01 1.500000000000000000e+01 -8.643772074702139874e-02
-8.054697221446824429e+00 1.500000000000000000e+01 -4.321886037351069798e-01
3.859999999999999876e+00 1.500000000000000000e+01 0.000000000000000000e+00
1.158999999999999986e+01 1.500000000000000000e+01 -4.000000000000000000e+00
