-1.215475530719829678e+01 -1.500000000000000000e+01 -1.740978771206815046e-01
-1.159435244692801703e+01 -1.500000000000000000e+01 -1.088111732004259369e-01
3.859999999999999876e+00 -1.500000000000000000e+01 0.000000000000000000e+00
1.158999999999999986e+01 -1.500000000000000000e+01 -4.217622346400851541e+00
-1.215475530719829678e+01 -5.000000000000000000e+00 -1.740978771206815046e-01
-1.159435244692801703e+01 -5.000000000000000000e+00 -1.088111732004259369e-01
3.859999999999999876e+00 -5.000000000000000000e+00 0.000000000000000000e+00
1.158999999999999986e+01 -5.000000000000000000e+00 -4.217622346400851541e+00
-1.215475530719829678e+01 5.000000000000000000e+00 -3.264335196012778106e-01
-1.159435244692801703e+01 5.000000000000000000e+00 -2.176223464008518738e-01
3.859999999999999876e+00 5.000000000000000000e+00 0.000000000000000000e+00
1.158999999999999986e+01 5.000000000000000000e+00 -3.782377653599148015e+00
-1.215475530719829678e+01 1.500000000000000000e+01 -4.352446928017037614e-02
-1.159435244692801703e+01 1.500000000000000000e+01 -2.176223464008518738e-01
3.859999999999999876e+00 1.500000000000000000e+01 0.000000000000000000e+00
1.158999999999999986e+01 1.500000000000000000e+01 -3.347132960797444490e+00
