-1.158999999999999986e+01 -1.500000000000000000e+01 -1.079850229810910722e+00
-7.608862479975541326e+00 -1.500000000000000000e+01 0.000000000000000000e+00
3.859999999999999876e+00 -1.500000000000000000e+01 -2.433458141824240972e-01
1.158999999999999986e+01 -1.500000000000000000e+01 -3.893533026918785667e-01
-1.158999999999999986e+01 -5.000000000000000000e+00 -1.079850229810910722e+00
-7.608862479975541326e+00 -5.000000000000000000e+00 0.000000000000000000e+00
3.859999999999999876e+00 -5.000000000000000000e+00 -2.433458141824240972e-01
1.158999999999999986e+01 -5.000000000000000000e+00 -3.893533026918785667e-01
-1.158999999999999986e+01 5.000000000000000000e+00 -2.539925114905455583e+00
-7.608862479975541326e+00 5.000000000000000000e+00 0.000000000000000000e+00
3.859999999999999876e+00 5.000000000000000000e+00 -4.866916283648481945e-01
1.158999999999999986e+01 5.000000000000000000e+00 -7.300374425472723194e-01
-1.158999999999999986e+01 1.500000000000000000e+01 -4.000000000000000000e+00
-7.608862479975541326e+00 1.500000000000000000e+01 0.000000000000000000e+00
3.859999999999999876e+00 1.500000000000000000e+01 -4.866916283648481945e-01
1.158999999999999986e+01 1.500000000000000000e+01 -9.733832567296964167e-02
