-1.160482618241511332e+01 -1.500000000000000000e+01 -1.044478547245340394e+00
-9.619652364830226787e+00 -1.500000000000000000e+01 0.000000000000000000e+00
3.859999999999999876e+00 -1.500000000000000000e+01 -2.462934543962216338e-01
1.158999999999999986e+01 -1.500000000000000000e+01 -3.940695270339546474e-01
-1.160482618241511332e+01 -5.000000000000000000e+00 -1.044478547245340394e+00
-9.619652364830226787e+00 -5.000000000000000000e+00 0.000000000000000000e+00
3.859999999999999876e+00 -5.000000000000000000e+00 -2.462934543962216338e-01
1.158999999999999986e+01 -5.000000000000000000e+00 -3.940695270339546474e-01
-1.160482618241511332e+01 5.000000000000000000e+00 -2.522239273622670197e+00
-9.619652364830226787e+00 5.000000000000000000e+00 0.000000000000000000e+00
3.859999999999999876e+00 5.000000000000000000e+00 -4.925869087924432677e-01
1.158999999999999986e+01 5.000000000000000000e+00 -7.388803631886649015e-01
-1.160482618241511332e+01 1.500000000000000000e+01 -4.000000000000000000e+00
-9.619652364830226787e+00 1.500000000000000000e+01 0.000000000000000000e+00
3.859999999999999876e+00 1.500000000000000000e+01 -4.925869087924432677e-01
1.158999999999999986e+01 1.500000000000000000e+01 -9.851738175848866186e-02
