-1.158999999999999986e+01 -1.500000000000000000e+01 -1.287394830560767200e+00
-1.159999999999999964e+01 -1.500000000000000000e+01 -1.958905591121483381e-01
3.859999999999999876e+00 -1.500000000000000000e+01 -5.410944088785166195e-02
1.158999999999999986e+01 -1.500000000000000000e+01 -3.612605169439232711e+00
-1.158999999999999986e+01 -5.000000000000000000e+00 -1.287394830560767200e+00
-1.159999999999999964e+01 -5.000000000000000000e+00 -1.958905591121483381e-01
3.859999999999999876e+00 -5.000000000000000000e+00 -5.410944088785166195e-02
1.158999999999999986e+01 -5.000000000000000000e+00 -3.612605169439232711e+00
-1.158999999999999986e+01 5.000000000000000000e+00 -1.345203849766368309e+00
-1.159999999999999964e+01 5.000000000000000000e+00 -3.917811182242966761e-01
3.859999999999999876e+00 5.000000000000000000e+00 -1.082188817757033239e-01
1.158999999999999986e+01 5.000000000000000000e+00 -2.904796150233631913e+00
-1.158999999999999986e+01 1.500000000000000000e+01 -6.194506325233759547e-01
-1.159999999999999964e+01 1.500000000000000000e+01 -3.917811182242966761e-01
3.859999999999999876e+00 1.500000000000000000e+01 -1.082188817757033239e-01
1.158999999999999986e+01 1.500000000000000000e+01 -1.980549367476624134e+00
