-1.158999999999999986e+01 -1.500000000000000000e+01 -7.881175502675660249e-01
-8.006978550037008091e+00 -1.500000000000000000e+01 -3.106433672293071879e-01
3.859999999999999876e+00 -1.500000000000000000e+01 0.000000000000000000e+00
1.158999999999999986e+01 -1.500000000000000000e+01 -2.485146937834457503e+00
-1.158999999999999986e+01 -5.000000000000000000e+00 -6.061874485796444612e-01
-8.006978550037008091e+00 -5.000000000000000000e+00 -3.106433672293071879e-01
3.859999999999999876e+00 -5.000000000000000000e+00 0.000000000000000000e+00
1.158999999999999986e+01 -5.000000000000000000e+00 -2.121286734458614376e+00
-1.158999999999999986e+01 5.000000000000000000e+00 -8.712867344586143759e-01
-8.006978550037008091e+00 5.000000000000000000e+00 -4.393566327706928121e-01
3.859999999999999876e+00 5.000000000000000000e+00 0.000000000000000000e+00
1.158999999999999986e+01 5.000000000000000000e+00 -2.136139796624156872e+00
-1.158999999999999986e+01 1.500000000000000000e+01 -5.608895909427346060e-01
-8.006978550037008091e+00 1.500000000000000000e+01 -4.393566327706928121e-01
3.859999999999999876e+00 1.500000000000000000e+01 0.000000000000000000e+00
1.158999999999999986e+01 1.500000000000000000e+01 -3.272279593248313745e+00
