-1.158999999999999986e+01 -1.500000000000000000e+01 -2.905937225344975006e-01
-1.014429623039087502e+01 -1.500000000000000000e+01 -1.816210765840609309e-01
3.859999999999999432e+00 -1.500000000000000000e+01 0.000000000000000000e+00
1.158999999999999986e+01 -1.500000000000000000e+01 -4.363242153168121362e+00
-1.158999999999999986e+01 -5.000000000000000000e+00 -2.905937225344975006e-01
-1.014429623039087502e+01 -5.000000000000000000e+00 -1.816210765840609309e-01
3.859999999999999432e+00 -5.000000000000000000e+00 0.000000000000000000e+00
1.158999999999999986e+01 -5.000000000000000000e+00 -4.363242153168121362e+00
-1.158999999999999986e+01 5.000000000000000000e+00 -5.448632297521828205e-01
-1.014429623039087502e+01 5.000000000000000000e+00 -3.632421531681218618e-01
3.859999999999999432e+00 5.000000000000000000e+00 0.000000000000000000e+00
1.158999999999999986e+01 5.000000000000000000e+00 -3.636757846831878194e+00
-1.158999999999999986e+01 1.500000000000000000e+01 -7.264843063362437514e-02
-1.014429623039087502e+01 1.500000000000000000e+01 -3.632421531681218618e-01
3.859999999999999432e+00 1.500000000000000000e+01 0.000000000000000000e+00
1.158999999999999986e+01 1.500000000000000000e+01 -2.910273540495634137e+00
