-1.158999999999999986e+01 -1.500000000000000000e+01 -1.927699728388280853e+00
-7.651107567668492315e+00 -1.500000000000000000e+01 0.000000000000000000e+00
3.859999999999999876e+00 -1.500000000000000000e+01 -2.319249320970702410e-01
1.158999999999999986e+01 -1.500000000000000000e+01 -3.710798913553123857e-01
-1.158999999999999986e+01 -5.000000000000000000e+00 -1.927699728388280853e+00
-7.651107567668492315e+00 -5.000000000000000000e+00 0.000000000000000000e+00
3.859999999999999876e+00 -5.000000000000000000e+00 -2.319249320970702410e-01
1.158999999999999986e+01 -5.000000000000000000e+00 -3.710798913553123857e-01
-1.158999999999999986e+01 5.000000000000000000e+00 -2.500000000000000000e+00
-7.651107567668492315e+00 5.000000000000000000e+00 0.000000000000000000e+00
3.859999999999999876e+00 5.000000000000000000e+00 -4.638498641941404821e-01
1.158999999999999986e+01 5.000000000000000000e+00 -6.957747962912107509e-01
-1.158999999999999986e+01 1.500000000000000000e+01 -4.000000000000000000e+00
-7.651107567668492315e+00 1.500000000000000000e+01 0.000000000000000000e+00
3.859999999999999876e+00 1.500000000000000000e+01 -4.638498641941404821e-01
1.158999999999999986e+01 1.500000000000000000e+01 -9.276997283882809642e-02
