-1.158999999999999986e+01 -1.500000000000000000e+01 -3.892711849891844711e+00
-9.365767766273956241e+00 -1.500000000000000000e+01 0.000000000000000000e+00
3.859999999999999876e+00 -1.500000000000000000e+01 -4.731779624729611777e-01
1.158999999999999986e+01 -1.500000000000000000e+01 -1.828338959826951493e+00
-1.158999999999999986e+01 -5.000000000000000000e+00 -2.553644075054077422e+00
-9.365767766273956241e+00 -5.000000000000000000e+00 0.000000000000000000e+00
3.859999999999999876e+00 -5.000000000000000000e+00 -4.731779624729611777e-01
1.158999999999999986e+01 -5.000000000000000000e+00 -1.158805072408067849e+00
-1.158999999999999986e+01 5.000000000000000000e+00 -1.214576300216310578e+00
-9.365767766273956241e+00 5.000000000000000000e+00 0.000000000000000000e+00
3.859999999999999876e+00 5.000000000000000000e+00 -2.768220375270388223e-01
1.158999999999999986e+01 5.000000000000000000e+00 -1.196355924945922133e+00
-1.158999999999999986e+01 1.500000000000000000e+01 -1.214576300216310578e+00
-9.365767766273956241e+00 1.500000000000000000e+01 0.000000000000000000e+00
3.859999999999999876e+00 1.500000000000000000e+01 -2.768220375270388223e-01
1.158999999999999986e+01 1.500000000000000000e+01 -1.796152514794504995e+00
