-1.158999999999999986e+01 -1.500000000000000000e+01 -3.138652388601838039e-01
-8.380727932654620460e+00 -1.500000000000000000e+01 -1.961657742876148636e-01
3.860000000000000320e+00 -1.500000000000000000e+01 0.000000000000000000e+00
1.158999999999999986e+01 -1.500000000000000000e+01 -1.646010708548621526e+00
-1.158999999999999986e+01 -5.000000000000000000e+00 -3.138652388601838039e-01
-8.380727932654620460e+00 -5.000000000000000000e+00 -1.961657742876148636e-01
3.860000000000000320e+00 -5.000000000000000000e+00 0.000000000000000000e+00
1.158999999999999986e+01 -5.000000000000000000e+00 -1.646010708548621526e+00
-1.158999999999999986e+01 5.000000000000000000e+00 -5.884973228628446185e-01
-8.380727932654620460e+00 5.000000000000000000e+00 -3.923315485752297271e-01
3.860000000000000320e+00 5.000000000000000000e+00 0.000000000000000000e+00
1.158999999999999986e+01 5.000000000000000000e+00 -2.823005354274310541e+00
-1.158999999999999986e+01 1.500000000000000000e+01 -7.846630971504595098e-02
-8.380727932654620460e+00 1.500000000000000000e+01 -3.923315485752297271e-01
3.860000000000000320e+00 1.500000000000000000e+01 0.000000000000000000e+00
1.158999999999999986e+01 1.500000000000000000e+01 -4.000000000000000000e+00
