-1.158999999999999986e+01 -1.500000000000000000e+01 -1.099794582797719134e+00
-1.047036951235466162e+01 -1.500000000000000000e+01 -1.406570964378563715e-01
3.859999999999999876e+00 -1.500000000000000000e+01 0.000000000000000000e+00
1.158999999999999986e+01 -1.500000000000000000e+01 -2.531827735881414743e+00
-1.158999999999999986e+01 -5.000000000000000000e+00 -1.099794582797719134e+00
-1.047036951235466162e+01 -5.000000000000000000e+00 -1.406570964378563715e-01
3.859999999999999876e+00 -5.000000000000000000e+00 0.000000000000000000e+00
1.158999999999999986e+01 -5.000000000000000000e+00 -2.531827735881414743e+00
-1.158999999999999986e+01 5.000000000000000000e+00 -1.734086132059292851e+00
-1.047036951235466162e+01 5.000000000000000000e+00 -2.813141928757127430e-01
3.859999999999999876e+00 5.000000000000000000e+00 0.000000000000000000e+00
1.158999999999999986e+01 5.000000000000000000e+00 -1.969199350129989146e+00
-1.158999999999999986e+01 1.500000000000000000e+01 -1.805749295569440527e+00
-1.047036951235466162e+01 1.500000000000000000e+01 -2.813141928757127430e-01
3.859999999999999876e+00 1.500000000000000000e+01 0.000000000000000000e+00
1.158999999999999986e+01 1.500000000000000000e+01 -1.406570964378563771e+00
