-1.158999999999999986e+01 -1.500000000000000000e+01 -7.781680057612461177e-01
-7.719547536678057043e+00 -1.500000000000000000e+01 -2.237383329332467974e-01
3.859999999999999876e+00 -1.500000000000000000e+01 -5.252333413350640523e-02
1.158999999999999986e+01 -1.500000000000000000e+01 -2.894953331732987412e+00
-1.158999999999999986e+01 -5.000000000000000000e+00 -6.205980033607269020e-01
-7.719547536678057043e+00 -5.000000000000000000e+00 -2.237383329332467974e-01
3.859999999999999876e+00 -5.000000000000000000e+00 -5.252333413350640523e-02
1.158999999999999986e+01 -5.000000000000000000e+00 -2.816168330532727637e+00
-1.158999999999999986e+01 5.000000000000000000e+00 -7.762616670667532581e-01
-7.719547536678057043e+00 5.000000000000000000e+00 -4.474766658664935948e-01
3.859999999999999876e+00 5.000000000000000000e+00 -2.626166706675320262e-02
1.158999999999999986e+01 5.000000000000000000e+00 -2.816168330532727637e+00
-1.158999999999999986e+01 1.500000000000000000e+01 -1.945420014403115294e-01
-7.719547536678057043e+00 1.500000000000000000e+01 -4.474766658664935948e-01
3.859999999999999876e+00 1.500000000000000000e+01 -2.626166706675320262e-02
1.158999999999999986e+01 1.500000000000000000e+01 -2.894953331732987412e+00
