-1.158999999999999986e+01 -1.500000000000000000e+01 -3.386684080840256517e-01
-8.127115527340837531e+00 -1.500000000000000000e+01 -2.116677550525160323e-01
3.859999999999999876e+00 -1.500000000000000000e+01 0.000000000000000000e+00
1.158999999999999986e+01 -1.500000000000000000e+01 -2.306657959579871964e+00
-1.158999999999999986e+01 -5.000000000000000000e+00 -3.386684080840256517e-01
-8.127115527340837531e+00 -5.000000000000000000e+00 -2.116677550525160323e-01
3.859999999999999876e+00 -5.000000000000000000e+00 0.000000000000000000e+00
1.158999999999999986e+01 -5.000000000000000000e+00 -2.306657959579871964e+00
-1.158999999999999986e+01 5.000000000000000000e+00 -6.350032651575481246e-01
-8.127115527340837531e+00 5.000000000000000000e+00 -4.233355101050320646e-01
3.859999999999999876e+00 5.000000000000000000e+00 0.000000000000000000e+00
1.158999999999999986e+01 5.000000000000000000e+00 -2.729993469684903751e+00
-1.158999999999999986e+01 1.500000000000000000e+01 -8.466710202100641292e-02
-8.127115527340837531e+00 1.500000000000000000e+01 -4.233355101050320646e-01
3.859999999999999876e+00 1.500000000000000000e+01 0.000000000000000000e+00
1.158999999999999986e+01 1.500000000000000000e+01 -4.000000000000000000e+00
