-1.158999999999999986e+01 -1.500000000000000000e+01 -3.220488791300174292e+00
-9.979755604349913156e+00 -1.500000000000000000e+01 0.000000000000000000e+00
3.859999999999999876e+00 -1.500000000000000000e+01 0.000000000000000000e+00
1.158999999999999986e+01 -1.500000000000000000e+01 -7.795112086998257084e-01
-1.158999999999999986e+01 -5.000000000000000000e+00 -2.012805494562608821e+00
-9.979755604349913156e+00 -5.000000000000000000e+00 0.000000000000000000e+00
3.859999999999999876e+00 -5.000000000000000000e+00 0.000000000000000000e+00
1.158999999999999986e+01 -5.000000000000000000e+00 -7.795112086998257084e-01
-1.158999999999999986e+01 5.000000000000000000e+00 -8.051221978250435729e-01
-9.979755604349913156e+00 5.000000000000000000e+00 0.000000000000000000e+00
3.859999999999999876e+00 5.000000000000000000e+00 0.000000000000000000e+00
1.158999999999999986e+01 5.000000000000000000e+00 -7.795112086998257084e-01
-1.158999999999999986e+01 1.500000000000000000e+01 -8.051221978250435729e-01
-9.979755604349913156e+00 1.500000000000000000e+01 0.000000000000000000e+00
3.859999999999999876e+00 1.500000000000000000e+01 0.000000000000000000e+00
1.158999999999999986e+01 1.500000000000000000e+01 -7.795112086998257084e-01
