-1.158999999999999986e+01 -1.500000000000000000e+01 -4.504682304162334061e-01
-9.627897716257862726e+00 -1.500000000000000000e+01 -2.464952617766504595e-01
3.859999999999999876e+00 -1.500000000000000000e+01 0.000000000000000000e+00
1.158999999999999986e+01 -1.500000000000000000e+01 -4.464952617766503984e+00
-1.158999999999999986e+01 -5.000000000000000000e+00 -4.504682304162334061e-01
-9.627897716257862726e+00 -5.000000000000000000e+00 -2.464952617766504595e-01
3.859999999999999876e+00 -5.000000000000000000e+00 0.000000000000000000e+00
1.158999999999999986e+01 -5.000000000000000000e+00 -4.464952617766503984e+00
-1.158999999999999986e+01 5.000000000000000000e+00 -7.955615969035439994e-01
-9.627897716257862726e+00 5.000000000000000000e+00 -4.929905235533009189e-01
3.859999999999999876e+00 5.000000000000000000e+00 0.000000000000000000e+00
1.158999999999999986e+01 5.000000000000000000e+00 -3.478971570659902923e+00
-1.158999999999999986e+01 1.500000000000000000e+01 -1.546739162842528381e-01
-9.627897716257862726e+00 1.500000000000000000e+01 -4.929905235533009189e-01
3.859999999999999876e+00 1.500000000000000000e+01 0.000000000000000000e+00
1.158999999999999986e+01 1.500000000000000000e+01 -2.492990523553300974e+00
