-1.153355845362687404e+01 -1.500000000000000000e+01 -1.887116907253747922e+00
-9.702883092746251492e+00 -1.500000000000000000e+01 -4.717792268134369804e-01
3.859999999999999876e+00 -1.500000000000000000e+01 0.000000000000000000e+00
1.158999999999999986e+01 -1.500000000000000000e+01 -4.000000000000000000e+00
-1.158999999999999986e+01 -5.000000000000000000e+00 -1.179448067033592507e+00
-9.702883092746251492e+00 -5.000000000000000000e+00 -4.717792268134369804e-01
3.859999999999999876e+00 -5.000000000000000000e+00 0.000000000000000000e+00
1.158999999999999986e+01 -5.000000000000000000e+00 -2.584662319559689170e+00
-1.164644154637312745e+01 5.000000000000000000e+00 -1.179448067033592507e+00
-9.702883092746251492e+00 5.000000000000000000e+00 -2.358896134067184902e-01
3.859999999999999876e+00 5.000000000000000000e+00 0.000000000000000000e+00
1.158999999999999986e+01 5.000000000000000000e+00 -1.169324639119378118e+00
-1.164644154637312745e+01 1.500000000000000000e+01 -1.887116907253747922e+00
-9.702883092746251492e+00 1.500000000000000000e+01 -2.358896134067184902e-01
3.859999999999999876e+00 1.500000000000000000e+01 0.000000000000000000e+00
1.158999999999999986e+01 1.500000000000000000e+01 -1.169324639119378118e+00
