-1.158999999999999986e+01 -1.500000000000000000e+01 -2.472799630802869908e-01
-9.700451716842527716e+00 -1.500000000000000000e+01 0.000000000000000000e+00
3.859999999999999876e+00 -1.500000000000000000e+01 -1.373777572668261060e-02
1.158999999999999986e+01 -1.500000000000000000e+01 -9.670293382559617124e-01
-1.158999999999999986e+01 -5.000000000000000000e+00 -2.472799630802869908e-01
-9.700451716842527716e+00 -5.000000000000000000e+00 0.000000000000000000e+00
3.859999999999999876e+00 -5.000000000000000000e+00 -1.373777572668261060e-02
1.158999999999999986e+01 -5.000000000000000000e+00 -9.670293382559617124e-01
-1.158999999999999986e+01 5.000000000000000000e+00 -1.923288601735565484e-01
-9.700451716842527716e+00 5.000000000000000000e+00 0.000000000000000000e+00
3.859999999999999876e+00 5.000000000000000000e+00 -2.747555145336522120e-02
1.158999999999999986e+01 5.000000000000000000e+00 -2.403835569913221892e+00
-1.158999999999999986e+01 1.500000000000000000e+01 -1.373777572668261060e-01
-9.700451716842527716e+00 1.500000000000000000e+01 0.000000000000000000e+00
3.859999999999999876e+00 1.500000000000000000e+01 -2.747555145336522120e-02
1.158999999999999986e+01 1.500000000000000000e+01 -3.785690698663751075e+00
