-1.129364841113468287e+01 -1.500000000000000000e+01 -1.185406355461263050e+00
-1.018270317773063027e+01 -1.500000000000000000e+01 0.000000000000000000e+00
3.859999999999999432e+00 -1.500000000000000000e+01 0.000000000000000000e+00
1.158999999999999986e+01 -1.500000000000000000e+01 -7.036484111346842374e-01
-1.158999999999999986e+01 -5.000000000000000000e+00 -1.185406355461263050e+00
-1.018270317773063027e+01 -5.000000000000000000e+00 0.000000000000000000e+00
3.859999999999999432e+00 -5.000000000000000000e+00 0.000000000000000000e+00
1.158999999999999986e+01 -5.000000000000000000e+00 -7.036484111346842374e-01
-1.188635158886531507e+01 5.000000000000000000e+00 -1.185406355461263050e+00
-1.018270317773063027e+01 5.000000000000000000e+00 0.000000000000000000e+00
3.859999999999999432e+00 5.000000000000000000e+00 0.000000000000000000e+00
1.158999999999999986e+01 5.000000000000000000e+00 -1.759121027836710649e+00
-1.188635158886531507e+01 1.500000000000000000e+01 -1.185406355461263050e+00
-1.018270317773063027e+01 1.500000000000000000e+01 0.000000000000000000e+00
3.859999999999999432e+00 1.500000000000000000e+01 0.000000000000000000e+00
1.158999999999999986e+01 1.500000000000000000e+01 -2.814593644538736950e+00
