-1.158999999999999986e+01 -1.500000000000000000e+01 -9.897482996702674507e-01
-7.535710089481901797e+00 -1.500000000000000000e+01 -4.271541804055228875e-03
3.859999999999999876e+00 -1.500000000000000000e+01 -2.457284581959447711e-01
1.158999999999999986e+01 -1.500000000000000000e+01 -4.102517003297325715e-01
-1.158999999999999986e+01 -5.000000000000000000e+00 -9.897482996702674507e-01
-7.535710089481901797e+00 -5.000000000000000000e+00 -4.271541804055228875e-03
3.859999999999999876e+00 -5.000000000000000000e+00 -2.457284581959447711e-01
1.158999999999999986e+01 -5.000000000000000000e+00 -4.102517003297325715e-01
-1.158999999999999986e+01 5.000000000000000000e+00 -2.470099207371613481e+00
-7.535710089481901797e+00 5.000000000000000000e+00 -8.543083608110457750e-03
3.859999999999999876e+00 5.000000000000000000e+00 -4.914569163918895423e-01
1.158999999999999986e+01 5.000000000000000000e+00 -7.799007926283865189e-01
-1.158999999999999986e+01 1.500000000000000000e+01 -3.933363947856738374e+00
-7.535710089481901797e+00 1.500000000000000000e+01 -8.543083608110457750e-03
3.859999999999999876e+00 1.500000000000000000e+01 -4.914569163918895423e-01
1.158999999999999986e+01 1.500000000000000000e+01 -1.666360521432615760e-01
