-1.158999999999999986e+01 -1.500000000000000000e+01 -3.128980417755670373e+00
-1.071898041775567023e+01 -1.500000000000000000e+01 -2.177548955610824621e-01
3.859999999999999876e+00 -1.500000000000000000e+01 0.000000000000000000e+00
1.158999999999999986e+01 -1.500000000000000000e+01 -1.742039164488659697e+00
-1.158999999999999986e+01 -5.000000000000000000e+00 -2.802348074414046319e+00
-1.071898041775567023e+01 -5.000000000000000000e+00 -2.177548955610824621e-01
3.859999999999999876e+00 -5.000000000000000000e+00 0.000000000000000000e+00
1.158999999999999986e+01 -5.000000000000000000e+00 -1.088774477805412255e+00
-1.158999999999999986e+01 5.000000000000000000e+00 -2.802348074414046319e+00
-1.071898041775567023e+01 5.000000000000000000e+00 -1.088774477805412311e-01
3.859999999999999876e+00 5.000000000000000000e+00 0.000000000000000000e+00
1.158999999999999986e+01 5.000000000000000000e+00 -4.355097911221649243e-01
-1.158999999999999986e+01 1.500000000000000000e+01 -3.128980417755670373e+00
-1.071898041775567023e+01 1.500000000000000000e+01 -1.088774477805412311e-01
3.859999999999999876e+00 1.500000000000000000e+01 0.000000000000000000e+00
1.158999999999999986e+01 1.500000000000000000e+01 -4.355097911221649243e-01
