-1.158999999999999986e+01 -1.500000000000000000e+01 -2.772335902037712962e+00
-8.307091017629410601e+00 -1.500000000000000000e+01 0.000000000000000000e+00
3.860000000000000320e+00 -1.500000000000000000e+01 -1.534580122452858797e-01
1.158999999999999986e+01 -1.500000000000000000e+01 -2.455328195924574297e-01
-1.158999999999999986e+01 -5.000000000000000000e+00 -2.193083975509428463e+00
-8.307091017629410601e+00 -5.000000000000000000e+00 0.000000000000000000e+00
3.860000000000000320e+00 -5.000000000000000000e+00 -1.534580122452858797e-01
1.158999999999999986e+01 -5.000000000000000000e+00 -2.455328195924574297e-01
-1.158999999999999986e+01 5.000000000000000000e+00 -1.920748073471715278e+00
-8.307091017629410601e+00 5.000000000000000000e+00 0.000000000000000000e+00
3.860000000000000320e+00 5.000000000000000000e+00 -3.069160244905717594e-01
1.158999999999999986e+01 5.000000000000000000e+00 -4.603740367358576391e-01
-1.158999999999999986e+01 1.500000000000000000e+01 -2.841496146943430556e+00
-8.307091017629410601e+00 1.500000000000000000e+01 0.000000000000000000e+00
3.860000000000000320e+00 1.500000000000000000e+01 -3.069160244905717594e-01
1.158999999999999986e+01 1.500000000000000000e+01 -6.138320489811435743e-02
