-1.204954117769438149e+01 -1.500000000000000000e+01 -5.404588223056187024e-01
-1.050908235538876312e+01 -1.500000000000000000e+01 0.000000000000000000e+00
3.859999999999999876e+00 -1.500000000000000000e+01 0.000000000000000000e+00
1.158999999999999986e+01 -1.500000000000000000e+01 -1.838164710777525190e+00
-1.204954117769438149e+01 -5.000000000000000000e+00 -5.404588223056187024e-01
-1.050908235538876312e+01 -5.000000000000000000e+00 0.000000000000000000e+00
3.859999999999999876e+00 -5.000000000000000000e+00 0.000000000000000000e+00
1.158999999999999986e+01 -5.000000000000000000e+00 -1.838164710777525190e+00
-1.204954117769438149e+01 5.000000000000000000e+00 -1.351147055764046812e+00
-1.050908235538876312e+01 5.000000000000000000e+00 0.000000000000000000e+00
3.859999999999999876e+00 5.000000000000000000e+00 0.000000000000000000e+00
1.158999999999999986e+01 5.000000000000000000e+00 -1.838164710777525190e+00
-1.204954117769438149e+01 1.500000000000000000e+01 -2.161835289222474810e+00
-1.050908235538876312e+01 1.500000000000000000e+01 0.000000000000000000e+00
3.859999999999999876e+00 1.500000000000000000e+01 0.000000000000000000e+00
1.158999999999999986e+01 1.500000000000000000e+01 -1.838164710777525190e+00
