-1.158999999999999986e+01 -1.500000000000000000e+01 -3.907024656421277164e+00
-1.159025826484327304e+01 -1.500000000000000000e+01 -6.456621081855767885e-03
3.859999999999999876e+00 -1.500000000000000000e+01 0.000000000000000000e+00
1.158999999999999986e+01 -1.500000000000000000e+01 -2.064566210818557845e+00
-1.158999999999999986e+01 -5.000000000000000000e+00 -3.907024656421277164e+00
-1.159025826484327304e+01 -5.000000000000000000e+00 -6.456621081855767885e-03
3.859999999999999876e+00 -5.000000000000000000e+00 0.000000000000000000e+00
1.158999999999999986e+01 -5.000000000000000000e+00 -2.064566210818557845e+00
-1.158999999999999986e+01 5.000000000000000000e+00 -3.916063925935874934e+00
-1.159025826484327304e+01 5.000000000000000000e+00 -1.291324216371153577e-02
3.859999999999999876e+00 5.000000000000000000e+00 0.000000000000000000e+00
1.158999999999999986e+01 5.000000000000000000e+00 -2.038739726491134441e+00
-1.158999999999999986e+01 1.500000000000000000e+01 -3.899276711123050188e+00
-1.159025826484327304e+01 1.500000000000000000e+01 -1.291324216371153577e-02
3.859999999999999876e+00 1.500000000000000000e+01 0.000000000000000000e+00
1.158999999999999986e+01 1.500000000000000000e+01 -2.012913242163711480e+00
