-1.158999999999999986e+01 -1.500000000000000000e+01 -7.885075625713625080e-02
-1.159197126890642870e+01 -1.500000000000000000e+01 -4.928172266071015328e-02
3.859999999999999876e+00 -1.500000000000000000e+01 0.000000000000000000e+00
1.158999999999999986e+01 -1.500000000000000000e+01 -2.492817226607101588e+00
-1.158999999999999986e+01 -5.000000000000000000e+00 -7.885075625713625080e-02
-1.159197126890642870e+01 -5.000000000000000000e+00 -4.928172266071015328e-02
3.859999999999999876e+00 -5.000000000000000000e+00 0.000000000000000000e+00
1.158999999999999986e+01 -5.000000000000000000e+00 -2.492817226607101588e+00
-1.158999999999999986e+01 5.000000000000000000e+00 -1.478451679821304598e-01
-1.159197126890642870e+01 5.000000000000000000e+00 -9.856344532142030657e-02
3.859999999999999876e+00 5.000000000000000000e+00 0.000000000000000000e+00
1.158999999999999986e+01 5.000000000000000000e+00 -3.098563445321420140e+00
-1.158999999999999986e+01 1.500000000000000000e+01 -1.971268906428406270e-02
-1.159197126890642870e+01 1.500000000000000000e+01 -9.856344532142030657e-02
3.859999999999999876e+00 1.500000000000000000e+01 0.000000000000000000e+00
1.158999999999999986e+01 1.500000000000000000e+01 -3.704309664035739136e+00
