-1.158999999999999986e+01 -1.500000000000000000e+01 -1.439416662739979147e+00
-1.159350364585787574e+01 -1.500000000000000000e+01 -8.759114644687826523e-02
3.859999999999999432e+00 -1.500000000000000000e+01 0.000000000000000000e+00
1.158999999999999986e+01 -1.500000000000000000e+01 -4.175182292893756753e+00
-1.158999999999999986e+01 -5.000000000000000000e+00 -1.439416662739979147e+00
-1.159350364585787574e+01 -5.000000000000000000e+00 -8.759114644687826523e-02
3.859999999999999432e+00 -5.000000000000000000e+00 0.000000000000000000e+00
1.158999999999999986e+01 -5.000000000000000000e+00 -4.175182292893756753e+00
-1.158999999999999986e+01 5.000000000000000000e+00 -1.562044267765608563e+00
-1.159350364585787574e+01 5.000000000000000000e+00 -1.751822928937565305e-01
3.859999999999999432e+00 5.000000000000000000e+00 0.000000000000000000e+00
1.158999999999999986e+01 5.000000000000000000e+00 -3.824817707106243247e+00
-1.158999999999999986e+01 1.500000000000000000e+01 -1.334307287003725140e+00
-1.159350364585787574e+01 1.500000000000000000e+01 -1.751822928937565305e-01
3.859999999999999432e+00 1.500000000000000000e+01 0.000000000000000000e+00
1.158999999999999986e+01 1.500000000000000000e+01 -3.474453121318730631e+00
