-1.158999999999999986e+01 -1.500000000000000000e+01 -3.481243286393645775e+00
-1.100063473370833655e+01 -1.500000000000000000e+01 -3.602477177821902798e-02
3.859999999999999432e+00 -1.500000000000000000e+01 0.000000000000000000e+00
1.158999999999999986e+01 -1.500000000000000000e+01 -4.322972613386283358e-01
-1.158999999999999986e+01 -5.000000000000000000e+00 -3.481243286393645775e+00
-1.100063473370833655e+01 -5.000000000000000000e+00 -3.602477177821902798e-02
3.859999999999999432e+00 -5.000000000000000000e+00 0.000000000000000000e+00
1.158999999999999986e+01 -5.000000000000000000e+00 -4.322972613386283358e-01
-1.158999999999999986e+01 5.000000000000000000e+00 -3.531677966883152830e+00
-1.100063473370833655e+01 5.000000000000000000e+00 -7.204954355643805597e-02
3.859999999999999432e+00 5.000000000000000000e+00 0.000000000000000000e+00
1.158999999999999986e+01 5.000000000000000000e+00 -4.322972613386283358e-01
-1.158999999999999986e+01 1.500000000000000000e+01 -3.438013560259783219e+00
-1.100063473370833655e+01 1.500000000000000000e+01 -7.204954355643805597e-02
3.859999999999999432e+00 1.500000000000000000e+01 0.000000000000000000e+00
1.158999999999999986e+01 1.500000000000000000e+01 -4.322972613386283358e-01
