-1.158999999999999986e+01 -1.500000000000000000e+01 -2.336746531831425333e+00
-9.589999999999999858e+00 -1.500000000000000000e+01 0.000000000000000000e+00
3.859999999999999876e+00 -1.500000000000000000e+01 -1.386044556807145556e-01
1.158999999999999986e+01 -1.500000000000000000e+01 -2.217671290891433111e-01
-1.158999999999999986e+01 -5.000000000000000000e+00 -1.668373265915712667e+00
-9.589999999999999858e+00 -5.000000000000000000e+00 0.000000000000000000e+00
3.859999999999999876e+00 -5.000000000000000000e+00 -1.386044556807145556e-01
1.158999999999999986e+01 -5.000000000000000000e+00 -2.217671290891433111e-01
-1.158999999999999986e+01 5.000000000000000000e+00 -1.831626734084287333e+00
-9.589999999999999858e+00 5.000000000000000000e+00 0.000000000000000000e+00
3.859999999999999876e+00 5.000000000000000000e+00 -2.772089113614291112e-01
1.158999999999999986e+01 5.000000000000000000e+00 -4.158133670421436667e-01
-1.158999999999999986e+01 1.500000000000000000e+01 -2.663253468168574667e+00
-9.589999999999999858e+00 1.500000000000000000e+01 0.000000000000000000e+00
3.859999999999999876e+00 1.500000000000000000e+01 -2.772089113614291112e-01
1.158999999999999986e+01 1.500000000000000000e+01 -5.544178227228582778e-02
