-1.158999999999999986e+01 -1.500000000000000000e+01 -4.000000000000000000e+00
-9.589999999999999858e+00 -1.500000000000000000e+01 0.000000000000000000e+00
3.860000000000000320e+00 -1.500000000000000000e+01 -5.656536699062325591e-02
1.158999999999999986e+01 -1.500000000000000000e+01 -2.262614679624930236e-01
-1.158999999999999986e+01 -5.000000000000000000e+00 -2.500000000000000000e+00
-9.589999999999999858e+00 -5.000000000000000000e+00 0.000000000000000000e+00
3.860000000000000320e+00 -5.000000000000000000e+00 -5.656536699062325591e-02
1.158999999999999986e+01 -5.000000000000000000e+00 -1.414134174765581398e-01
-1.158999999999999986e+01 5.000000000000000000e+00 -1.000000000000000000e+00
-9.589999999999999858e+00 5.000000000000000000e+00 0.000000000000000000e+00
3.860000000000000320e+00 5.000000000000000000e+00 -2.828268349531162795e-02
1.158999999999999986e+01 5.000000000000000000e+00 -1.414134174765581398e-01
-1.158999999999999986e+01 1.500000000000000000e+01 -1.000000000000000000e+00
-9.589999999999999858e+00 1.500000000000000000e+01 0.000000000000000000e+00
3.860000000000000320e+00 1.500000000000000000e+01 -2.828268349531162795e-02
1.158999999999999986e+01 1.500000000000000000e+01 -2.262614679624930236e-01
