-1.158999999999999986e+01 -1.500000000000000000e+01 -1.107429667645764698e-01
-1.103905374034623144e+01 -1.500000000000000000e+01 -6.921435422786029190e-02
3.859999999999999876e+00 -1.500000000000000000e+01 0.000000000000000000e+00
1.158999999999999986e+01 -1.500000000000000000e+01 -4.138428708455720084e+00
-1.158999999999999986e+01 -5.000000000000000000e+00 -1.107429667645764698e-01
-1.103905374034623144e+01 -5.000000000000000000e+00 -6.921435422786029190e-02
3.859999999999999876e+00 -5.000000000000000000e+00 0.000000000000000000e+00
1.158999999999999986e+01 -5.000000000000000000e+00 -4.138428708455720084e+00
-1.158999999999999986e+01 5.000000000000000000e+00 -2.076430626835808757e-01
-1.103905374034623144e+01 5.000000000000000000e+00 -1.384287084557205838e-01
3.859999999999999876e+00 5.000000000000000000e+00 0.000000000000000000e+00
1.158999999999999986e+01 5.000000000000000000e+00 -3.861571291544279472e+00
-1.158999999999999986e+01 1.500000000000000000e+01 -2.768574169114411745e-02
-1.103905374034623144e+01 1.500000000000000000e+01 -1.384287084557205838e-01
3.859999999999999876e+00 1.500000000000000000e+01 0.000000000000000000e+00
1.158999999999999986e+01 1.500000000000000000e+01 -3.584713874632837971e+00
