-1.069254312761866643e+01 -1.500000000000000000e+01 -3.589827489525330595e+00
-1.138491374476266671e+01 -1.500000000000000000e+01 0.000000000000000000e+00
3.860000000000000320e+00 -1.500000000000000000e+01 0.000000000000000000e+00
1.158999999999999986e+01 -1.500000000000000000e+01 -4.101725104746694051e-01
-1.158999999999999986e+01 -5.000000000000000000e+00 -3.589827489525330595e+00
-1.138491374476266671e+01 -5.000000000000000000e+00 0.000000000000000000e+00
3.860000000000000320e+00 -5.000000000000000000e+00 0.000000000000000000e+00
1.158999999999999986e+01 -5.000000000000000000e+00 -2.563578190466683782e-01
-1.248745687238133151e+01 5.000000000000000000e+00 -3.589827489525330595e+00
-1.138491374476266671e+01 5.000000000000000000e+00 0.000000000000000000e+00
3.860000000000000320e+00 5.000000000000000000e+00 0.000000000000000000e+00
1.158999999999999986e+01 5.000000000000000000e+00 -1.025431276186673513e-01
-1.248745687238133151e+01 1.500000000000000000e+01 -3.589827489525330595e+00
-1.138491374476266671e+01 1.500000000000000000e+01 0.000000000000000000e+00
3.860000000000000320e+00 1.500000000000000000e+01 0.000000000000000000e+00
1.158999999999999986e+01 1.500000000000000000e+01 -1.025431276186673513e-01
