-1.200322590782448628e+01 -1.500000000000000000e+01 0.000000000000000000e+00
-1.041645181564897271e+01 -1.500000000000000000e+01 0.000000000000000000e+00
3.860000000000000320e+00 -1.500000000000000000e+01 0.000000000000000000e+00
1.158999999999999986e+01 -1.500000000000000000e+01 -4.000000000000000000e+00
-1.200322590782448628e+01 -5.000000000000000000e+00 0.000000000000000000e+00
-1.041645181564897271e+01 -5.000000000000000000e+00 0.000000000000000000e+00
3.860000000000000320e+00 -5.000000000000000000e+00 0.000000000000000000e+00
1.158999999999999986e+01 -5.000000000000000000e+00 -3.119838861736730529e+00
-1.200322590782448628e+01 5.000000000000000000e+00 0.000000000000000000e+00
-1.041645181564897271e+01 5.000000000000000000e+00 0.000000000000000000e+00
3.860000000000000320e+00 5.000000000000000000e+00 0.000000000000000000e+00
1.158999999999999986e+01 5.000000000000000000e+00 -2.239677723473461057e+00
-1.200322590782448628e+01 1.500000000000000000e+01 0.000000000000000000e+00
-1.041645181564897271e+01 1.500000000000000000e+01 0.000000000000000000e+00
3.860000000000000320e+00 1.500000000000000000e+01 0.000000000000000000e+00
1.158999999999999986e+01 1.500000000000000000e+01 -2.239677723473461057e+00
