-1.087036732184125221e+01 -1.500000000000000000e+01 -3.158898034476242067e+00
-1.102926535631749516e+01 -1.500000000000000000e+01 0.000000000000000000e+00
3.859999999999999876e+00 -1.500000000000000000e+01 -7.009183046031314257e-02
1.158999999999999986e+01 -1.500000000000000000e+01 -1.121469287365010337e-01
-1.158999999999999986e+01 -5.000000000000000000e+00 -3.158898034476242067e+00
-1.102926535631749516e+01 -5.000000000000000000e+00 0.000000000000000000e+00
3.859999999999999876e+00 -5.000000000000000000e+00 -7.009183046031314257e-02
1.158999999999999986e+01 -5.000000000000000000e+00 -1.121469287365010337e-01
-1.230963267815874751e+01 5.000000000000000000e+00 -3.579449017238121034e+00
-1.102926535631749516e+01 5.000000000000000000e+00 0.000000000000000000e+00
3.859999999999999876e+00 5.000000000000000000e+00 -1.401836609206262851e-01
1.158999999999999986e+01 5.000000000000000000e+00 -2.102754913809394277e-01
-1.230963267815874751e+01 1.500000000000000000e+01 -4.000000000000000000e+00
-1.102926535631749516e+01 1.500000000000000000e+01 0.000000000000000000e+00
3.859999999999999876e+00 1.500000000000000000e+01 -1.401836609206262851e-01
1.158999999999999986e+01 1.500000000000000000e+01 -2.803673218412525842e-02
