-1.158999999999999986e+01 -1.500000000000000000e+01 -1.460925819171212225e+00
-1.105092581917121208e+01 -1.500000000000000000e+01 0.000000000000000000e+00
3.860000000000000320e+00 -1.500000000000000000e+01 0.000000000000000000e+00
1.158999999999999986e+01 -1.500000000000000000e+01 -1.078148361657575549e+00
-1.158999999999999986e+01 -5.000000000000000000e+00 -1.460925819171212225e+00
-1.105092581917121208e+01 -5.000000000000000000e+00 0.000000000000000000e+00
3.860000000000000320e+00 -5.000000000000000000e+00 0.000000000000000000e+00
1.158999999999999986e+01 -5.000000000000000000e+00 -6.738427260359847182e-01
-1.158999999999999986e+01 5.000000000000000000e+00 -2.191388728756818338e+00
-1.105092581917121208e+01 5.000000000000000000e+00 0.000000000000000000e+00
3.860000000000000320e+00 5.000000000000000000e+00 0.000000000000000000e+00
1.158999999999999986e+01 5.000000000000000000e+00 -2.695370904143938873e-01
-1.158999999999999986e+01 1.500000000000000000e+01 -2.921851638342424451e+00
-1.105092581917121208e+01 1.500000000000000000e+01 0.000000000000000000e+00
3.860000000000000320e+00 1.500000000000000000e+01 0.000000000000000000e+00
1.158999999999999986e+01 1.500000000000000000e+01 -2.695370904143938873e-01
