-1.158999999999999986e+01 -1.500000000000000000e+01 -3.606519401369589595e+00
-1.108688685621510750e+01 -1.500000000000000000e+01 0.000000000000000000e+00
3.859999999999999876e+00 -1.500000000000000000e+01 -1.861799572406849790e-01
1.158999999999999986e+01 -1.500000000000000000e+01 -2.978879315850959664e-01
-1.158999999999999986e+01 -5.000000000000000000e+00 -3.606519401369589595e+00
-1.108688685621510750e+01 -5.000000000000000000e+00 0.000000000000000000e+00
3.859999999999999876e+00 -5.000000000000000000e+00 -1.861799572406849790e-01
1.158999999999999986e+01 -5.000000000000000000e+00 -2.978879315850959664e-01
-1.158999999999999986e+01 5.000000000000000000e+00 -3.244719828962739694e+00
-1.108688685621510750e+01 5.000000000000000000e+00 0.000000000000000000e+00
3.859999999999999876e+00 5.000000000000000000e+00 -3.723599144813699580e-01
1.158999999999999986e+01 5.000000000000000000e+00 -5.585398717220548814e-01
-1.158999999999999986e+01 1.500000000000000000e+01 -2.882920256555890237e+00
-1.108688685621510750e+01 1.500000000000000000e+01 0.000000000000000000e+00
3.859999999999999876e+00 1.500000000000000000e+01 -3.723599144813699580e-01
1.158999999999999986e+01 1.500000000000000000e+01 -7.447198289627399159e-02
