-1.158999999999999986e+01 -1.500000000000000000e+01 -2.801658073381740888e-01
-1.099783318187432535e+01 -1.500000000000000000e+01 -1.751036295863588055e-01
3.860000000000000320e+00 -1.500000000000000000e+01 0.000000000000000000e+00
1.158999999999999986e+01 -1.500000000000000000e+01 -3.451450814209023221e+00
-1.158999999999999986e+01 -5.000000000000000000e+00 -2.801658073381740888e-01
-1.099783318187432535e+01 -5.000000000000000000e+00 -1.751036295863588055e-01
3.860000000000000320e+00 -5.000000000000000000e+00 0.000000000000000000e+00
1.158999999999999986e+01 -5.000000000000000000e+00 -3.451450814209023221e+00
-1.158999999999999986e+01 5.000000000000000000e+00 -5.253108887590763887e-01
-1.099783318187432535e+01 5.000000000000000000e+00 -3.502072591727176110e-01
3.860000000000000320e+00 5.000000000000000000e+00 0.000000000000000000e+00
1.158999999999999986e+01 5.000000000000000000e+00 -3.200414518345435333e+00
-1.158999999999999986e+01 1.500000000000000000e+01 -7.004145183454352219e-02
-1.099783318187432535e+01 1.500000000000000000e+01 -3.502072591727176110e-01
3.860000000000000320e+00 1.500000000000000000e+01 0.000000000000000000e+00
1.158999999999999986e+01 1.500000000000000000e+01 -2.949378222481847445e+00
