-1.158999999999999986e+01 -1.500000000000000000e+01 -2.498435911933395204e+00
-9.884056355502107039e+00 -1.500000000000000000e+01 -1.042752838935142312e-01
3.859999999999999432e+00 -1.500000000000000000e+01 0.000000000000000000e+00
1.158999999999999986e+01 -1.500000000000000000e+01 -2.417101135574056592e+00
-1.158999999999999986e+01 -5.000000000000000000e+00 -2.498435911933395204e+00
-9.884056355502107039e+00 -5.000000000000000000e+00 -1.042752838935142312e-01
3.859999999999999432e+00 -5.000000000000000000e+00 0.000000000000000000e+00
1.158999999999999986e+01 -5.000000000000000000e+00 -2.417101135574056592e+00
-1.158999999999999986e+01 5.000000000000000000e+00 -2.644421309384314966e+00
-9.884056355502107039e+00 5.000000000000000000e+00 -2.085505677870284624e-01
3.859999999999999432e+00 5.000000000000000000e+00 0.000000000000000000e+00
1.158999999999999986e+01 5.000000000000000000e+00 -2.417101135574056592e+00
-1.158999999999999986e+01 1.500000000000000000e+01 -2.373305571261178137e+00
-9.884056355502107039e+00 1.500000000000000000e+01 -2.085505677870284624e-01
3.859999999999999432e+00 1.500000000000000000e+01 0.000000000000000000e+00
1.158999999999999986e+01 1.500000000000000000e+01 -2.417101135574056592e+00
