-1.158999999999999986e+01 -1.500000000000000000e+01 -4.387357805007719769e+00
-1.159974968401112783e+01 -1.500000000000000000e+01 0.000000000000000000e+00
3.859999999999999876e+00 -1.500000000000000000e+01 -2.437421002782066415e-01
1.158999999999999986e+01 -1.500000000000000000e+01 -4.400505582194775278e-01
-1.158999999999999986e+01 -5.000000000000000000e+00 -4.387357805007719769e+00
-1.159974968401112783e+01 -5.000000000000000000e+00 0.000000000000000000e+00
3.859999999999999876e+00 -5.000000000000000000e+00 -2.437421002782066415e-01
1.158999999999999986e+01 -5.000000000000000000e+00 -4.400505582194775278e-01
-1.158999999999999986e+01 5.000000000000000000e+00 -3.412389403894892759e+00
-1.159974968401112783e+01 5.000000000000000000e+00 0.000000000000000000e+00
3.859999999999999876e+00 5.000000000000000000e+00 -4.874842005564132830e-01
1.158999999999999986e+01 5.000000000000000000e+00 -8.063210974961402266e-01
-1.158999999999999986e+01 1.500000000000000000e+01 -2.437421002782066637e+00
-1.159974968401112783e+01 1.500000000000000000e+01 0.000000000000000000e+00
3.859999999999999876e+00 1.500000000000000000e+01 -4.874842005564132830e-01
1.158999999999999986e+01 1.500000000000000000e+01 -1.976232356599764151e-01
