-1.158999999999999986e+01 -1.500000000000000000e+01 -2.659884579805078531e+00
-7.500000000000000000e+00 -1.500000000000000000e+01 -3.270340578797320541e-02
3.859999999999999432e+00 -1.500000000000000000e+01 -2.172965942120267946e-01
1.158999999999999986e+01 -1.500000000000000000e+01 -4.784881738911357374e-01
-1.158999999999999986e+01 -5.000000000000000000e+00 -2.659884579805078531e+00
-7.500000000000000000e+00 -5.000000000000000000e+00 -3.270340578797320541e-02
3.859999999999999432e+00 -5.000000000000000000e+00 -2.172965942120267946e-01
1.158999999999999986e+01 -5.000000000000000000e+00 -4.784881738911357374e-01
-1.158999999999999986e+01 5.000000000000000000e+00 -2.705669347908240763e+00
-7.500000000000000000e+00 5.000000000000000000e+00 -6.540681157594641082e-02
3.859999999999999432e+00 5.000000000000000000e+00 -4.345931884240535892e-01
1.158999999999999986e+01 5.000000000000000000e+00 -9.789238405158123824e-01
-1.158999999999999986e+01 1.500000000000000000e+01 -2.620640492859510395e+00
-7.500000000000000000e+00 1.500000000000000000e+01 -6.540681157594641082e-02
3.859999999999999432e+00 1.500000000000000000e+01 -4.345931884240535892e-01
1.158999999999999986e+01 1.500000000000000000e+01 -6.101731302923820710e-01
