-1.158999999999999986e+01 -1.500000000000000000e+01 -3.717759651608095073e+00
-1.159687103860643198e+01 -1.500000000000000000e+01 0.000000000000000000e+00
3.860000000000000320e+00 -1.500000000000000000e+01 -1.717759651608095073e-01
1.158999999999999986e+01 -1.500000000000000000e+01 -2.748415442572952339e-01
-1.158999999999999986e+01 -5.000000000000000000e+00 -3.717759651608095073e+00
-1.159687103860643198e+01 -5.000000000000000000e+00 0.000000000000000000e+00
3.860000000000000320e+00 -5.000000000000000000e+00 -1.717759651608095073e-01
1.158999999999999986e+01 -5.000000000000000000e+00 -2.748415442572952339e-01
-1.158999999999999986e+01 5.000000000000000000e+00 -3.343551930321619015e+00
-1.159687103860643198e+01 5.000000000000000000e+00 0.000000000000000000e+00
3.860000000000000320e+00 5.000000000000000000e+00 -3.435519303216190146e-01
1.158999999999999986e+01 5.000000000000000000e+00 -5.153278954824285218e-01
-1.158999999999999986e+01 1.500000000000000000e+01 -2.969344209035142956e+00
-1.159687103860643198e+01 1.500000000000000000e+01 0.000000000000000000e+00
3.860000000000000320e+00 1.500000000000000000e+01 -3.435519303216190146e-01
1.158999999999999986e+01 1.500000000000000000e+01 -6.871038606432380846e-02
