-1.158999999999999986e+01 -1.500000000000000000e+01 -6.352277004703719143e-01
-1.029095935253808847e+01 -1.500000000000000000e+01 0.000000000000000000e+00
3.860000000000000320e+00 -1.500000000000000000e+01 -7.940346255879648929e-02
1.158999999999999986e+01 -1.500000000000000000e+01 -2.856590139153330377e+00
-1.158999999999999986e+01 -5.000000000000000000e+00 -6.352277004703719143e-01
-1.029095935253808847e+01 -5.000000000000000000e+00 0.000000000000000000e+00
3.860000000000000320e+00 -5.000000000000000000e+00 -7.940346255879648929e-02
1.158999999999999986e+01 -5.000000000000000000e+00 -2.856590139153330377e+00
-1.158999999999999986e+01 5.000000000000000000e+00 -7.940346255879648929e-01
-1.029095935253808847e+01 5.000000000000000000e+00 0.000000000000000000e+00
3.860000000000000320e+00 5.000000000000000000e+00 -1.588069251175929786e-01
1.158999999999999986e+01 5.000000000000000000e+00 -2.967754986735645417e+00
-1.158999999999999986e+01 1.500000000000000000e+01 -1.270455400940743829e+00
-1.029095935253808847e+01 1.500000000000000000e+01 0.000000000000000000e+00
3.860000000000000320e+00 1.500000000000000000e+01 -1.588069251175929786e-01
1.158999999999999986e+01 1.500000000000000000e+01 -2.761305984082774945e+00
