-1.112260751694110539e+01 -1.500000000000000000e+01 -2.934784966117788052e+00
-9.411635255710876891e+00 -1.500000000000000000e+01 0.000000000000000000e+00
3.860000000000000320e+00 -1.500000000000000000e+01 -1.331518792352764657e-01
1.158999999999999986e+01 -1.500000000000000000e+01 -2.130430067764423618e-01
-1.158999999999999986e+01 -5.000000000000000000e+00 -2.934784966117788052e+00
-9.411635255710876891e+00 -5.000000000000000000e+00 0.000000000000000000e+00
3.860000000000000320e+00 -5.000000000000000000e+00 -1.331518792352764657e-01
1.158999999999999986e+01 -5.000000000000000000e+00 -2.130430067764423618e-01
-1.205739248305889433e+01 5.000000000000000000e+00 -3.201088724588341261e+00
-9.411635255710876891e+00 5.000000000000000000e+00 0.000000000000000000e+00
3.860000000000000320e+00 5.000000000000000000e+00 -2.663037584705529315e-01
1.158999999999999986e+01 5.000000000000000000e+00 -3.994556377058293695e-01
-1.205739248305889433e+01 1.500000000000000000e+01 -4.000000000000000000e+00
-9.411635255710876891e+00 1.500000000000000000e+01 0.000000000000000000e+00
3.860000000000000320e+00 1.500000000000000000e+01 -2.663037584705529315e-01
1.158999999999999986e+01 1.500000000000000000e+01 -5.326075169411059046e-02
