-1.158999999999999986e+01 -1.500000000000000000e+01 -2.218168047609175186e+00
-1.048691124273618414e+01 -1.500000000000000000e+01 -1.391360946579771052e-01
3.859999999999999432e+00 -1.500000000000000000e+01 -1.108639053420228948e-01
1.158999999999999986e+01 -1.500000000000000000e+01 -2.681831952390824725e+00
-1.158999999999999986e+01 -5.000000000000000000e+00 -2.218168047609175186e+00
-1.048691124273618414e+01 -5.000000000000000000e+00 -1.391360946579771052e-01
3.859999999999999432e+00 -5.000000000000000000e+00 -1.108639053420228948e-01
1.158999999999999986e+01 -5.000000000000000000e+00 -2.681831952390824725e+00
-1.158999999999999986e+01 5.000000000000000000e+00 -1.969502958762251899e+00
-1.048691124273618414e+01 5.000000000000000000e+00 -2.782721893159542104e-01
3.859999999999999432e+00 5.000000000000000000e+00 -2.217278106840457896e-01
1.158999999999999986e+01 5.000000000000000000e+00 -2.280497041237747879e+00
-1.158999999999999986e+01 1.500000000000000000e+01 -1.164293491283419746e+00
-1.048691124273618414e+01 1.500000000000000000e+01 -2.782721893159542104e-01
3.859999999999999432e+00 1.500000000000000000e+01 -2.217278106840457896e-01
1.158999999999999986e+01 1.500000000000000000e+01 -1.435706508716580343e+00
