-1.158999999999999986e+01 -1.500000000000000000e+01 -3.126940015058518263e+00
-1.002652999247074028e+01 -1.500000000000000000e+01 0.000000000000000000e+00
3.859999999999999876e+00 -1.500000000000000000e+01 -3.908675018823147829e-01
1.158999999999999986e+01 -1.500000000000000000e+01 -2.436529992470740869e+00
-1.158999999999999986e+01 -5.000000000000000000e+00 -1.954337509411574025e+00
-1.002652999247074028e+01 -5.000000000000000000e+00 0.000000000000000000e+00
3.859999999999999876e+00 -5.000000000000000000e+00 -3.908675018823147829e-01
1.158999999999999986e+01 -5.000000000000000000e+00 -1.850228739647268750e+00
-1.158999999999999986e+01 5.000000000000000000e+00 -7.817350037646295657e-01
-1.002652999247074028e+01 5.000000000000000000e+00 0.000000000000000000e+00
3.859999999999999876e+00 5.000000000000000000e+00 -1.954337509411573914e-01
1.158999999999999986e+01 5.000000000000000000e+00 -1.850228739647268750e+00
-1.158999999999999986e+01 1.500000000000000000e+01 -7.817350037646295657e-01
-1.002652999247074028e+01 1.500000000000000000e+01 0.000000000000000000e+00
3.859999999999999876e+00 1.500000000000000000e+01 -1.954337509411573914e-01
1.158999999999999986e+01 1.500000000000000000e+01 -2.436529992470740869e+00
