-1.158999999999999986e+01 -1.500000000000000000e+01 -1.000000000000000000e+00
-9.589999999999999858e+00 -1.500000000000000000e+01 0.000000000000000000e+00
3.860000000000000320e+00 -1.500000000000000000e+01 -1.164852118577432150e-01
1.158999999999999986e+01 -1.500000000000000000e+01 -1.863763389723891439e-01
-1.158999999999999986e+01 -5.000000000000000000e+00 -1.000000000000000000e+00
-9.589999999999999858e+00 -5.000000000000000000e+00 0.000000000000000000e+00
3.860000000000000320e+00 -5.000000000000000000e+00 -1.164852118577432150e-01
1.158999999999999986e+01 -5.000000000000000000e+00 -1.863763389723891439e-01
-1.158999999999999986e+01 5.000000000000000000e+00 -2.500000000000000000e+00
-9.589999999999999858e+00 5.000000000000000000e+00 0.000000000000000000e+00
3.860000000000000320e+00 5.000000000000000000e+00 -2.329704237154864299e-01
1.158999999999999986e+01 5.000000000000000000e+00 -3.494556355732296726e-01
-1.158999999999999986e+01 1.500000000000000000e+01 -4.000000000000000000e+00
-9.589999999999999858e+00 1.500000000000000000e+01 0.000000000000000000e+00
3.860000000000000320e+00 1.500000000000000000e+01 -2.329704237154864299e-01
1.158999999999999986e+01 1.500000000000000000e+01 -4.659408474309728598e-02
