-1.158999999999999986e+01 -1.500000000000000000e+01 -2.842544474946033350e+00
-1.023624600148846397e+01 -1.500000000000000000e+01 -8.037885590652546486e-02
3.860000000000000320e+00 -1.500000000000000000e+01 0.000000000000000000e+00
1.158999999999999986e+01 -1.500000000000000000e+01 -1.446819406317458423e+00
-1.158999999999999986e+01 -5.000000000000000000e+00 -1.824817610385186084e+00
-1.023624600148846397e+01 -5.000000000000000000e+00 -8.037885590652546486e-02
3.860000000000000320e+00 -5.000000000000000000e+00 0.000000000000000000e+00
1.158999999999999986e+01 -5.000000000000000000e+00 -1.446819406317458423e+00
-1.158999999999999986e+01 5.000000000000000000e+00 -9.196211440934745074e-01
-1.023624600148846397e+01 5.000000000000000000e+00 -1.607577118130509297e-01
3.860000000000000320e+00 5.000000000000000000e+00 0.000000000000000000e+00
1.158999999999999986e+01 5.000000000000000000e+00 -1.125303982691356453e+00
-1.158999999999999986e+01 1.500000000000000000e+01 -7.106361187365083376e-01
-1.023624600148846397e+01 1.500000000000000000e+01 -1.607577118130509297e-01
3.860000000000000320e+00 1.500000000000000000e+01 0.000000000000000000e+00
1.158999999999999986e+01 1.500000000000000000e+01 -8.037885590652547041e-01
