-1.158999999999999986e+01 -1.500000000000000000e+01 -4.875944137541632362e-01
-1.155109311898725899e+01 -1.500000000000000000e+01 -2.439170546004053308e-01
3.859999999999999876e+00 -1.500000000000000000e+01 0.000000000000000000e+00
1.158999999999999986e+01 -1.500000000000000000e+01 -4.390506982807296232e+00
-1.158999999999999986e+01 -5.000000000000000000e+00 -4.510967413565952211e-01
-1.155109311898725899e+01 -5.000000000000000000e+00 -2.439170546004053308e-01
3.859999999999999876e+00 -5.000000000000000000e+00 0.000000000000000000e+00
1.158999999999999986e+01 -5.000000000000000000e+00 -4.390506982807296232e+00
-1.158999999999999986e+01 5.000000000000000000e+00 -7.560829453995946414e-01
-1.155109311898725899e+01 5.000000000000000000e+00 -4.878341092008106616e-01
3.859999999999999876e+00 5.000000000000000000e+00 0.000000000000000000e+00
1.158999999999999986e+01 5.000000000000000000e+00 -3.414838764405674798e+00
-1.158999999999999986e+01 1.500000000000000000e+01 -1.218986034385408090e-01
-1.155109311898725899e+01 1.500000000000000000e+01 -4.878341092008106616e-01
3.859999999999999876e+00 1.500000000000000000e+01 0.000000000000000000e+00
1.158999999999999986e+01 1.500000000000000000e+01 -2.439170546004053364e+00
