-1.158999999999999986e+01 -1.500000000000000000e+01 -1.581149837981200013e-01
-8.763849209654821948e+00 -1.500000000000000000e+01 -9.882186487382499385e-02
3.860000000000000320e+00 -1.500000000000000000e+01 0.000000000000000000e+00
1.158999999999999986e+01 -1.500000000000000000e+01 -1.790574918990599951e+00
-1.158999999999999986e+01 -5.000000000000000000e+00 -1.581149837981200013e-01
-8.763849209654821948e+00 -5.000000000000000000e+00 -9.882186487382499385e-02
3.860000000000000320e+00 -5.000000000000000000e+00 0.000000000000000000e+00
1.158999999999999986e+01 -5.000000000000000000e+00 -1.790574918990599951e+00
-1.158999999999999986e+01 5.000000000000000000e+00 -2.964655946214749815e-01
-8.763849209654821948e+00 5.000000000000000000e+00 -1.976437297476499877e-01
3.860000000000000320e+00 5.000000000000000000e+00 0.000000000000000000e+00
1.158999999999999986e+01 5.000000000000000000e+00 -2.697643729747650099e+00
-1.158999999999999986e+01 1.500000000000000000e+01 -3.952874594953000031e-02
-8.763849209654821948e+00 1.500000000000000000e+01 -1.976437297476499877e-01
3.860000000000000320e+00 1.500000000000000000e+01 0.000000000000000000e+00
1.158999999999999986e+01 1.500000000000000000e+01 -3.604712540504699803e+00
