-1.158999999999999986e+01 -1.500000000000000000e+01 -2.062381740980506528e+00
-9.459622161350742076e+00 -1.500000000000000000e+01 -4.688091295097468469e-01
3.859999999999999876e+00 -1.500000000000000000e+01 -1.559543524512657653e-02
1.158999999999999986e+01 -1.500000000000000000e+01 -3.775425732470177209e+00
-1.158999999999999986e+01 -5.000000000000000000e+00 -1.359168046715885980e+00
-9.459622161350742076e+00 -5.000000000000000000e+00 -4.688091295097468469e-01
3.859999999999999876e+00 -5.000000000000000000e+00 -1.559543524512657653e-02
1.158999999999999986e+01 -5.000000000000000000e+00 -2.368998343940936557e+00
-1.158999999999999986e+01 5.000000000000000000e+00 -1.359168046715885980e+00
-9.459622161350742076e+00 5.000000000000000000e+00 -2.344045647548734235e-01
3.859999999999999876e+00 5.000000000000000000e+00 -3.119087049025315306e-02
1.158999999999999986e+01 5.000000000000000000e+00 -9.844045647548733680e-01
-1.158999999999999986e+01 1.500000000000000000e+01 -2.062381740980506528e+00
-9.459622161350742076e+00 1.500000000000000000e+01 -2.344045647548734235e-01
3.859999999999999876e+00 1.500000000000000000e+01 -3.119087049025315306e-02
1.158999999999999986e+01 1.500000000000000000e+01 -9.438564331175443023e-01
