-1.158999999999999986e+01 -1.500000000000000000e+01 -3.841416701526736865e+00
-1.159044050916242519e+01 -1.500000000000000000e+01 -1.101272906064326706e-02
3.859999999999999876e+00 -1.500000000000000000e+01 0.000000000000000000e+00
1.158999999999999986e+01 -1.500000000000000000e+01 -1.982291230915788072e-01
-1.158999999999999986e+01 -5.000000000000000000e+00 -3.841416701526736865e+00
-1.159044050916242519e+01 -5.000000000000000000e+00 -1.101272906064326706e-02
3.859999999999999876e+00 -5.000000000000000000e+00 0.000000000000000000e+00
1.158999999999999986e+01 -5.000000000000000000e+00 -1.982291230915788072e-01
-1.158999999999999986e+01 5.000000000000000000e+00 -3.856834522211637584e+00
-1.159044050916242519e+01 5.000000000000000000e+00 -2.202545812128653413e-02
3.859999999999999876e+00 5.000000000000000000e+00 0.000000000000000000e+00
1.158999999999999986e+01 5.000000000000000000e+00 -1.541782068490057389e-01
-1.158999999999999986e+01 1.500000000000000000e+01 -3.828201426653965012e+00
-1.159044050916242519e+01 1.500000000000000000e+01 -2.202545812128653413e-02
3.859999999999999876e+00 1.500000000000000000e+01 0.000000000000000000e+00
1.158999999999999986e+01 1.500000000000000000e+01 -1.101272906064326706e-01
