-1.158999999999999986e+01 -1.500000000000000000e+01 -4.652533938364010191e-01
-9.621990078441747585e+00 -1.500000000000000000e+01 -2.460211345221706702e-01
3.859999999999999876e+00 -1.500000000000000000e+01 -3.978865477829329755e-03
1.158999999999999986e+01 -1.500000000000000000e+01 -9.904507228532095642e-01
-1.158999999999999986e+01 -5.000000000000000000e+00 -4.652533938364010191e-01
-9.621990078441747585e+00 -5.000000000000000000e+00 -2.460211345221706702e-01
3.859999999999999876e+00 -5.000000000000000000e+00 -3.978865477829329755e-03
1.158999999999999986e+01 -5.000000000000000000e+00 -9.904507228532095642e-01
-1.158999999999999986e+01 5.000000000000000000e+00 -7.937675202561226273e-01
-9.621990078441747585e+00 5.000000000000000000e+00 -4.920422690443413405e-01
3.859999999999999876e+00 5.000000000000000000e+00 -7.957730955658659511e-03
1.158999999999999986e+01 5.000000000000000000e+00 -2.472147941655194359e+00
-1.158999999999999986e+01 1.500000000000000000e+01 -1.381971085871615545e-01
-9.621990078441747585e+00 1.500000000000000000e+01 -4.920422690443413405e-01
3.859999999999999876e+00 1.500000000000000000e+01 -7.957730955658659511e-03
1.158999999999999986e+01 1.500000000000000000e+01 -3.937929698545862500e+00
