-1.128475679797466036e+01 -1.500000000000000000e+01 -1.389513595949319891e+00
-1.020048640405067886e+01 -1.500000000000000000e+01 -3.473783989873299727e-01
3.859999999999999876e+00 -1.500000000000000000e+01 0.000000000000000000e+00
1.158999999999999986e+01 -1.500000000000000000e+01 -4.000000000000000000e+00
-1.158999999999999986e+01 -5.000000000000000000e+00 -8.684459974683249595e-01
-1.020048640405067886e+01 -5.000000000000000000e+00 -3.473783989873299727e-01
3.859999999999999876e+00 -5.000000000000000000e+00 0.000000000000000000e+00
1.158999999999999986e+01 -5.000000000000000000e+00 -2.957864803038010137e+00
-1.189524320202534113e+01 5.000000000000000000e+00 -8.684459974683249595e-01
-1.020048640405067886e+01 5.000000000000000000e+00 -1.736891994936649863e-01
3.859999999999999876e+00 5.000000000000000000e+00 0.000000000000000000e+00
1.158999999999999986e+01 5.000000000000000000e+00 -1.915729606076020275e+00
-1.189524320202534113e+01 1.500000000000000000e+01 -1.389513595949319891e+00
-1.020048640405067886e+01 1.500000000000000000e+01 -1.736891994936649863e-01
3.859999999999999876e+00 1.500000000000000000e+01 0.000000000000000000e+00
1.158999999999999986e+01 1.500000000000000000e+01 -1.915729606076020275e+00
