-1.158999999999999986e+01 -1.500000000000000000e+01 -6.704707332635633232e-01
-8.442139720868077291e+00 -1.500000000000000000e+01 -1.373038611401819764e-01
3.859999999999999876e+00 -1.500000000000000000e+01 -1.126961388598180236e-01
1.158999999999999986e+01 -1.500000000000000000e+01 -7.295292667364368100e-01
-1.158999999999999986e+01 -5.000000000000000000e+00 -6.704707332635633232e-01
-8.442139720868077291e+00 -5.000000000000000000e+00 -1.373038611401819764e-01
3.859999999999999876e+00 -5.000000000000000000e+00 -1.126961388598180236e-01
1.158999999999999986e+01 -5.000000000000000000e+00 -7.295292667364368100e-01
-1.158999999999999986e+01 5.000000000000000000e+00 -1.538872972018725971e+00
-8.442139720868077291e+00 5.000000000000000000e+00 -2.746077222803639528e-01
3.859999999999999876e+00 5.000000000000000000e+00 -2.253922777196360472e-01
1.158999999999999986e+01 5.000000000000000000e+00 -1.711127027981274029e+00
-1.158999999999999986e+01 1.500000000000000000e+01 -1.858059766213161268e+00
-8.442139720868077291e+00 1.500000000000000000e+01 -2.746077222803639528e-01
3.859999999999999876e+00 1.500000000000000000e+01 -2.253922777196360472e-01
1.158999999999999986e+01 1.500000000000000000e+01 -2.241940233786838821e+00
