-1.214543354298699107e+01 -1.500000000000000000e+01 -2.399560754753168546e+00
-1.159444566457013082e+01 -1.500000000000000000e+01 -1.111416142532521967e-01
3.860000000000000320e+00 -1.500000000000000000e+01 0.000000000000000000e+00
1.158999999999999986e+01 -1.500000000000000000e+01 -2.000549056558539540e+00
-1.214543354298699107e+01 -5.000000000000000000e+00 -2.399560754753168546e+00
-1.159444566457013082e+01 -5.000000000000000000e+00 -1.111416142532521967e-01
3.860000000000000320e+00 -5.000000000000000000e+00 0.000000000000000000e+00
1.158999999999999986e+01 -5.000000000000000000e+00 -2.000549056558539540e+00
-1.214543354298699107e+01 5.000000000000000000e+00 -2.555159014707721443e+00
-1.159444566457013082e+01 5.000000000000000000e+00 -2.222832285065043934e-01
3.860000000000000320e+00 5.000000000000000000e+00 0.000000000000000000e+00
1.158999999999999986e+01 5.000000000000000000e+00 -1.555982599545530753e+00
-1.214543354298699107e+01 1.500000000000000000e+01 -2.266190817649265554e+00
-1.159444566457013082e+01 1.500000000000000000e+01 -2.222832285065043934e-01
3.860000000000000320e+00 1.500000000000000000e+01 0.000000000000000000e+00
1.158999999999999986e+01 1.500000000000000000e+01 -1.111416142532521967e+00
