-1.158999999999999986e+01 -1.500000000000000000e+01 -7.457667741088198632e-01
-9.923109159101938914e+00 -1.500000000000000000e+01 0.000000000000000000e+00
3.859999999999999876e+00 -1.500000000000000000e+01 -4.143148745048999548e-02
1.158999999999999986e+01 -1.500000000000000000e+01 -3.403386580712944198e+00
-1.158999999999999986e+01 -5.000000000000000000e+00 -7.457667741088198632e-01
-9.923109159101938914e+00 -5.000000000000000000e+00 0.000000000000000000e+00
3.859999999999999876e+00 -5.000000000000000000e+00 -4.143148745048999548e-02
1.158999999999999986e+01 -5.000000000000000000e+00 -2.151975505415884005e+00
-1.158999999999999986e+01 5.000000000000000000e+00 -5.800408243068599923e-01
-9.923109159101938914e+00 5.000000000000000000e+00 0.000000000000000000e+00
3.859999999999999876e+00 5.000000000000000000e+00 -8.286297490097999097e-02
1.158999999999999986e+01 5.000000000000000000e+00 -9.585685125495100323e-01
-1.158999999999999986e+01 1.500000000000000000e+01 -4.143148745048999548e-01
-9.923109159101938914e+00 1.500000000000000000e+01 0.000000000000000000e+00
3.859999999999999876e+00 1.500000000000000000e+01 -8.286297490097999097e-02
1.158999999999999986e+01 1.500000000000000000e+01 -8.508466451782360496e-01
