-1.158999999999999986e+01 -1.500000000000000000e+01 -3.550258412443713762e+00
-9.750556906894789932e+00 -1.500000000000000000e+01 0.000000000000000000e+00
3.860000000000000320e+00 -1.500000000000000000e+01 -1.124353968890715316e-01
1.158999999999999986e+01 -1.500000000000000000e+01 -1.280413459909942153e+00
-1.158999999999999986e+01 -5.000000000000000000e+00 -3.550258412443713762e+00
-9.750556906894789932e+00 -5.000000000000000000e+00 0.000000000000000000e+00
3.860000000000000320e+00 -5.000000000000000000e+00 -1.124353968890715316e-01
1.158999999999999986e+01 -5.000000000000000000e+00 -1.280413459909942153e+00
-1.158999999999999986e+01 5.000000000000000000e+00 -3.550258412443713762e+00
-9.750556906894789932e+00 5.000000000000000000e+00 0.000000000000000000e+00
3.860000000000000320e+00 5.000000000000000000e+00 -2.248707937781430632e-01
1.158999999999999986e+01 5.000000000000000000e+00 -1.437823015554642314e+00
-1.158999999999999986e+01 1.500000000000000000e+01 -3.550258412443713762e+00
-9.750556906894789932e+00 1.500000000000000000e+01 0.000000000000000000e+00
3.860000000000000320e+00 1.500000000000000000e+01 -2.248707937781430632e-01
1.158999999999999986e+01 1.500000000000000000e+01 -1.145490983643056460e+00
