-1.089987618072079734e+01 -1.500000000000000000e+01 -2.760495277116810087e+00
-1.097024763855840490e+01 -1.500000000000000000e+01 0.000000000000000000e+00
3.859999999999999432e+00 -1.500000000000000000e+01 0.000000000000000000e+00
1.158999999999999986e+01 -1.500000000000000000e+01 -3.098761807207974783e-01
-1.158999999999999986e+01 -5.000000000000000000e+00 -2.760495277116810087e+00
-1.097024763855840490e+01 -5.000000000000000000e+00 0.000000000000000000e+00
3.859999999999999432e+00 -5.000000000000000000e+00 0.000000000000000000e+00
1.158999999999999986e+01 -5.000000000000000000e+00 -3.098761807207974783e-01
-1.228012381927920238e+01 5.000000000000000000e+00 -2.760495277116810087e+00
-1.097024763855840490e+01 5.000000000000000000e+00 0.000000000000000000e+00
3.859999999999999432e+00 5.000000000000000000e+00 0.000000000000000000e+00
1.158999999999999986e+01 5.000000000000000000e+00 -7.746904518019936958e-01
-1.228012381927920238e+01 1.500000000000000000e+01 -2.760495277116810087e+00
-1.097024763855840490e+01 1.500000000000000000e+01 0.000000000000000000e+00
3.859999999999999432e+00 1.500000000000000000e+01 0.000000000000000000e+00
1.158999999999999986e+01 1.500000000000000000e+01 -1.239504722883189913e+00
