-1.097666486059809898e+01 -1.500000000000000000e+01 -2.608006501846842351e+00
-1.000854072015377483e+01 -1.500000000000000000e+01 -9.666621514952483674e-02
3.860000000000000320e+00 -1.500000000000000000e+01 0.000000000000000000e+00
1.158999999999999986e+01 -1.500000000000000000e+01 -1.159994581794298041e+00
-1.158999999999999986e+01 -5.000000000000000000e+00 -2.608006501846842351e+00
-1.000854072015377483e+01 -5.000000000000000000e+00 -9.666621514952483674e-02
3.860000000000000320e+00 -5.000000000000000000e+00 0.000000000000000000e+00
1.158999999999999986e+01 -5.000000000000000000e+00 -1.159994581794298041e+00
-1.220333513940190073e+01 5.000000000000000000e+00 -2.743339203056176956e+00
-1.000854072015377483e+01 5.000000000000000000e+00 -1.933324302990496735e-01
3.860000000000000320e+00 5.000000000000000000e+00 0.000000000000000000e+00
1.158999999999999986e+01 5.000000000000000000e+00 -1.159994581794298041e+00
-1.220333513940190073e+01 1.500000000000000000e+01 -2.492007043667412436e+00
-1.000854072015377483e+01 1.500000000000000000e+01 -1.933324302990496735e-01
3.860000000000000320e+00 1.500000000000000000e+01 0.000000000000000000e+00
1.158999999999999986e+01 1.500000000000000000e+01 -1.159994581794298041e+00
