-1.083718331335440155e+01 -1.500000000000000000e+01 -1.112324910094803609e+00
-1.159247183313354412e+01 -1.500000000000000000e+01 0.000000000000000000e+00
3.859999999999999876e+00 -1.500000000000000000e+01 -6.179582833860020052e-02
1.158999999999999986e+01 -1.500000000000000000e+01 -3.110140071924157201e+00
-1.158999999999999986e+01 -5.000000000000000000e+00 -1.112324910094803609e+00
-1.159247183313354412e+01 -5.000000000000000000e+00 0.000000000000000000e+00
3.859999999999999876e+00 -5.000000000000000000e+00 -6.179582833860020052e-02
1.158999999999999986e+01 -5.000000000000000000e+00 -3.110140071924157201e+00
-1.234281668664559994e+01 5.000000000000000000e+00 -8.651415967404028073e-01
-1.159247183313354412e+01 5.000000000000000000e+00 0.000000000000000000e+00
3.859999999999999876e+00 5.000000000000000000e+00 -1.235916566772004010e-01
1.158999999999999986e+01 5.000000000000000000e+00 -3.196654231598197171e+00
-1.234281668664559994e+01 1.500000000000000000e+01 -6.179582833860020052e-01
-1.159247183313354412e+01 1.500000000000000000e+01 0.000000000000000000e+00
3.859999999999999876e+00 1.500000000000000000e+01 -1.235916566772004010e-01
1.158999999999999986e+01 1.500000000000000000e+01 -3.035985077917836783e+00
