-1.158999999999999986e+01 -1.500000000000000000e+01 -2.000000000000000000e+00
-7.552184177227390549e+00 -1.500000000000000000e+01 0.000000000000000000e+00
3.859999999999999876e+00 -1.500000000000000000e+01 -2.468102581156851605e-01
1.158999999999999986e+01 -1.500000000000000000e+01 -3.948964129850962568e-01
-1.158999999999999986e+01 -5.000000000000000000e+00 -2.000000000000000000e+00
-7.552184177227390549e+00 -5.000000000000000000e+00 0.000000000000000000e+00
3.859999999999999876e+00 -5.000000000000000000e+00 -2.468102581156851605e-01
1.158999999999999986e+01 -5.000000000000000000e+00 -3.948964129850962568e-01
-1.158999999999999986e+01 5.000000000000000000e+00 -2.506379483768629512e+00
-7.552184177227390549e+00 5.000000000000000000e+00 0.000000000000000000e+00
3.859999999999999876e+00 5.000000000000000000e+00 -4.936205162313703210e-01
1.158999999999999986e+01 5.000000000000000000e+00 -7.404307743470555092e-01
-1.158999999999999986e+01 1.500000000000000000e+01 -4.000000000000000000e+00
-7.552184177227390549e+00 1.500000000000000000e+01 0.000000000000000000e+00
3.859999999999999876e+00 1.500000000000000000e+01 -4.936205162313703210e-01
1.158999999999999986e+01 1.500000000000000000e+01 -9.872410324627406419e-02
