-1.158999999999999986e+01 -1.500000000000000000e+01 -1.142106408418307240e+00
-8.625985338950972192e+00 -1.500000000000000000e+01 -1.340458736846394938e-01
3.859999999999999876e+00 -1.500000000000000000e+01 -1.159541263153605062e-01
1.158999999999999986e+01 -1.500000000000000000e+01 -2.598352328428087610e+00
-1.158999999999999986e+01 -5.000000000000000000e+00 -1.142106408418307240e+00
-8.625985338950972192e+00 -5.000000000000000000e+00 -1.340458736846394938e-01
3.859999999999999876e+00 -5.000000000000000000e+00 -1.159541263153605062e-01
1.158999999999999986e+01 -5.000000000000000000e+00 -2.598352328428087610e+00
-1.158999999999999986e+01 5.000000000000000000e+00 -1.561678884207523543e+00
-8.625985338950972192e+00 5.000000000000000000e+00 -2.680917473692789876e-01
3.859999999999999876e+00 5.000000000000000000e+00 -2.319082526307210124e-01
1.158999999999999986e+01 5.000000000000000000e+00 -2.224504610531034210e+00
-1.158999999999999986e+01 1.500000000000000000e+01 -1.908884370519623896e+00
-8.625985338950972192e+00 1.500000000000000000e+01 -2.680917473692789876e-01
3.859999999999999876e+00 1.500000000000000000e+01 -2.319082526307210124e-01
1.158999999999999986e+01 1.500000000000000000e+01 -1.386840387372539229e+00
