-1.158999999999999986e+01 -1.500000000000000000e+01 -3.342812719327056037e+00
-9.132159527797849563e+00 -1.500000000000000000e+01 0.000000000000000000e+00
3.859999999999999876e+00 -1.500000000000000000e+01 -4.452343932772546697e-01
1.158999999999999986e+01 -1.500000000000000000e+01 -1.649500116974429886e+00
-1.158999999999999986e+01 -5.000000000000000000e+00 -2.171406359663528018e+00
-9.132159527797849563e+00 -5.000000000000000000e+00 0.000000000000000000e+00
3.859999999999999876e+00 -5.000000000000000000e+00 -4.452343932772546697e-01
1.158999999999999986e+01 -5.000000000000000000e+00 -1.063796937142665877e+00
-1.158999999999999986e+01 5.000000000000000000e+00 -1.328593640336471982e+00
-9.132159527797849563e+00 5.000000000000000000e+00 0.000000000000000000e+00
3.859999999999999876e+00 5.000000000000000000e+00 -3.047656067227453303e-01
1.158999999999999986e+01 5.000000000000000000e+00 -1.140468786554509339e+00
-1.158999999999999986e+01 1.500000000000000000e+01 -1.657187280672943963e+00
-9.132159527797849563e+00 1.500000000000000000e+01 0.000000000000000000e+00
3.859999999999999876e+00 1.500000000000000000e+01 -3.047656067227453303e-01
1.158999999999999986e+01 1.500000000000000000e+01 -1.583781388907135490e+00
