-1.158999999999999986e+01 -1.500000000000000000e+01 -6.014288228722732832e-01
-9.589999999999999858e+00 -1.500000000000000000e+01 0.000000000000000000e+00
3.860000000000000320e+00 -1.500000000000000000e+01 -1.503572057180683208e-01
1.158999999999999986e+01 -1.500000000000000000e+01 -6.391427062766360523e-01
-1.158999999999999986e+01 -5.000000000000000000e+00 -6.014288228722732832e-01
-9.589999999999999858e+00 -5.000000000000000000e+00 0.000000000000000000e+00
3.860000000000000320e+00 -5.000000000000000000e+00 -1.503572057180683208e-01
1.158999999999999986e+01 -5.000000000000000000e+00 -6.391427062766360523e-01
-1.158999999999999986e+01 5.000000000000000000e+00 -1.503572057180683208e+00
-9.589999999999999858e+00 5.000000000000000000e+00 0.000000000000000000e+00
3.860000000000000320e+00 5.000000000000000000e+00 -3.007144114361366416e-01
1.158999999999999986e+01 5.000000000000000000e+00 -1.447499559973521865e+00
-1.158999999999999986e+01 1.500000000000000000e+01 -2.405715291489093133e+00
-9.589999999999999858e+00 1.500000000000000000e+01 0.000000000000000000e+00
3.860000000000000320e+00 1.500000000000000000e+01 -3.007144114361366416e-01
1.158999999999999986e+01 1.500000000000000000e+01 -1.654427590798134284e+00
