-1.109390245388254925e+01 -1.500000000000000000e+01 -2.267561042471473609e+00
-1.159503902453882418e+01 -1.500000000000000000e+01 0.000000000000000000e+00
3.859999999999999876e+00 -1.500000000000000000e+01 -1.259756134706374320e-01
1.158999999999999986e+01 -1.500000000000000000e+01 -2.185951166022821024e+00
-1.158999999999999986e+01 -5.000000000000000000e+00 -2.267561042471473609e+00
-1.159503902453882418e+01 -5.000000000000000000e+00 0.000000000000000000e+00
3.859999999999999876e+00 -5.000000000000000000e+00 -1.259756134706374320e-01
1.158999999999999986e+01 -5.000000000000000000e+00 -2.185951166022821024e+00
-1.208609754611745046e+01 5.000000000000000000e+00 -1.763658588588923992e+00
-1.159503902453882418e+01 5.000000000000000000e+00 0.000000000000000000e+00
3.859999999999999876e+00 5.000000000000000000e+00 -2.519512269412748640e-01
1.158999999999999986e+01 5.000000000000000000e+00 -2.362317024881713579e+00
-1.208609754611745046e+01 1.500000000000000000e+01 -1.259756134706374375e+00
-1.159503902453882418e+01 1.500000000000000000e+01 0.000000000000000000e+00
3.859999999999999876e+00 1.500000000000000000e+01 -2.519512269412748640e-01
1.158999999999999986e+01 1.500000000000000000e+01 -2.034780429858055850e+00
