-1.158999999999999986e+01 -1.500000000000000000e+01 -4.171320957919486538e+00
-1.027871025083633505e+01 -1.500000000000000000e+01 0.000000000000000000e+00
3.859999999999999876e+00 -1.500000000000000000e+01 -4.143395210402567308e-01
1.158999999999999986e+01 -1.500000000000000000e+01 -1.451772934657643344e+00
-1.158999999999999986e+01 -5.000000000000000000e+00 -3.185283831677946154e+00
-1.027871025083633505e+01 -5.000000000000000000e+00 0.000000000000000000e+00
3.859999999999999876e+00 -5.000000000000000000e+00 -4.143395210402567308e-01
1.158999999999999986e+01 -5.000000000000000000e+00 -9.587543715368729291e-01
-1.158999999999999986e+01 5.000000000000000000e+00 -1.856604789597432248e+00
-1.027871025083633505e+01 5.000000000000000000e+00 0.000000000000000000e+00
3.859999999999999876e+00 5.000000000000000000e+00 -3.356604789597432692e-01
1.158999999999999986e+01 5.000000000000000000e+00 -1.078679042080513462e+00
-1.158999999999999986e+01 1.500000000000000000e+01 -1.513962873758459615e+00
-1.027871025083633505e+01 1.500000000000000000e+01 0.000000000000000000e+00
3.859999999999999876e+00 1.500000000000000000e+01 -3.356604789597432692e-01
1.158999999999999986e+01 1.500000000000000000e+01 -1.348980359905951332e+00
