-1.158999999999999986e+01 -1.500000000000000000e+01 -1.517075541143083406e+00
-7.500000000000000000e+00 -1.500000000000000000e+01 -7.545694669639321783e-02
3.859999999999999876e+00 -1.500000000000000000e+01 -1.745430533036067822e-01
1.158999999999999986e+01 -1.500000000000000000e+01 -8.829244588569166163e-01
-1.158999999999999986e+01 -5.000000000000000000e+00 -1.517075541143083406e+00
-7.500000000000000000e+00 -5.000000000000000000e+00 -7.545694669639321783e-02
3.859999999999999876e+00 -5.000000000000000000e+00 -1.745430533036067822e-01
1.158999999999999986e+01 -5.000000000000000000e+00 -8.829244588569166163e-01
-1.158999999999999986e+01 5.000000000000000000e+00 -1.971801373125247503e+00
-7.500000000000000000e+00 5.000000000000000000e+00 -1.509138933927864357e-01
3.859999999999999876e+00 5.000000000000000000e+00 -3.490861066072135643e-01
1.158999999999999986e+01 5.000000000000000000e+00 -1.278198626874752719e+00
-1.158999999999999986e+01 1.500000000000000000e+01 -2.822871631536265635e+00
-7.500000000000000000e+00 1.500000000000000000e+01 -1.509138933927864357e-01
3.859999999999999876e+00 1.500000000000000000e+01 -3.490861066072135643e-01
1.158999999999999986e+01 1.500000000000000000e+01 -1.277128368463734231e+00
