-1.158999999999999986e+01 -1.500000000000000000e+01 -3.090232448292631884e-01
-1.114284180526704660e+01 -1.500000000000000000e+01 -1.931395280182894858e-01
3.859999999999999876e+00 -1.500000000000000000e+01 0.000000000000000000e+00
1.158999999999999986e+01 -1.500000000000000000e+01 -3.703953392256052801e+00
-1.158999999999999986e+01 -5.000000000000000000e+00 -3.090232448292631884e-01
-1.114284180526704660e+01 -5.000000000000000000e+00 -1.931395280182894858e-01
3.859999999999999876e+00 -5.000000000000000000e+00 0.000000000000000000e+00
1.158999999999999986e+01 -5.000000000000000000e+00 -3.703953392256052801e+00
-1.158999999999999986e+01 5.000000000000000000e+00 -5.794185840548684574e-01
-1.114284180526704660e+01 5.000000000000000000e+00 -3.862790560365789716e-01
3.859999999999999876e+00 5.000000000000000000e+00 0.000000000000000000e+00
1.158999999999999986e+01 5.000000000000000000e+00 -3.272558112073157943e+00
-1.158999999999999986e+01 1.500000000000000000e+01 -7.725581120731579710e-02
-1.114284180526704660e+01 1.500000000000000000e+01 -3.862790560365789716e-01
3.859999999999999876e+00 1.500000000000000000e+01 0.000000000000000000e+00
1.158999999999999986e+01 1.500000000000000000e+01 -2.841162831890263085e+00
