-1.158999999999999986e+01 -1.500000000000000000e+01 -9.879477167881139943e-01
-9.548017880145264868e+00 -1.500000000000000000e+01 -5.021784671619150542e-03
3.859999999999999876e+00 -1.500000000000000000e+01 -2.449782153283808495e-01
1.158999999999999986e+01 -1.500000000000000000e+01 -4.321394218983625746e-01
-1.158999999999999986e+01 -5.000000000000000000e+00 -9.879477167881139943e-01
-9.548017880145264868e+00 -5.000000000000000000e+00 -5.021784671619150542e-03
3.859999999999999876e+00 -5.000000000000000000e+00 -2.449782153283808495e-01
1.158999999999999986e+01 -5.000000000000000000e+00 -4.321394218983625746e-01
-1.158999999999999986e+01 5.000000000000000000e+00 -2.464847507298665974e+00
-9.548017880145264868e+00 5.000000000000000000e+00 -1.004356934323830108e-02
3.859999999999999876e+00 5.000000000000000000e+00 -4.899564306567616989e-01
1.158999999999999986e+01 5.000000000000000000e+00 -7.851524927013340260e-01
-1.158999999999999986e+01 1.500000000000000000e+01 -3.921660159122741351e+00
-9.548017880145264868e+00 1.500000000000000000e+01 -1.004356934323830108e-02
3.859999999999999876e+00 1.500000000000000000e+01 -4.899564306567616989e-01
1.158999999999999986e+01 1.500000000000000000e+01 -1.783398408772587374e-01
