-1.158999999999999986e+01 -1.500000000000000000e+01 -2.989936416827029042e+00
-7.500000000000000000e+00 -1.500000000000000000e+01 -9.676522281703014983e-04
3.859999999999999876e+00 -1.500000000000000000e+01 -2.490323477718296985e-01
1.158999999999999986e+01 -1.500000000000000000e+01 -4.100635831729711467e-01
-1.158999999999999986e+01 -5.000000000000000000e+00 -2.989936416827029042e+00
-7.500000000000000000e+00 -5.000000000000000000e+00 -9.676522281703014983e-04
3.859999999999999876e+00 -5.000000000000000000e+00 -2.490323477718296985e-01
1.158999999999999986e+01 -5.000000000000000000e+00 -4.100635831729711467e-01
-1.158999999999999986e+01 5.000000000000000000e+00 -2.991291129946467287e+00
-7.500000000000000000e+00 5.000000000000000000e+00 -1.935304456340602997e-03
3.859999999999999876e+00 5.000000000000000000e+00 -4.980646955436593970e-01
1.158999999999999986e+01 5.000000000000000000e+00 -7.587088700535327135e-01
-1.158999999999999986e+01 1.500000000000000000e+01 -2.988775234153224325e+00
-7.500000000000000000e+00 1.500000000000000000e+01 -1.935304456340602997e-03
3.859999999999999876e+00 1.500000000000000000e+01 -4.980646955436593970e-01
1.158999999999999986e+01 1.500000000000000000e+01 -1.112247658467755002e-01
