-1.158999999999999986e+01 -1.500000000000000000e+01 -9.351085935611951339e-01
-7.727119922535816698e+00 -1.500000000000000000e+01 -2.703808601616869423e-02
3.859999999999999876e+00 -1.500000000000000000e+01 -2.229619139838313058e-01
1.158999999999999986e+01 -1.500000000000000000e+01 -8.434246106651666075e-01
-1.158999999999999986e+01 -5.000000000000000000e+00 -9.351085935611951339e-01
-7.727119922535816698e+00 -5.000000000000000000e+00 -2.703808601616869423e-02
3.859999999999999876e+00 -5.000000000000000000e+00 -2.229619139838313058e-01
1.158999999999999986e+01 -5.000000000000000000e+00 -8.434246106651666075e-01
-1.158999999999999986e+01 5.000000000000000000e+00 -2.310733397886818974e+00
-7.727119922535816698e+00 5.000000000000000000e+00 -5.407617203233738845e-02
3.859999999999999876e+00 5.000000000000000000e+00 -4.459238279676626115e-01
1.158999999999999986e+01 5.000000000000000000e+00 -1.047418946177855581e+00
-1.158999999999999986e+01 1.500000000000000000e+01 -3.578205858147768481e+00
-7.727119922535816698e+00 1.500000000000000000e+01 -5.407617203233738845e-02
3.859999999999999876e+00 1.500000000000000000e+01 -4.459238279676626115e-01
1.158999999999999986e+01 1.500000000000000000e+01 -3.595656257552194424e-01
