-1.146290241917457386e+01 -1.500000000000000000e+01 -3.491609676698296250e-01
-1.159872902419174601e+01 -1.500000000000000000e+01 -2.182256047936435017e-01
3.859999999999999876e+00 -1.500000000000000000e+01 0.000000000000000000e+00
1.158999999999999986e+01 -1.500000000000000000e+01 -4.436451209587287003e+00
-1.158999999999999986e+01 -5.000000000000000000e+00 -3.491609676698296250e-01
-1.159872902419174601e+01 -5.000000000000000000e+00 -2.182256047936435017e-01
3.859999999999999876e+00 -5.000000000000000000e+00 0.000000000000000000e+00
1.158999999999999986e+01 -5.000000000000000000e+00 -4.436451209587287003e+00
-1.171709758082542585e+01 5.000000000000000000e+00 -6.546768143809305052e-01
-1.159872902419174601e+01 5.000000000000000000e+00 -4.364512095872870034e-01
3.859999999999999876e+00 5.000000000000000000e+00 0.000000000000000000e+00
1.158999999999999986e+01 5.000000000000000000e+00 -3.563548790412712997e+00
-1.171709758082542585e+01 1.500000000000000000e+01 -8.729024191745740624e-02
-1.159872902419174601e+01 1.500000000000000000e+01 -4.364512095872870034e-01
3.859999999999999876e+00 1.500000000000000000e+01 0.000000000000000000e+00
1.158999999999999986e+01 1.500000000000000000e+01 -2.690646371238138990e+00
