-1.158999999999999986e+01 -1.500000000000000000e+01 -4.234483444305986666e+00
-1.159893793377722204e+01 -1.500000000000000000e+01 0.000000000000000000e+00
3.859999999999999876e+00 -1.500000000000000000e+01 -2.234483444305986610e-01
1.158999999999999986e+01 -1.500000000000000000e+01 -7.823438401993793034e-01
-1.158999999999999986e+01 -5.000000000000000000e+00 -4.234483444305986666e+00
-1.159893793377722204e+01 -5.000000000000000000e+00 0.000000000000000000e+00
3.859999999999999876e+00 -5.000000000000000000e+00 -2.234483444305986610e-01
1.158999999999999986e+01 -5.000000000000000000e+00 -7.823438401993793034e-01
-1.158999999999999986e+01 5.000000000000000000e+00 -3.340690066583592355e+00
-1.159893793377722204e+01 5.000000000000000000e+00 0.000000000000000000e+00
3.859999999999999876e+00 5.000000000000000000e+00 -4.468966888611973221e-01
1.158999999999999986e+01 5.000000000000000000e+00 -1.095171522402217379e+00
-1.158999999999999986e+01 1.500000000000000000e+01 -2.446896688861197156e+00
-1.159893793377722204e+01 1.500000000000000000e+01 0.000000000000000000e+00
3.859999999999999876e+00 1.500000000000000000e+01 -4.468966888611973221e-01
1.158999999999999986e+01 1.500000000000000000e+01 -5.142058268826609213e-01
