-1.060301082566039277e+01 -1.500000000000000000e+01 -5.204330264157031039e-02
-1.156397834867921404e+01 -1.500000000000000000e+01 0.000000000000000000e+00
3.859999999999999876e+00 -1.500000000000000000e+01 0.000000000000000000e+00
1.158999999999999986e+01 -1.500000000000000000e+01 -3.947956697358429690e+00
-1.158999999999999986e+01 -5.000000000000000000e+00 -3.252706415098144399e-02
-1.156397834867921404e+01 -5.000000000000000000e+00 0.000000000000000000e+00
3.859999999999999876e+00 -5.000000000000000000e+00 0.000000000000000000e+00
1.158999999999999986e+01 -5.000000000000000000e+00 -3.947956697358429690e+00
-1.257698917433960872e+01 5.000000000000000000e+00 -1.301082566039257760e-02
-1.156397834867921404e+01 5.000000000000000000e+00 0.000000000000000000e+00
3.859999999999999876e+00 5.000000000000000000e+00 0.000000000000000000e+00
1.158999999999999986e+01 5.000000000000000000e+00 -3.947956697358429690e+00
-1.257698917433960872e+01 1.500000000000000000e+01 -1.301082566039257760e-02
-1.156397834867921404e+01 1.500000000000000000e+01 0.000000000000000000e+00
3.859999999999999876e+00 1.500000000000000000e+01 0.000000000000000000e+00
1.158999999999999986e+01 1.500000000000000000e+01 -3.947956697358429690e+00
