-1.177689793896377068e+01 -1.500000000000000000e+01 -3.252408244144913141e-01
-9.963795877927543287e+00 -1.500000000000000000e+01 -2.032755152590570435e-01
3.859999999999999876e+00 -1.500000000000000000e+01 0.000000000000000000e+00
1.158999999999999986e+01 -1.500000000000000000e+01 -1.560693816891315588e+00
-1.177689793896377068e+01 -5.000000000000000000e+00 -3.252408244144913141e-01
-9.963795877927543287e+00 -5.000000000000000000e+00 -2.032755152590570435e-01
3.859999999999999876e+00 -5.000000000000000000e+00 0.000000000000000000e+00
1.158999999999999986e+01 -5.000000000000000000e+00 -1.560693816891315588e+00
-1.177689793896377068e+01 5.000000000000000000e+00 -6.098265457771711029e-01
-9.963795877927543287e+00 5.000000000000000000e+00 -4.065510305181140871e-01
3.859999999999999876e+00 5.000000000000000000e+00 0.000000000000000000e+00
1.158999999999999986e+01 5.000000000000000000e+00 -2.780346908445657572e+00
-1.177689793896377068e+01 1.500000000000000000e+01 -8.131020610362282852e-02
-9.963795877927543287e+00 1.500000000000000000e+01 -4.065510305181140871e-01
3.859999999999999876e+00 1.500000000000000000e+01 0.000000000000000000e+00
1.158999999999999986e+01 1.500000000000000000e+01 -4.000000000000000000e+00
