-1.158999999999999986e+01 -1.500000000000000000e+01 -5.276252723941128320e-01
-7.826242102557451119e+00 -1.500000000000000000e+01 -2.300585511884198631e-01
3.859999999999999876e+00 -1.500000000000000000e+01 0.000000000000000000e+00
1.158999999999999986e+01 -1.500000000000000000e+01 -9.202342047536794523e-01
-1.158999999999999986e+01 -5.000000000000000000e+00 -5.276252723941128320e-01
-7.826242102557451119e+00 -5.000000000000000000e+00 -2.300585511884198631e-01
3.859999999999999876e+00 -5.000000000000000000e+00 0.000000000000000000e+00
1.158999999999999986e+01 -5.000000000000000000e+00 -9.202342047536794523e-01
-1.158999999999999986e+01 5.000000000000000000e+00 -9.294730393042212047e-01
-7.826242102557451119e+00 5.000000000000000000e+00 -4.601171023768397261e-01
3.859999999999999876e+00 5.000000000000000000e+00 0.000000000000000000e+00
1.158999999999999986e+01 5.000000000000000000e+00 -2.300585511884198464e+00
-1.158999999999999986e+01 1.500000000000000000e+01 -4.110866014606501251e-01
-7.826242102557451119e+00 1.500000000000000000e+01 -4.601171023768397261e-01
3.859999999999999876e+00 1.500000000000000000e+01 0.000000000000000000e+00
1.158999999999999986e+01 1.500000000000000000e+01 -3.680936819014717809e+00
