-1.158999999999999986e+01 -1.500000000000000000e+01 -3.481523688966849051e+00
-9.849238155516575333e+00 -1.500000000000000000e+01 0.000000000000000000e+00
3.859999999999999876e+00 -1.500000000000000000e+01 0.000000000000000000e+00
1.158999999999999986e+01 -1.500000000000000000e+01 -5.184763110331509495e-01
-1.158999999999999986e+01 -5.000000000000000000e+00 -2.175952305604280657e+00
-9.849238155516575333e+00 -5.000000000000000000e+00 0.000000000000000000e+00
3.859999999999999876e+00 -5.000000000000000000e+00 0.000000000000000000e+00
1.158999999999999986e+01 -5.000000000000000000e+00 -5.184763110331509495e-01
-1.158999999999999986e+01 5.000000000000000000e+00 -8.703809222417122626e-01
-9.849238155516575333e+00 5.000000000000000000e+00 0.000000000000000000e+00
3.859999999999999876e+00 5.000000000000000000e+00 0.000000000000000000e+00
1.158999999999999986e+01 5.000000000000000000e+00 -5.184763110331509495e-01
-1.158999999999999986e+01 1.500000000000000000e+01 -8.703809222417122626e-01
-9.849238155516575333e+00 1.500000000000000000e+01 0.000000000000000000e+00
3.859999999999999876e+00 1.500000000000000000e+01 0.000000000000000000e+00
1.158999999999999986e+01 1.500000000000000000e+01 -5.184763110331509495e-01
