-1.257192829019215807e+01 -1.500000000000000000e+01 -3.927713160768630640e+00
-1.158999999999999986e+01 -1.500000000000000000e+01 0.000000000000000000e+00
3.859999999999999876e+00 -1.500000000000000000e+01 0.000000000000000000e+00
1.158999999999999986e+01 -1.500000000000000000e+01 -3.614341961568467987e-02
-1.257192829019215807e+01 -5.000000000000000000e+00 -3.927713160768630640e+00
-1.158999999999999986e+01 -5.000000000000000000e+00 0.000000000000000000e+00
3.859999999999999876e+00 -5.000000000000000000e+00 0.000000000000000000e+00
1.158999999999999986e+01 -5.000000000000000000e+00 -3.614341961568467987e-02
-1.257192829019215807e+01 5.000000000000000000e+00 -3.927713160768630640e+00
-1.158999999999999986e+01 5.000000000000000000e+00 0.000000000000000000e+00
3.859999999999999876e+00 5.000000000000000000e+00 0.000000000000000000e+00
1.158999999999999986e+01 5.000000000000000000e+00 -5.421512942352701980e-02
-1.257192829019215807e+01 1.500000000000000000e+01 -3.927713160768630640e+00
-1.158999999999999986e+01 1.500000000000000000e+01 0.000000000000000000e+00
3.859999999999999876e+00 1.500000000000000000e+01 0.000000000000000000e+00
1.158999999999999986e+01 1.500000000000000000e+01 -7.228683923136935974e-02
