-1.158999999999999986e+01 -1.500000000000000000e+01 -3.876928381579947680e-01
-7.625840729834504117e+00 -1.500000000000000000e+01 -2.423080238487467231e-01
3.859999999999999876e+00 -1.500000000000000000e+01 0.000000000000000000e+00
1.158999999999999986e+01 -1.500000000000000000e+01 -1.030767904605013108e+00
-1.158999999999999986e+01 -5.000000000000000000e+00 -3.876928381579947680e-01
-7.625840729834504117e+00 -5.000000000000000000e+00 -2.423080238487467231e-01
3.859999999999999876e+00 -5.000000000000000000e+00 0.000000000000000000e+00
1.158999999999999986e+01 -5.000000000000000000e+00 -1.030767904605013108e+00
-1.158999999999999986e+01 5.000000000000000000e+00 -7.269240715462401692e-01
-7.625840729834504117e+00 5.000000000000000000e+00 -4.846160476974934461e-01
3.859999999999999876e+00 5.000000000000000000e+00 0.000000000000000000e+00
1.158999999999999986e+01 5.000000000000000000e+00 -2.515383952302506554e+00
-1.158999999999999986e+01 1.500000000000000000e+01 -9.692320953949869200e-02
-7.625840729834504117e+00 1.500000000000000000e+01 -4.846160476974934461e-01
3.859999999999999876e+00 1.500000000000000000e+01 0.000000000000000000e+00
1.158999999999999986e+01 1.500000000000000000e+01 -4.000000000000000000e+00
