-1.158999999999999986e+01 -1.500000000000000000e+01 -1.322468643824785239e+00
-8.818896753243370412e+00 -1.500000000000000000e+01 0.000000000000000000e+00
3.859999999999999876e+00 -1.500000000000000000e+01 -1.693828390438037179e-01
1.158999999999999986e+01 -1.500000000000000000e+01 -2.710125424700859376e-01
-1.158999999999999986e+01 -5.000000000000000000e+00 -1.322468643824785239e+00
-8.818896753243370412e+00 -5.000000000000000000e+00 0.000000000000000000e+00
3.859999999999999876e+00 -5.000000000000000000e+00 -1.693828390438037179e-01
1.158999999999999986e+01 -5.000000000000000000e+00 -2.710125424700859376e-01
-1.158999999999999986e+01 5.000000000000000000e+00 -2.661234321912392620e+00
-8.818896753243370412e+00 5.000000000000000000e+00 0.000000000000000000e+00
3.859999999999999876e+00 5.000000000000000000e+00 -3.387656780876074358e-01
1.158999999999999986e+01 5.000000000000000000e+00 -5.081485171314111815e-01
-1.158999999999999986e+01 1.500000000000000000e+01 -4.000000000000000000e+00
-8.818896753243370412e+00 1.500000000000000000e+01 0.000000000000000000e+00
3.859999999999999876e+00 1.500000000000000000e+01 -3.387656780876074358e-01
1.158999999999999986e+01 1.500000000000000000e+01 -6.775313561752148439e-02
