-1.144051537539689178e+01 -1.500000000000000000e+01 -3.402061501587573478e+00
-1.158999999999999986e+01 -1.500000000000000000e+01 0.000000000000000000e+00
3.859999999999999876e+00 -1.500000000000000000e+01 0.000000000000000000e+00
1.158999999999999986e+01 -1.500000000000000000e+01 -2.298969249206213483e+00
-1.158999999999999986e+01 -5.000000000000000000e+00 -3.402061501587573478e+00
-1.158999999999999986e+01 -5.000000000000000000e+00 0.000000000000000000e+00
3.859999999999999876e+00 -5.000000000000000000e+00 0.000000000000000000e+00
1.158999999999999986e+01 -5.000000000000000000e+00 -2.298969249206213483e+00
-1.173948462460310616e+01 5.000000000000000000e+00 -3.402061501587573478e+00
-1.158999999999999986e+01 5.000000000000000000e+00 0.000000000000000000e+00
3.859999999999999876e+00 5.000000000000000000e+00 0.000000000000000000e+00
1.158999999999999986e+01 5.000000000000000000e+00 -2.298969249206213483e+00
-1.173948462460310616e+01 1.500000000000000000e+01 -3.402061501587573478e+00
-1.158999999999999986e+01 1.500000000000000000e+01 0.000000000000000000e+00
3.859999999999999876e+00 1.500000000000000000e+01 0.000000000000000000e+00
1.158999999999999986e+01 1.500000000000000000e+01 -2.298969249206213483e+00
