-1.158999999999999986e+01 -1.500000000000000000e+01 -6.307506163286120682e-01
-7.801417992579249727e+00 -1.500000000000000000e+01 -2.860547838013456357e-01
3.859999999999999876e+00 -1.500000000000000000e+01 0.000000000000000000e+00
1.158999999999999986e+01 -1.500000000000000000e+01 -3.144219135205382543e+00
-1.158999999999999986e+01 -5.000000000000000000e+00 -5.225862649245751612e-01
-7.801417992579249727e+00 -5.000000000000000000e+00 -2.860547838013456357e-01
3.859999999999999876e+00 -5.000000000000000000e+00 0.000000000000000000e+00
1.158999999999999986e+01 -5.000000000000000000e+00 -2.927890432397308729e+00
-1.158999999999999986e+01 5.000000000000000000e+00 -8.221095676026912713e-01
-7.801417992579249727e+00 5.000000000000000000e+00 -4.639452161986543643e-01
3.859999999999999876e+00 5.000000000000000000e+00 0.000000000000000000e+00
1.158999999999999986e+01 5.000000000000000000e+00 -2.711561729589234915e+00
-1.158999999999999986e+01 1.500000000000000000e+01 -3.740163568902268310e-01
-7.801417992579249727e+00 1.500000000000000000e+01 -4.639452161986543643e-01
3.859999999999999876e+00 1.500000000000000000e+01 0.000000000000000000e+00
1.158999999999999986e+01 1.500000000000000000e+01 -2.711561729589234915e+00
