-1.158999999999999986e+01 -1.500000000000000000e+01 -6.291343425508961751e-01
-9.596181094290818336e+00 -1.500000000000000000e+01 -1.545273572704599085e-01
3.859999999999999432e+00 -1.500000000000000000e+01 -9.547264272954009146e-02
1.158999999999999986e+01 -1.500000000000000000e+01 -2.934248659235542789e+00
-1.158999999999999986e+01 -5.000000000000000000e+00 -6.291343425508961751e-01
-9.596181094290818336e+00 -5.000000000000000000e+00 -1.545273572704599085e-01
3.859999999999999432e+00 -5.000000000000000000e+00 -9.547264272954009146e-02
1.158999999999999986e+01 -5.000000000000000000e+00 -2.934248659235542789e+00
-1.158999999999999986e+01 5.000000000000000000e+00 -1.418308499106780696e+00
-9.596181094290818336e+00 5.000000000000000000e+00 -3.090547145409198171e-01
3.859999999999999432e+00 5.000000000000000000e+00 -1.909452854590801829e-01
1.158999999999999986e+01 5.000000000000000000e+00 -2.449800929975058938e+00
-1.158999999999999986e+01 1.500000000000000000e+01 -1.589373226580825360e+00
-9.596181094290818336e+00 1.500000000000000000e+01 -3.090547145409198171e-01
3.859999999999999432e+00 1.500000000000000000e+01 -1.909452854590801829e-01
1.158999999999999986e+01 1.500000000000000000e+01 -1.583462629796415166e+00
