-1.158999999999999986e+01 -1.500000000000000000e+01 -4.269055989657936756e+00
-1.159538111979316000e+01 -1.500000000000000000e+01 0.000000000000000000e+00
3.859999999999999876e+00 -1.500000000000000000e+01 -1.345279948289684890e-01
1.158999999999999986e+01 -1.500000000000000000e+01 -2.152447917263495825e-01
-1.158999999999999986e+01 -5.000000000000000000e+00 -4.269055989657936756e+00
-1.159538111979316000e+01 -5.000000000000000000e+00 0.000000000000000000e+00
3.859999999999999876e+00 -5.000000000000000000e+00 -1.345279948289684890e-01
1.158999999999999986e+01 -5.000000000000000000e+00 -2.152447917263495825e-01
-1.158999999999999986e+01 5.000000000000000000e+00 -3.730944010342063244e+00
-1.159538111979316000e+01 5.000000000000000000e+00 0.000000000000000000e+00
3.859999999999999876e+00 5.000000000000000000e+00 -2.690559896579369781e-01
1.158999999999999986e+01 5.000000000000000000e+00 -4.035839844869054671e-01
-1.158999999999999986e+01 1.500000000000000000e+01 -3.192832031026188844e+00
-1.159538111979316000e+01 1.500000000000000000e+01 0.000000000000000000e+00
3.859999999999999876e+00 1.500000000000000000e+01 -2.690559896579369781e-01
1.158999999999999986e+01 1.500000000000000000e+01 -5.381119793158739562e-02
