-1.227014047012654707e+01 -1.500000000000000000e+01 -1.279438119493812032e-01
-1.095347953555182841e+01 -1.500000000000000000e+01 -7.996488246836325198e-02
3.859999999999999876e+00 -1.500000000000000000e+01 0.000000000000000000e+00
1.158999999999999986e+01 -1.500000000000000000e+01 -4.159929764936726393e+00
-1.227014047012654707e+01 -5.000000000000000000e+00 -1.279438119493812032e-01
-1.095347953555182841e+01 -5.000000000000000000e+00 -7.996488246836325198e-02
3.859999999999999876e+00 -5.000000000000000000e+00 0.000000000000000000e+00
1.158999999999999986e+01 -5.000000000000000000e+00 -4.159929764936726393e+00
-1.227014047012654707e+01 5.000000000000000000e+00 -2.398946474050897559e-01
-1.095347953555182841e+01 5.000000000000000000e+00 -1.599297649367265040e-01
3.859999999999999876e+00 5.000000000000000000e+00 0.000000000000000000e+00
1.158999999999999986e+01 5.000000000000000000e+00 -3.840070235063273607e+00
-1.227014047012654707e+01 1.500000000000000000e+01 -3.198595298734530079e-02
-1.095347953555182841e+01 1.500000000000000000e+01 -1.599297649367265040e-01
3.859999999999999876e+00 1.500000000000000000e+01 0.000000000000000000e+00
1.158999999999999986e+01 1.500000000000000000e+01 -3.520210705189820377e+00
