-1.123254054942219682e+01 -1.500000000000000000e+01 -1.686854022080087834e+00
-8.962009152863210204e+00 -1.500000000000000000e+01 -1.606351373555494622e-01
3.860000000000000320e+00 -1.500000000000000000e+01 0.000000000000000000e+00
1.158999999999999986e+01 -1.500000000000000000e+01 -1.927621648266593546e+00
-1.158999999999999986e+01 -5.000000000000000000e+00 -1.686854022080087834e+00
-8.962009152863210204e+00 -5.000000000000000000e+00 -1.606351373555494622e-01
3.860000000000000320e+00 -5.000000000000000000e+00 0.000000000000000000e+00
1.158999999999999986e+01 -5.000000000000000000e+00 -1.927621648266593546e+00
-1.194745945057780290e+01 5.000000000000000000e+00 -1.911743214377856992e+00
-8.962009152863210204e+00 5.000000000000000000e+00 -3.212702747110989243e-01
3.860000000000000320e+00 5.000000000000000000e+00 0.000000000000000000e+00
1.158999999999999986e+01 5.000000000000000000e+00 -1.927621648266593546e+00
-1.194745945057780290e+01 1.500000000000000000e+01 -1.494091857253428302e+00
-8.962009152863210204e+00 1.500000000000000000e+01 -3.212702747110989243e-01
3.860000000000000320e+00 1.500000000000000000e+01 0.000000000000000000e+00
1.158999999999999986e+01 1.500000000000000000e+01 -1.927621648266593546e+00
