-1.199146009404636892e+01 -1.500000000000000000e+01 -1.605840376185477592e+00
-1.039292018809273799e+01 -1.500000000000000000e+01 0.000000000000000000e+00
3.859999999999999876e+00 -1.500000000000000000e+01 0.000000000000000000e+00
1.158999999999999986e+01 -1.500000000000000000e+01 -2.394159623814522408e+00
-1.199146009404636892e+01 -5.000000000000000000e+00 -1.605840376185477592e+00
-1.039292018809273799e+01 -5.000000000000000000e+00 0.000000000000000000e+00
3.859999999999999876e+00 -5.000000000000000000e+00 0.000000000000000000e+00
1.158999999999999986e+01 -5.000000000000000000e+00 -1.496349764884076450e+00
-1.199146009404636892e+01 5.000000000000000000e+00 -1.605840376185477592e+00
-1.039292018809273799e+01 5.000000000000000000e+00 0.000000000000000000e+00
3.859999999999999876e+00 5.000000000000000000e+00 0.000000000000000000e+00
1.158999999999999986e+01 5.000000000000000000e+00 -5.985399059536306021e-01
-1.199146009404636892e+01 1.500000000000000000e+01 -1.605840376185477592e+00
-1.039292018809273799e+01 1.500000000000000000e+01 0.000000000000000000e+00
3.859999999999999876e+00 1.500000000000000000e+01 0.000000000000000000e+00
1.158999999999999986e+01 1.500000000000000000e+01 -5.985399059536306021e-01
