-1.158999999999999986e+01 -1.500000000000000000e+01 -1.740464615707345342e+00
-9.022916743956400865e+00 -1.500000000000000000e+01 -1.569121794647676815e-01
3.859999999999999876e+00 -1.500000000000000000e+01 0.000000000000000000e+00
1.158999999999999986e+01 -1.500000000000000000e+01 -6.276487178590707261e-01
-1.158999999999999986e+01 -5.000000000000000000e+00 -1.740464615707345342e+00
-9.022916743956400865e+00 -5.000000000000000000e+00 -1.569121794647676815e-01
3.859999999999999876e+00 -5.000000000000000000e+00 0.000000000000000000e+00
1.158999999999999986e+01 -5.000000000000000000e+00 -6.276487178590707261e-01
-1.158999999999999986e+01 5.000000000000000000e+00 -1.960141666958020057e+00
-9.022916743956400865e+00 5.000000000000000000e+00 -3.138243589295353630e-01
3.859999999999999876e+00 5.000000000000000000e+00 0.000000000000000000e+00
1.158999999999999986e+01 5.000000000000000000e+00 -1.569121794647676760e+00
-1.158999999999999986e+01 1.500000000000000000e+01 -1.552170000349624157e+00
-9.022916743956400865e+00 1.500000000000000000e+01 -3.138243589295353630e-01
3.859999999999999876e+00 1.500000000000000000e+01 0.000000000000000000e+00
1.158999999999999986e+01 1.500000000000000000e+01 -2.510594871436282904e+00
