-1.158999999999999986e+01 -1.500000000000000000e+01 -1.717022105399394150e+00
-1.044851105269969693e+01 -1.500000000000000000e+01 0.000000000000000000e+00
3.859999999999999432e+00 -1.500000000000000000e+01 0.000000000000000000e+00
1.158999999999999986e+01 -1.500000000000000000e+01 -2.282977894600605850e+00
-1.158999999999999986e+01 -5.000000000000000000e+00 -1.717022105399394150e+00
-1.044851105269969693e+01 -5.000000000000000000e+00 0.000000000000000000e+00
3.859999999999999432e+00 -5.000000000000000000e+00 0.000000000000000000e+00
1.158999999999999986e+01 -5.000000000000000000e+00 -1.426861184125378657e+00
-1.158999999999999986e+01 5.000000000000000000e+00 -1.717022105399394150e+00
-1.044851105269969693e+01 5.000000000000000000e+00 0.000000000000000000e+00
3.859999999999999432e+00 5.000000000000000000e+00 0.000000000000000000e+00
1.158999999999999986e+01 5.000000000000000000e+00 -5.707444736501514626e-01
-1.158999999999999986e+01 1.500000000000000000e+01 -1.717022105399394150e+00
-1.044851105269969693e+01 1.500000000000000000e+01 0.000000000000000000e+00
3.859999999999999432e+00 1.500000000000000000e+01 0.000000000000000000e+00
1.158999999999999986e+01 1.500000000000000000e+01 -5.707444736501514626e-01
