-1.158999999999999986e+01 -1.500000000000000000e+01 -9.866551136792542920e-01
-9.877604092315927176e+00 -1.500000000000000000e+01 -2.142283467268747410e-01
3.860000000000000320e+00 -1.500000000000000000e+01 -3.577165327312525900e-02
1.158999999999999986e+01 -1.500000000000000000e+01 -9.141480321444993562e-01
-1.158999999999999986e+01 -5.000000000000000000e+00 -9.866551136792542920e-01
-9.877604092315927176e+00 -5.000000000000000000e+00 -2.142283467268747410e-01
3.860000000000000320e+00 -5.000000000000000000e+00 -3.577165327312525900e-02
1.158999999999999986e+01 -5.000000000000000000e+00 -9.141480321444993562e-01
-1.158999999999999986e+01 5.000000000000000000e+00 -1.143488186004377738e+00
-9.877604092315927176e+00 5.000000000000000000e+00 -4.284566934537494820e-01
3.860000000000000320e+00 5.000000000000000000e+00 -7.154330654625051800e-02
1.158999999999999986e+01 5.000000000000000000e+00 -2.249598427088122854e+00
-1.158999999999999986e+01 1.500000000000000000e+01 -4.434078714220024975e-01
-9.877604092315927176e+00 1.500000000000000000e+01 -4.284566934537494820e-01
3.860000000000000320e+00 1.500000000000000000e+01 -7.154330654625051800e-02
1.158999999999999986e+01 1.500000000000000000e+01 -3.441962208939246093e+00
