-1.158999999999999986e+01 -1.500000000000000000e+01 -1.843203596680071943e+00
-9.139639641783748658e+00 -1.500000000000000000e+01 -1.497775280083283311e-01
3.859999999999999876e+00 -1.500000000000000000e+01 0.000000000000000000e+00
1.158999999999999986e+01 -1.500000000000000000e+01 -1.198220224066626649e+00
-1.158999999999999986e+01 -5.000000000000000000e+00 -1.843203596680071943e+00
-9.139639641783748658e+00 -5.000000000000000000e+00 -1.497775280083283311e-01
3.859999999999999876e+00 -5.000000000000000000e+00 0.000000000000000000e+00
1.158999999999999986e+01 -5.000000000000000000e+00 -1.198220224066626649e+00
-1.158999999999999986e+01 5.000000000000000000e+00 -2.052892135891731584e+00
-9.139639641783748658e+00 5.000000000000000000e+00 -2.995550560166566623e-01
3.859999999999999876e+00 5.000000000000000000e+00 0.000000000000000000e+00
1.158999999999999986e+01 5.000000000000000000e+00 -1.497775280083283311e+00
-1.158999999999999986e+01 1.500000000000000000e+01 -1.663470563070078123e+00
-9.139639641783748658e+00 1.500000000000000000e+01 -2.995550560166566623e-01
3.859999999999999876e+00 1.500000000000000000e+01 0.000000000000000000e+00
1.158999999999999986e+01 1.500000000000000000e+01 -2.396440448133253298e+00
