-1.158999999999999986e+01 -1.500000000000000000e+01 -4.440066757636460082e+00
-9.838534304606886494e+00 -1.500000000000000000e+01 0.000000000000000000e+00
3.859999999999999876e+00 -1.500000000000000000e+01 -2.200333788182303463e-01
1.158999999999999986e+01 -1.500000000000000000e+01 -3.520534061091685762e-01
-1.158999999999999986e+01 -5.000000000000000000e+00 -4.440066757636460082e+00
-9.838534304606886494e+00 -5.000000000000000000e+00 0.000000000000000000e+00
3.859999999999999876e+00 -5.000000000000000000e+00 -2.200333788182303463e-01
1.158999999999999986e+01 -5.000000000000000000e+00 -3.520534061091685762e-01
-1.158999999999999986e+01 5.000000000000000000e+00 -3.559933242363539474e+00
-9.838534304606886494e+00 5.000000000000000000e+00 0.000000000000000000e+00
3.859999999999999876e+00 5.000000000000000000e+00 -4.400667576364606925e-01
1.158999999999999986e+01 5.000000000000000000e+00 -6.601001364546910111e-01
-1.158999999999999986e+01 1.500000000000000000e+01 -2.679799727090617978e+00
-9.838534304606886494e+00 1.500000000000000000e+01 0.000000000000000000e+00
3.859999999999999876e+00 1.500000000000000000e+01 -4.400667576364606925e-01
1.158999999999999986e+01 1.500000000000000000e+01 -8.801335152729214406e-02
