-1.158999999999999986e+01 -1.500000000000000000e+01 0.000000000000000000e+00
-9.589999999999999858e+00 -1.500000000000000000e+01 0.000000000000000000e+00
3.859999999999999876e+00 -1.500000000000000000e+01 0.000000000000000000e+00
1.158999999999999986e+01 -1.500000000000000000e+01 -3.853906913230679354e+00
-1.158999999999999986e+01 -5.000000000000000000e+00 0.000000000000000000e+00
-9.589999999999999858e+00 -5.000000000000000000e+00 0.000000000000000000e+00
3.859999999999999876e+00 -5.000000000000000000e+00 0.000000000000000000e+00
1.158999999999999986e+01 -5.000000000000000000e+00 -2.426953456615339899e+00
-1.158999999999999986e+01 5.000000000000000000e+00 0.000000000000000000e+00
-9.589999999999999858e+00 5.000000000000000000e+00 0.000000000000000000e+00
3.859999999999999876e+00 5.000000000000000000e+00 0.000000000000000000e+00
1.158999999999999986e+01 5.000000000000000000e+00 -1.073046543384660323e+00
-1.158999999999999986e+01 1.500000000000000000e+01 0.000000000000000000e+00
-9.589999999999999858e+00 1.500000000000000000e+01 0.000000000000000000e+00
3.859999999999999876e+00 1.500000000000000000e+01 0.000000000000000000e+00
1.158999999999999986e+01 1.500000000000000000e+01 -1.146093086769320646e+00
