-1.158999999999999986e+01 -1.500000000000000000e+01 -9.630629377144539482e-02
-1.145870241949159585e+01 -1.500000000000000000e+01 0.000000000000000000e+00
3.859999999999999876e+00 -1.500000000000000000e+01 -8.025524480953782902e-03
1.158999999999999986e+01 -1.500000000000000000e+01 -3.884432447474265526e+00
-1.158999999999999986e+01 -5.000000000000000000e+00 -9.630629377144539482e-02
-1.145870241949159585e+01 -5.000000000000000000e+00 0.000000000000000000e+00
3.859999999999999876e+00 -5.000000000000000000e+00 -8.025524480953782902e-03
1.158999999999999986e+01 -5.000000000000000000e+00 -3.884432447474265526e+00
-1.158999999999999986e+01 5.000000000000000000e+00 -9.630629377144539482e-02
-1.145870241949159585e+01 5.000000000000000000e+00 0.000000000000000000e+00
3.859999999999999876e+00 5.000000000000000000e+00 -1.605104896190756580e-02
1.158999999999999986e+01 5.000000000000000000e+00 -3.895668181747600656e+00
-1.158999999999999986e+01 1.500000000000000000e+01 -9.630629377144539482e-02
-1.145870241949159585e+01 1.500000000000000000e+01 0.000000000000000000e+00
3.859999999999999876e+00 1.500000000000000000e+01 -1.605104896190756580e-02
1.158999999999999986e+01 1.500000000000000000e+01 -3.874801818097120876e+00
