-1.085474932847337826e+01 -1.500000000000000000e+01 -5.294986569467567961e-01
-1.050717524654388235e+01 -1.500000000000000000e+01 0.000000000000000000e+00
3.859999999999999876e+00 -1.500000000000000000e+01 -6.618733211834459951e-02
1.158999999999999986e+01 -1.500000000000000000e+01 -3.046902417495837678e+00
-1.158999999999999986e+01 -5.000000000000000000e+00 -5.294986569467567961e-01
-1.050717524654388235e+01 -5.000000000000000000e+00 0.000000000000000000e+00
3.859999999999999876e+00 -5.000000000000000000e+00 -6.618733211834459951e-02
1.158999999999999986e+01 -5.000000000000000000e+00 -3.046902417495837678e+00
-1.232525067152662146e+01 5.000000000000000000e+00 -6.618733211834459951e-01
-1.050717524654388235e+01 5.000000000000000000e+00 0.000000000000000000e+00
3.859999999999999876e+00 5.000000000000000000e+00 -1.323746642366891990e-01
1.158999999999999986e+01 5.000000000000000000e+00 -3.139564682461520206e+00
-1.232525067152662146e+01 1.500000000000000000e+01 -1.058997313893513592e+00
-1.050717524654388235e+01 1.500000000000000000e+01 0.000000000000000000e+00
3.859999999999999876e+00 1.500000000000000000e+01 -1.323746642366891990e-01
1.158999999999999986e+01 1.500000000000000000e+01 -2.967477618953824337e+00
