-1.192003637696173612e+01 -1.500000000000000000e+01 -1.588130957062252602e+00
-1.025007275392347239e+01 -1.500000000000000000e+01 -1.674909057595657946e-01
3.859999999999999876e+00 -1.500000000000000000e+01 0.000000000000000000e+00
1.158999999999999986e+01 -1.500000000000000000e+01 -6.699636230382631785e-01
-1.192003637696173612e+01 -5.000000000000000000e+00 -1.588130957062252602e+00
-1.025007275392347239e+01 -5.000000000000000000e+00 -1.674909057595657946e-01
3.859999999999999876e+00 -5.000000000000000000e+00 0.000000000000000000e+00
1.158999999999999986e+01 -5.000000000000000000e+00 -6.699636230382631785e-01
-1.192003637696173612e+01 5.000000000000000000e+00 -1.822618225125644642e+00
-1.025007275392347239e+01 5.000000000000000000e+00 -3.349818115191315893e-01
3.859999999999999876e+00 5.000000000000000000e+00 0.000000000000000000e+00
1.158999999999999986e+01 5.000000000000000000e+00 -1.674909057595658002e+00
-1.192003637696173612e+01 1.500000000000000000e+01 -1.387141870150773615e+00
-1.025007275392347239e+01 1.500000000000000000e+01 -3.349818115191315893e-01
3.859999999999999876e+00 1.500000000000000000e+01 0.000000000000000000e+00
1.158999999999999986e+01 1.500000000000000000e+01 -2.679854492153052714e+00
