-1.158999999999999986e+01 -1.500000000000000000e+01 -1.820044719473477457e+00
-1.050002235973673947e+01 -1.500000000000000000e+01 0.000000000000000000e+00
3.859999999999999876e+00 -1.500000000000000000e+01 0.000000000000000000e+00
1.158999999999999986e+01 -1.500000000000000000e+01 -5.449888201316306358e-01
-1.158999999999999986e+01 -5.000000000000000000e+00 -1.820044719473477457e+00
-1.050002235973673947e+01 -5.000000000000000000e+00 0.000000000000000000e+00
3.859999999999999876e+00 -5.000000000000000000e+00 0.000000000000000000e+00
1.158999999999999986e+01 -5.000000000000000000e+00 -5.449888201316306358e-01
-1.158999999999999986e+01 5.000000000000000000e+00 -1.820044719473477457e+00
-1.050002235973673947e+01 5.000000000000000000e+00 0.000000000000000000e+00
3.859999999999999876e+00 5.000000000000000000e+00 0.000000000000000000e+00
1.158999999999999986e+01 5.000000000000000000e+00 -1.362472050329076589e+00
-1.158999999999999986e+01 1.500000000000000000e+01 -1.820044719473477457e+00
-1.050002235973673947e+01 1.500000000000000000e+01 0.000000000000000000e+00
3.859999999999999876e+00 1.500000000000000000e+01 0.000000000000000000e+00
1.158999999999999986e+01 1.500000000000000000e+01 -2.179955280526522543e+00
