-1.158999999999999986e+01 -1.500000000000000000e+01 -2.379599582502740951e+00
-9.749045081232280197e+00 -1.500000000000000000e+01 -1.125278067706429741e-01
3.859999999999999432e+00 -1.500000000000000000e+01 0.000000000000000000e+00
1.158999999999999986e+01 -1.500000000000000000e+01 -9.002224541651437928e-01
-1.158999999999999986e+01 -5.000000000000000000e+00 -2.379599582502740951e+00
-9.749045081232280197e+00 -5.000000000000000000e+00 -1.125278067706429741e-01
3.859999999999999432e+00 -5.000000000000000000e+00 0.000000000000000000e+00
1.158999999999999986e+01 -5.000000000000000000e+00 -9.002224541651437928e-01
-1.158999999999999986e+01 5.000000000000000000e+00 -2.537138511981641198e+00
-9.749045081232280197e+00 5.000000000000000000e+00 -2.250556135412859482e-01
3.859999999999999432e+00 5.000000000000000000e+00 0.000000000000000000e+00
1.158999999999999986e+01 5.000000000000000000e+00 -1.125278067706429797e+00
-1.158999999999999986e+01 1.500000000000000000e+01 -2.244566214377969438e+00
-9.749045081232280197e+00 1.500000000000000000e+01 -2.250556135412859482e-01
3.859999999999999432e+00 1.500000000000000000e+01 0.000000000000000000e+00
1.158999999999999986e+01 1.500000000000000000e+01 -1.800444908330287586e+00
