-1.189117868031408598e+01 -1.500000000000000000e+01 -1.204714721256344490e+00
-1.019235736062817210e+01 -1.500000000000000000e+01 0.000000000000000000e+00
3.859999999999999876e+00 -1.500000000000000000e+01 0.000000000000000000e+00
1.158999999999999986e+01 -1.500000000000000000e+01 -6.988213196859138776e-01
-1.189117868031408598e+01 -5.000000000000000000e+00 -1.204714721256344490e+00
-1.019235736062817210e+01 -5.000000000000000000e+00 0.000000000000000000e+00
3.859999999999999876e+00 -5.000000000000000000e+00 0.000000000000000000e+00
1.158999999999999986e+01 -5.000000000000000000e+00 -6.988213196859138776e-01
-1.189117868031408598e+01 5.000000000000000000e+00 -1.204714721256344490e+00
-1.019235736062817210e+01 5.000000000000000000e+00 0.000000000000000000e+00
3.859999999999999876e+00 5.000000000000000000e+00 0.000000000000000000e+00
1.158999999999999986e+01 5.000000000000000000e+00 -1.747053299214784694e+00
-1.189117868031408598e+01 1.500000000000000000e+01 -1.204714721256344490e+00
-1.019235736062817210e+01 1.500000000000000000e+01 0.000000000000000000e+00
3.859999999999999876e+00 1.500000000000000000e+01 0.000000000000000000e+00
1.158999999999999986e+01 1.500000000000000000e+01 -2.795285278743655510e+00
