-1.158999999999999986e+01 -1.500000000000000000e+01 -2.202004060340214231e+00
-1.159489334235631119e+01 -1.500000000000000000e+01 0.000000000000000000e+00
3.859999999999999876e+00 -1.500000000000000000e+01 -1.223335589077896857e-01
1.158999999999999986e+01 -1.500000000000000000e+01 -2.238396751727828704e+00
-1.158999999999999986e+01 -5.000000000000000000e+00 -2.202004060340214231e+00
-1.159489334235631119e+01 -5.000000000000000000e+00 0.000000000000000000e+00
3.859999999999999876e+00 -5.000000000000000000e+00 -1.223335589077896857e-01
1.158999999999999986e+01 -5.000000000000000000e+00 -2.238396751727828704e+00
-1.158999999999999986e+01 5.000000000000000000e+00 -1.712669824709055710e+00
-1.159489334235631119e+01 5.000000000000000000e+00 0.000000000000000000e+00
3.859999999999999876e+00 5.000000000000000000e+00 -2.446671178155793713e-01
1.158999999999999986e+01 5.000000000000000000e+00 -2.409663734198733920e+00
-1.158999999999999986e+01 1.500000000000000000e+01 -1.223335589077896746e+00
-1.159489334235631119e+01 1.500000000000000000e+01 0.000000000000000000e+00
3.859999999999999876e+00 1.500000000000000000e+01 -2.446671178155793713e-01
1.158999999999999986e+01 1.500000000000000000e+01 -2.091596481038481059e+00
