-1.204320107391976435e+01 -1.500000000000000000e+01 -2.031523866111150767e+00
-9.353592392331835370e+00 -1.500000000000000000e+01 -1.366997315200589869e-01
3.859999999999999876e+00 -1.500000000000000000e+01 0.000000000000000000e+00
1.158999999999999986e+01 -1.500000000000000000e+01 -1.640396778240707842e+00
-1.204320107391976435e+01 -5.000000000000000000e+00 -2.031523866111150767e+00
-9.353592392331835370e+00 -5.000000000000000000e+00 -1.366997315200589869e-01
3.859999999999999876e+00 -5.000000000000000000e+00 0.000000000000000000e+00
1.158999999999999986e+01 -5.000000000000000000e+00 -1.640396778240707842e+00
-1.204320107391976435e+01 5.000000000000000000e+00 -2.222903490239233282e+00
-9.353592392331835370e+00 5.000000000000000000e+00 -2.733994630401179737e-01
3.859999999999999876e+00 5.000000000000000000e+00 0.000000000000000000e+00
1.158999999999999986e+01 5.000000000000000000e+00 -1.640396778240707842e+00
-1.204320107391976435e+01 1.500000000000000000e+01 -1.867484188287079849e+00
-9.353592392331835370e+00 1.500000000000000000e+01 -2.733994630401179737e-01
3.859999999999999876e+00 1.500000000000000000e+01 0.000000000000000000e+00
1.158999999999999986e+01 1.500000000000000000e+01 -1.640396778240707842e+00
