-1.158999999999999986e+01 -1.500000000000000000e+01 -3.467268727192418520e-01
-8.044717726445751893e+00 -1.500000000000000000e+01 -2.167042954495261575e-01
3.859999999999999876e+00 -1.500000000000000000e+01 0.000000000000000000e+00
1.158999999999999986e+01 -1.500000000000000000e+01 -3.133182818201895259e+00
-1.158999999999999986e+01 -5.000000000000000000e+00 -3.467268727192418520e-01
-8.044717726445751893e+00 -5.000000000000000000e+00 -2.167042954495261575e-01
3.859999999999999876e+00 -5.000000000000000000e+00 0.000000000000000000e+00
1.158999999999999986e+01 -5.000000000000000000e+00 -3.133182818201895259e+00
-1.158999999999999986e+01 5.000000000000000000e+00 -6.501128863485784448e-01
-8.044717726445751893e+00 5.000000000000000000e+00 -4.334085908990523150e-01
3.859999999999999876e+00 5.000000000000000000e+00 0.000000000000000000e+00
1.158999999999999986e+01 5.000000000000000000e+00 -3.133182818201895259e+00
-1.158999999999999986e+01 1.500000000000000000e+01 -8.668171817981046301e-02
-8.044717726445751893e+00 1.500000000000000000e+01 -4.334085908990523150e-01
3.859999999999999876e+00 1.500000000000000000e+01 0.000000000000000000e+00
1.158999999999999986e+01 1.500000000000000000e+01 -3.133182818201895259e+00
