-1.158999999999999986e+01 -1.500000000000000000e+01 -3.222612730468393138e+00
-9.592159409082032795e+00 -1.500000000000000000e+01 -5.398522705080602280e-02
3.859999999999999876e+00 -1.500000000000000000e+01 0.000000000000000000e+00
1.158999999999999986e+01 -1.500000000000000000e+01 -9.717340869145083548e-01
-1.158999999999999986e+01 -5.000000000000000000e+00 -2.046524092773229331e+00
-9.592159409082032795e+00 -5.000000000000000000e+00 -5.398522705080602280e-02
3.859999999999999876e+00 -5.000000000000000000e+00 0.000000000000000000e+00
1.158999999999999986e+01 -5.000000000000000000e+00 -9.717340869145083548e-01
-1.158999999999999986e+01 5.000000000000000000e+00 -9.460147729491940050e-01
-9.592159409082032795e+00 5.000000000000000000e+00 -1.079704541016120456e-01
3.859999999999999876e+00 5.000000000000000000e+00 0.000000000000000000e+00
1.158999999999999986e+01 5.000000000000000000e+00 -7.557931787112843747e-01
-1.158999999999999986e+01 1.500000000000000000e+01 -8.056531826170982846e-01
-9.592159409082032795e+00 1.500000000000000000e+01 -1.079704541016120456e-01
3.859999999999999876e+00 1.500000000000000000e+01 0.000000000000000000e+00
1.158999999999999986e+01 1.500000000000000000e+01 -5.398522705080601725e-01
