-1.158999999999999986e+01 -1.500000000000000000e+01 -4.000000000000000222e-01
-8.276855160530189437e+00 -1.500000000000000000e+01 -2.500000000000000000e-01
3.860000000000000320e+00 -1.500000000000000000e+01 0.000000000000000000e+00
1.158999999999999986e+01 -1.500000000000000000e+01 -2.473692171054993949e+00
-1.158999999999999986e+01 -5.000000000000000000e+00 -4.000000000000000222e-01
-8.276855160530189437e+00 -5.000000000000000000e+00 -2.500000000000000000e-01
3.860000000000000320e+00 -5.000000000000000000e+00 0.000000000000000000e+00
1.158999999999999986e+01 -5.000000000000000000e+00 -2.473692171054993949e+00
-1.158999999999999986e+01 5.000000000000000000e+00 -7.500000000000000000e-01
-8.276855160530189437e+00 5.000000000000000000e+00 -5.000000000000000000e-01
3.860000000000000320e+00 5.000000000000000000e+00 0.000000000000000000e+00
1.158999999999999986e+01 5.000000000000000000e+00 -2.689476868421997402e+00
-1.158999999999999986e+01 1.500000000000000000e+01 -1.000000000000000056e-01
-8.276855160530189437e+00 1.500000000000000000e+01 -5.000000000000000000e-01
3.860000000000000320e+00 1.500000000000000000e+01 0.000000000000000000e+00
1.158999999999999986e+01 1.500000000000000000e+01 -3.715784697367003897e+00
