-1.207918629684251499e+01 -1.500000000000000000e+01 -2.978372593685032932e+00
-1.056837259368503368e+01 -1.500000000000000000e+01 -2.554068515787417115e-01
3.859999999999999876e+00 -1.500000000000000000e+01 0.000000000000000000e+00
1.158999999999999986e+01 -1.500000000000000000e+01 -2.043254812629933692e+00
-1.207918629684251499e+01 -5.000000000000000000e+00 -2.595262316316920614e+00
-1.056837259368503368e+01 -5.000000000000000000e+00 -2.554068515787417115e-01
3.859999999999999876e+00 -5.000000000000000000e+00 0.000000000000000000e+00
1.158999999999999986e+01 -5.000000000000000000e+00 -1.277034257893708613e+00
-1.207918629684251499e+01 5.000000000000000000e+00 -2.595262316316920614e+00
-1.056837259368503368e+01 5.000000000000000000e+00 -1.277034257893708558e-01
3.859999999999999876e+00 5.000000000000000000e+00 0.000000000000000000e+00
1.158999999999999986e+01 5.000000000000000000e+00 -5.108137031574834230e-01
-1.207918629684251499e+01 1.500000000000000000e+01 -2.978372593685032932e+00
-1.056837259368503368e+01 1.500000000000000000e+01 -1.277034257893708558e-01
3.859999999999999876e+00 1.500000000000000000e+01 0.000000000000000000e+00
1.158999999999999986e+01 1.500000000000000000e+01 -5.108137031574834230e-01
