-1.064628752132445655e+01 -1.500000000000000000e+01 -3.797364923231957956e+00
-1.135978403778297441e+01 -1.500000000000000000e+01 -1.407188033111403391e-02
3.859999999999999876e+00 -1.500000000000000000e+01 0.000000000000000000e+00
1.158999999999999986e+01 -1.500000000000000000e+01 -5.628752132445613565e-02
-1.158999999999999986e+01 -5.000000000000000000e+00 -3.797364923231957956e+00
-1.135978403778297441e+01 -5.000000000000000000e+00 -1.407188033111403391e-02
3.859999999999999876e+00 -5.000000000000000000e+00 0.000000000000000000e+00
1.158999999999999986e+01 -5.000000000000000000e+00 -5.628752132445613565e-02
-1.253371247867554494e+01 5.000000000000000000e+00 -3.817065555695517531e+00
-1.135978403778297441e+01 5.000000000000000000e+00 -2.814376066222806783e-02
3.859999999999999876e+00 5.000000000000000000e+00 0.000000000000000000e+00
1.158999999999999986e+01 5.000000000000000000e+00 -1.407188033111403391e-01
-1.253371247867554494e+01 1.500000000000000000e+01 -3.780478666834620860e+00
-1.135978403778297441e+01 1.500000000000000000e+01 -2.814376066222806783e-02
3.859999999999999876e+00 1.500000000000000000e+01 0.000000000000000000e+00
1.158999999999999986e+01 1.500000000000000000e+01 -2.251500852978245426e-01
