-1.158999999999999986e+01 -1.500000000000000000e+01 -2.631845526571563541e-03
-9.603225023771022606e+00 -1.500000000000000000e+01 -1.644903454107227159e-03
3.859999999999999876e+00 -1.500000000000000000e+01 0.000000000000000000e+00
1.158999999999999986e+01 -1.500000000000000000e+01 -4.003289806908214565e+00
-1.158999999999999986e+01 -5.000000000000000000e+00 -2.631845526571563541e-03
-9.603225023771022606e+00 -5.000000000000000000e+00 -1.644903454107227159e-03
3.859999999999999876e+00 -5.000000000000000000e+00 0.000000000000000000e+00
1.158999999999999986e+01 -5.000000000000000000e+00 -2.513159227632857817e+00
-1.158999999999999986e+01 5.000000000000000000e+00 -4.934710362321681476e-03
-9.603225023771022606e+00 5.000000000000000000e+00 -3.289806908214454317e-03
3.859999999999999876e+00 5.000000000000000000e+00 0.000000000000000000e+00
1.158999999999999986e+01 5.000000000000000000e+00 -1.016449034541072383e+00
-1.158999999999999986e+01 1.500000000000000000e+01 -6.579613816428908852e-04
-9.603225023771022606e+00 1.500000000000000000e+01 -3.289806908214454317e-03
3.859999999999999876e+00 1.500000000000000000e+01 0.000000000000000000e+00
1.158999999999999986e+01 1.500000000000000000e+01 -1.009869420724643252e+00
