-1.158999999999999986e+01 -1.500000000000000000e+01 -2.843930974493939612e+00
-1.016803451275302983e+01 -1.500000000000000000e+01 0.000000000000000000e+00
3.859999999999999876e+00 -1.500000000000000000e+01 -3.554913718117424515e-01
1.158999999999999986e+01 -1.500000000000000000e+01 -2.000000000000000000e+00
-1.158999999999999986e+01 -5.000000000000000000e+00 -1.777456859058712313e+00
-1.016803451275302983e+01 -5.000000000000000000e+00 0.000000000000000000e+00
3.859999999999999876e+00 -5.000000000000000000e+00 -3.554913718117424515e-01
1.158999999999999986e+01 -5.000000000000000000e+00 -1.466762942282386462e+00
-1.158999999999999986e+01 5.000000000000000000e+00 -7.109827436234849030e-01
-1.016803451275302983e+01 5.000000000000000000e+00 0.000000000000000000e+00
3.859999999999999876e+00 5.000000000000000000e+00 -1.777456859058712257e-01
1.158999999999999986e+01 5.000000000000000000e+00 -1.755780198658901448e+00
-1.158999999999999986e+01 1.500000000000000000e+01 -7.109827436234849030e-01
-1.016803451275302983e+01 1.500000000000000000e+01 0.000000000000000000e+00
3.859999999999999876e+00 1.500000000000000000e+01 -1.777456859058712257e-01
1.158999999999999986e+01 1.500000000000000000e+01 -2.578034512753029972e+00
