-1.158999999999999986e+01 -1.500000000000000000e+01 -1.615913908281478850e-01
-8.745684982922927730e+00 -1.500000000000000000e+01 -1.009946192675924281e-01
3.859999999999999432e+00 -1.500000000000000000e+01 0.000000000000000000e+00
1.158999999999999986e+01 -1.500000000000000000e+01 -1.403978477070369824e+00
-1.158999999999999986e+01 -5.000000000000000000e+00 -1.615913908281478850e-01
-8.745684982922927730e+00 -5.000000000000000000e+00 -1.009946192675924281e-01
3.859999999999999432e+00 -5.000000000000000000e+00 0.000000000000000000e+00
1.158999999999999986e+01 -5.000000000000000000e+00 -1.403978477070369824e+00
-1.158999999999999986e+01 5.000000000000000000e+00 -3.029838578027772567e-01
-8.745684982922927730e+00 5.000000000000000000e+00 -2.019892385351848563e-01
3.859999999999999432e+00 5.000000000000000000e+00 0.000000000000000000e+00
1.158999999999999986e+01 5.000000000000000000e+00 -2.500000000000000000e+00
-1.158999999999999986e+01 1.500000000000000000e+01 -4.039784770703697125e-02
-8.745684982922927730e+00 1.500000000000000000e+01 -2.019892385351848563e-01
3.859999999999999432e+00 1.500000000000000000e+01 0.000000000000000000e+00
1.158999999999999986e+01 1.500000000000000000e+01 -4.000000000000000000e+00
