-1.158999999999999986e+01 -1.500000000000000000e+01 -8.644866987265045211e-01
-1.159709695813295838e+01 -1.500000000000000000e+01 -1.774239533239836686e-01
3.860000000000000320e+00 -1.500000000000000000e+01 0.000000000000000000e+00
1.158999999999999986e+01 -1.500000000000000000e+01 -4.354847906647966838e+00
-1.158999999999999986e+01 -5.000000000000000000e+00 -8.644866987265045211e-01
-1.159709695813295838e+01 -5.000000000000000000e+00 -1.774239533239836686e-01
3.860000000000000320e+00 -5.000000000000000000e+00 0.000000000000000000e+00
1.158999999999999986e+01 -5.000000000000000000e+00 -4.354847906647966838e+00
-1.158999999999999986e+01 5.000000000000000000e+00 -1.112880233380081574e+00
-1.159709695813295838e+01 5.000000000000000000e+00 -3.548479066479673372e-01
3.860000000000000320e+00 5.000000000000000000e+00 0.000000000000000000e+00
1.158999999999999986e+01 5.000000000000000000e+00 -3.645152093352032718e+00
-1.158999999999999986e+01 1.500000000000000000e+01 -6.515779547377240632e-01
-1.159709695813295838e+01 1.500000000000000000e+01 -3.548479066479673372e-01
3.860000000000000320e+00 1.500000000000000000e+01 0.000000000000000000e+00
1.158999999999999986e+01 1.500000000000000000e+01 -2.935456280056097711e+00
