-1.158999999999999986e+01 -1.500000000000000000e+01 -1.170437833613276135e+00
-7.947281964514374408e+00 -1.500000000000000000e+01 -1.964973726657447128e-01
3.860000000000000320e+00 -1.500000000000000000e+01 -1.070052546685105743e-01
1.158999999999999986e+01 -1.500000000000000000e+01 -1.214010509337021038e+00
-1.158999999999999986e+01 -5.000000000000000000e+00 -8.494220696077443566e-01
-7.947281964514374408e+00 -5.000000000000000000e+00 -1.964973726657447128e-01
3.860000000000000320e+00 -5.000000000000000000e+00 -1.070052546685105743e-01
1.158999999999999986e+01 -5.000000000000000000e+00 -1.053502627334255148e+00
-1.158999999999999986e+01 5.000000000000000000e+00 -8.035026273342552594e-01
-7.947281964514374408e+00 5.000000000000000000e+00 -3.929947453314894257e-01
3.860000000000000320e+00 5.000000000000000000e+00 -5.350262733425528716e-02
1.158999999999999986e+01 5.000000000000000000e+00 -2.232486863328723814e+00
-1.158999999999999986e+01 1.500000000000000000e+01 -2.926094584033190338e-01
-7.947281964514374408e+00 1.500000000000000000e+01 -3.929947453314894257e-01
3.860000000000000320e+00 1.500000000000000000e+01 -5.350262733425528716e-02
1.158999999999999986e+01 1.500000000000000000e+01 -3.571978981325957925e+00
