-1.158999999999999986e+01 -1.500000000000000000e+01 -4.000000000000000000e+00
-1.069174234099865473e+01 -1.500000000000000000e+01 0.000000000000000000e+00
3.860000000000000320e+00 -1.500000000000000000e+01 -2.245644147503365606e-01
1.158999999999999986e+01 -1.500000000000000000e+01 -8.982576590013462425e-01
-1.158999999999999986e+01 -5.000000000000000000e+00 -3.326306755748990263e+00
-1.069174234099865473e+01 -5.000000000000000000e+00 0.000000000000000000e+00
3.860000000000000320e+00 -5.000000000000000000e+00 -2.245644147503365606e-01
1.158999999999999986e+01 -5.000000000000000000e+00 -5.614110368758413738e-01
-1.158999999999999986e+01 5.000000000000000000e+00 -2.652613511497980525e+00
-1.069174234099865473e+01 5.000000000000000000e+00 0.000000000000000000e+00
3.860000000000000320e+00 5.000000000000000000e+00 -1.122822073751682803e-01
1.158999999999999986e+01 5.000000000000000000e+00 -5.614110368758413738e-01
-1.158999999999999986e+01 1.500000000000000000e+01 -2.652613511497980525e+00
-1.069174234099865473e+01 1.500000000000000000e+01 0.000000000000000000e+00
3.860000000000000320e+00 1.500000000000000000e+01 -1.122822073751682803e-01
1.158999999999999986e+01 1.500000000000000000e+01 -8.982576590013462425e-01
