-1.158999999999999986e+01 -1.500000000000000000e+01 -1.840474452031548580e-01
-9.589999999999999858e+00 -1.500000000000000000e+01 -1.150296532519717863e-01
3.860000000000000320e+00 -1.500000000000000000e+01 0.000000000000000000e+00
1.158999999999999986e+01 -1.500000000000000000e+01 -1.000000000000000000e+00
-1.158999999999999986e+01 -5.000000000000000000e+00 -1.840474452031548580e-01
-9.589999999999999858e+00 -5.000000000000000000e+00 -1.150296532519717863e-01
3.860000000000000320e+00 -5.000000000000000000e+00 0.000000000000000000e+00
1.158999999999999986e+01 -5.000000000000000000e+00 -1.000000000000000000e+00
-1.158999999999999986e+01 5.000000000000000000e+00 -3.450889597559153588e-01
-9.589999999999999858e+00 5.000000000000000000e+00 -2.300593065039435725e-01
3.860000000000000320e+00 5.000000000000000000e+00 0.000000000000000000e+00
1.158999999999999986e+01 5.000000000000000000e+00 -2.500000000000000000e+00
-1.158999999999999986e+01 1.500000000000000000e+01 -4.601186130078871450e-02
-9.589999999999999858e+00 1.500000000000000000e+01 -2.300593065039435725e-01
3.860000000000000320e+00 1.500000000000000000e+01 0.000000000000000000e+00
1.158999999999999986e+01 1.500000000000000000e+01 -4.000000000000000000e+00
