-1.158999999999999986e+01 -1.500000000000000000e+01 -2.884823920050117341e+00
-9.596410719822333846e+00 -1.500000000000000000e+01 0.000000000000000000e+00
3.859999999999999876e+00 -1.500000000000000000e+01 -1.602679955583398430e-01
1.158999999999999986e+01 -1.500000000000000000e+01 -6.153568106599843768e-01
-1.158999999999999986e+01 -5.000000000000000000e+00 -2.884823920050117341e+00
-9.596410719822333846e+00 -5.000000000000000000e+00 0.000000000000000000e+00
3.859999999999999876e+00 -5.000000000000000000e+00 -1.602679955583398430e-01
1.158999999999999986e+01 -5.000000000000000000e+00 -6.153568106599843768e-01
-1.158999999999999986e+01 5.000000000000000000e+00 -2.243751937816757636e+00
-9.596410719822333846e+00 5.000000000000000000e+00 0.000000000000000000e+00
3.859999999999999876e+00 5.000000000000000000e+00 -3.205359911166796860e-01
1.158999999999999986e+01 5.000000000000000000e+00 -1.378124031091621182e+00
-1.158999999999999986e+01 1.500000000000000000e+01 -1.602679955583398375e+00
-9.596410719822333846e+00 1.500000000000000000e+01 0.000000000000000000e+00
3.859999999999999876e+00 1.500000000000000000e+01 -3.205359911166796860e-01
1.158999999999999986e+01 1.500000000000000000e+01 -1.499819269289898394e+00
