-1.158999999999999986e+01 -1.500000000000000000e+01 -1.422629474941617511e+00
-9.589999999999999858e+00 -1.500000000000000000e+01 -3.556573687354043778e-01
3.859999999999999432e+00 -1.500000000000000000e+01 0.000000000000000000e+00
1.158999999999999986e+01 -1.500000000000000000e+01 -3.133944212412426378e+00
-1.158999999999999986e+01 -5.000000000000000000e+00 -8.891434218385109167e-01
-9.589999999999999858e+00 -5.000000000000000000e+00 -3.556573687354043778e-01
3.859999999999999432e+00 -5.000000000000000000e+00 0.000000000000000000e+00
1.158999999999999986e+01 -5.000000000000000000e+00 -2.066972106206212967e+00
-1.158999999999999986e+01 5.000000000000000000e+00 -8.891434218385109167e-01
-9.589999999999999858e+00 5.000000000000000000e+00 -1.778286843677021889e-01
3.859999999999999432e+00 5.000000000000000000e+00 0.000000000000000000e+00
1.158999999999999986e+01 5.000000000000000000e+00 -1.433027893793787033e+00
-1.158999999999999986e+01 1.500000000000000000e+01 -1.422629474941617511e+00
-9.589999999999999858e+00 1.500000000000000000e+01 -1.778286843677021889e-01
3.859999999999999432e+00 1.500000000000000000e+01 0.000000000000000000e+00
1.158999999999999986e+01 1.500000000000000000e+01 -1.866055787587573622e+00
