-1.171020649578365358e+01 -1.500000000000000000e+01 -2.639380512649037946e+00
-7.991644567755144202e+00 -1.500000000000000000e+01 0.000000000000000000e+00
3.859999999999999876e+00 -1.500000000000000000e+01 -2.199483760540865140e-01
1.158999999999999986e+01 -1.500000000000000000e+01 -8.327433848211542866e-01
-1.171020649578365358e+01 -5.000000000000000000e+00 -2.639380512649037946e+00
-7.991644567755144202e+00 -5.000000000000000000e+00 0.000000000000000000e+00
3.859999999999999876e+00 -5.000000000000000000e+00 -2.199483760540865140e-01
1.158999999999999986e+01 -5.000000000000000000e+00 -8.327433848211542866e-01
-1.171020649578365358e+01 5.000000000000000000e+00 -2.639380512649037946e+00
-7.991644567755144202e+00 5.000000000000000000e+00 0.000000000000000000e+00
3.859999999999999876e+00 5.000000000000000000e+00 -4.398967521081730281e-01
1.158999999999999986e+01 5.000000000000000000e+00 -1.140671111296875262e+00
-1.171020649578365358e+01 1.500000000000000000e+01 -2.639380512649037946e+00
-7.991644567755144202e+00 1.500000000000000000e+01 0.000000000000000000e+00
3.859999999999999876e+00 1.500000000000000000e+01 -4.398967521081730281e-01
1.158999999999999986e+01 1.500000000000000000e+01 -5.688053335562504031e-01
