-1.158999999999999986e+01 -1.500000000000000000e+01 -2.805548604249907818e-01
-8.124100854279422634e+00 -1.500000000000000000e+01 -1.753467877656192386e-01
3.859999999999999876e+00 -1.500000000000000000e+01 0.000000000000000000e+00
1.158999999999999986e+01 -1.500000000000000000e+01 -2.402774302124954353e+00
-1.158999999999999986e+01 -5.000000000000000000e+00 -2.805548604249907818e-01
-8.124100854279422634e+00 -5.000000000000000000e+00 -1.753467877656192386e-01
3.859999999999999876e+00 -5.000000000000000000e+00 0.000000000000000000e+00
1.158999999999999986e+01 -5.000000000000000000e+00 -2.402774302124954353e+00
-1.158999999999999986e+01 5.000000000000000000e+00 -5.260403632968577714e-01
-8.124100854279422634e+00 5.000000000000000000e+00 -3.506935755312384773e-01
3.859999999999999876e+00 5.000000000000000000e+00 0.000000000000000000e+00
1.158999999999999986e+01 5.000000000000000000e+00 -2.850693575531238810e+00
-1.158999999999999986e+01 1.500000000000000000e+01 -7.013871510624769545e-02
-8.124100854279422634e+00 1.500000000000000000e+01 -3.506935755312384773e-01
3.859999999999999876e+00 1.500000000000000000e+01 0.000000000000000000e+00
1.158999999999999986e+01 1.500000000000000000e+01 -3.298612848937523268e+00
