-1.158999999999999986e+01 -1.500000000000000000e+01 -1.240363554971292803e+00
-1.159999999999999964e+01 -1.500000000000000000e+01 -1.987583198188236089e-01
3.860000000000000320e+00 -1.500000000000000000e+01 -5.124168018117639112e-02
1.158999999999999986e+01 -1.500000000000000000e+01 -3.659636445028707108e+00
-1.158999999999999986e+01 -5.000000000000000000e+00 -1.240363554971292803e+00
-1.159999999999999964e+01 -5.000000000000000000e+00 -1.987583198188236089e-01
3.860000000000000320e+00 -5.000000000000000000e+00 -5.124168018117639112e-02
1.158999999999999986e+01 -5.000000000000000000e+00 -3.659636445028707108e+00
-1.158999999999999986e+01 5.000000000000000000e+00 -1.313658481992940441e+00
-1.159999999999999964e+01 5.000000000000000000e+00 -3.975166396376472178e-01
3.860000000000000320e+00 5.000000000000000000e+00 -1.024833603623527822e-01
1.158999999999999986e+01 5.000000000000000000e+00 -2.936341518007059559e+00
-1.158999999999999986e+01 1.500000000000000000e+01 -5.919201297392933103e-01
-1.159999999999999964e+01 1.500000000000000000e+01 -3.975166396376472178e-01
3.860000000000000320e+00 1.500000000000000000e+01 -1.024833603623527822e-01
1.158999999999999986e+01 1.500000000000000000e+01 -2.008079870260706556e+00
