-1.158999999999999986e+01 -1.500000000000000000e+01 -2.899541107748246915e+00
-1.158999999999999986e+01 -1.500000000000000000e+01 0.000000000000000000e+00
3.859999999999999876e+00 -1.500000000000000000e+01 0.000000000000000000e+00
1.158999999999999986e+01 -1.500000000000000000e+01 -8.995411077482466933e-01
-1.158999999999999986e+01 -5.000000000000000000e+00 -2.899541107748246915e+00
-1.158999999999999986e+01 -5.000000000000000000e+00 0.000000000000000000e+00
3.859999999999999876e+00 -5.000000000000000000e+00 0.000000000000000000e+00
1.158999999999999986e+01 -5.000000000000000000e+00 -8.995411077482466933e-01
-1.158999999999999986e+01 5.000000000000000000e+00 -3.449770553874123458e+00
-1.158999999999999986e+01 5.000000000000000000e+00 0.000000000000000000e+00
3.859999999999999876e+00 5.000000000000000000e+00 0.000000000000000000e+00
1.158999999999999986e+01 5.000000000000000000e+00 -8.995411077482466933e-01
-1.158999999999999986e+01 1.500000000000000000e+01 -4.000000000000000000e+00
-1.158999999999999986e+01 1.500000000000000000e+01 0.000000000000000000e+00
3.859999999999999876e+00 1.500000000000000000e+01 0.000000000000000000e+00
1.158999999999999986e+01 1.500000000000000000e+01 -8.995411077482466933e-01
