-1.158999999999999986e+01 -1.500000000000000000e+01 -4.298077036874803802e+00
-1.159596154073749474e+01 -1.500000000000000000e+01 0.000000000000000000e+00
3.859999999999999432e+00 -1.500000000000000000e+01 -1.490385184374017902e-01
1.158999999999999986e+01 -1.500000000000000000e+01 -1.046153482000628632e+00
-1.158999999999999986e+01 -5.000000000000000000e+00 -4.298077036874803802e+00
-1.159596154073749474e+01 -5.000000000000000000e+00 0.000000000000000000e+00
3.859999999999999432e+00 -5.000000000000000000e+00 -1.490385184374017902e-01
1.158999999999999986e+01 -5.000000000000000000e+00 -1.046153482000628632e+00
-1.158999999999999986e+01 5.000000000000000000e+00 -3.701922963125196198e+00
-1.159596154073749474e+01 5.000000000000000000e+00 0.000000000000000000e+00
3.859999999999999432e+00 5.000000000000000000e+00 -2.980770368748035803e-01
1.158999999999999986e+01 5.000000000000000000e+00 -1.254807407812990938e+00
-1.158999999999999986e+01 1.500000000000000000e+01 -3.105768889375589481e+00
-1.159596154073749474e+01 1.500000000000000000e+01 0.000000000000000000e+00
3.859999999999999432e+00 1.500000000000000000e+01 -2.980770368748035803e-01
1.158999999999999986e+01 1.500000000000000000e+01 -8.673072598757464169e-01
