-1.158999999999999986e+01 -1.500000000000000000e+01 -2.000000000000000000e+00
-1.111019705769364485e+01 -1.500000000000000000e+01 -1.199507355765884187e-01
3.859999999999999876e+00 -1.500000000000000000e+01 0.000000000000000000e+00
1.158999999999999986e+01 -1.500000000000000000e+01 -4.000000000000000000e+00
-1.158999999999999986e+01 -5.000000000000000000e+00 -1.820073896635117316e+00
-1.111019705769364485e+01 -5.000000000000000000e+00 -1.199507355765884187e-01
3.859999999999999876e+00 -5.000000000000000000e+00 0.000000000000000000e+00
1.158999999999999986e+01 -5.000000000000000000e+00 -3.640147793270234633e+00
-1.158999999999999986e+01 5.000000000000000000e+00 -1.820073896635117316e+00
-1.111019705769364485e+01 5.000000000000000000e+00 -5.997536778829420934e-02
3.859999999999999876e+00 5.000000000000000000e+00 0.000000000000000000e+00
1.158999999999999986e+01 5.000000000000000000e+00 -3.280295586540469266e+00
-1.158999999999999986e+01 1.500000000000000000e+01 -2.000000000000000000e+00
-1.111019705769364485e+01 1.500000000000000000e+01 -5.997536778829420934e-02
3.859999999999999876e+00 1.500000000000000000e+01 0.000000000000000000e+00
1.158999999999999986e+01 1.500000000000000000e+01 -3.280295586540469266e+00
