-1.093008085907473870e+01 -1.500000000000000000e+01 -1.360323436298951083e-01
-1.019906928638432220e+01 -1.500000000000000000e+01 -8.502021476868443228e-02
3.859999999999999876e+00 -1.500000000000000000e+01 0.000000000000000000e+00
1.158999999999999986e+01 -1.500000000000000000e+01 -3.659919140925262049e+00
-1.158999999999999986e+01 -5.000000000000000000e+00 -1.360323436298951083e-01
-1.019906928638432220e+01 -5.000000000000000000e+00 -8.502021476868443228e-02
3.859999999999999876e+00 -5.000000000000000000e+00 0.000000000000000000e+00
1.158999999999999986e+01 -5.000000000000000000e+00 -3.659919140925262049e+00
-1.224991914092526279e+01 5.000000000000000000e+00 -2.550606443060532968e-01
-1.019906928638432220e+01 5.000000000000000000e+00 -1.700404295373688646e-01
3.859999999999999876e+00 5.000000000000000000e+00 0.000000000000000000e+00
1.158999999999999986e+01 5.000000000000000000e+00 -3.659919140925262049e+00
-1.224991914092526279e+01 1.500000000000000000e+01 -3.400808590747377708e-02
-1.019906928638432220e+01 1.500000000000000000e+01 -1.700404295373688646e-01
3.859999999999999876e+00 1.500000000000000000e+01 0.000000000000000000e+00
1.158999999999999986e+01 1.500000000000000000e+01 -3.659919140925262049e+00
