-1.158999999999999986e+01 -1.500000000000000000e+01 -3.658774985988509254e+00
-1.120233047019249994e+01 -1.500000000000000000e+01 -2.369618152857574933e-02
3.859999999999999876e+00 -1.500000000000000000e+01 0.000000000000000000e+00
1.158999999999999986e+01 -1.500000000000000000e+01 -2.843541783429089920e-01
-1.158999999999999986e+01 -5.000000000000000000e+00 -3.658774985988509254e+00
-1.120233047019249994e+01 -5.000000000000000000e+00 -2.369618152857574933e-02
3.859999999999999876e+00 -5.000000000000000000e+00 0.000000000000000000e+00
1.158999999999999986e+01 -5.000000000000000000e+00 -2.843541783429089920e-01
-1.158999999999999986e+01 5.000000000000000000e+00 -3.691949640128515231e+00
-1.120233047019249994e+01 5.000000000000000000e+00 -4.739236305715149866e-02
3.859999999999999876e+00 5.000000000000000000e+00 0.000000000000000000e+00
1.158999999999999986e+01 5.000000000000000000e+00 -2.843541783429089920e-01
-1.158999999999999986e+01 1.500000000000000000e+01 -3.630339568154218099e+00
-1.120233047019249994e+01 1.500000000000000000e+01 -4.739236305715149866e-02
3.859999999999999876e+00 1.500000000000000000e+01 0.000000000000000000e+00
1.158999999999999986e+01 1.500000000000000000e+01 -2.843541783429089920e-01
