-1.158999999999999986e+01 -1.500000000000000000e+01 0.000000000000000000e+00
-1.056412549556750768e+01 -1.500000000000000000e+01 0.000000000000000000e+00
3.859999999999999876e+00 -1.500000000000000000e+01 0.000000000000000000e+00
1.158999999999999986e+01 -1.500000000000000000e+01 -2.461188243351262628e+00
-1.158999999999999986e+01 -5.000000000000000000e+00 0.000000000000000000e+00
-1.056412549556750768e+01 -5.000000000000000000e+00 0.000000000000000000e+00
3.859999999999999876e+00 -5.000000000000000000e+00 0.000000000000000000e+00
1.158999999999999986e+01 -5.000000000000000000e+00 -2.461188243351262628e+00
-1.158999999999999986e+01 5.000000000000000000e+00 0.000000000000000000e+00
-1.056412549556750768e+01 5.000000000000000000e+00 0.000000000000000000e+00
3.859999999999999876e+00 5.000000000000000000e+00 0.000000000000000000e+00
1.158999999999999986e+01 5.000000000000000000e+00 -3.230594121675631314e+00
-1.158999999999999986e+01 1.500000000000000000e+01 0.000000000000000000e+00
-1.056412549556750768e+01 1.500000000000000000e+01 0.000000000000000000e+00
3.859999999999999876e+00 1.500000000000000000e+01 0.000000000000000000e+00
1.158999999999999986e+01 1.500000000000000000e+01 -4.000000000000000000e+00
