-1.158999999999999986e+01 -1.500000000000000000e+01 -3.618660478920239232e-01
-9.951866047892023559e+00 -1.500000000000000000e+01 0.000000000000000000e+00
3.859999999999999432e+00 -1.500000000000000000e+01 0.000000000000000000e+00
1.158999999999999986e+01 -1.500000000000000000e+01 -8.190669760539880384e-01
-1.158999999999999986e+01 -5.000000000000000000e+00 -3.618660478920239232e-01
-9.951866047892023559e+00 -5.000000000000000000e+00 0.000000000000000000e+00
3.859999999999999432e+00 -5.000000000000000000e+00 0.000000000000000000e+00
1.158999999999999986e+01 -5.000000000000000000e+00 -8.190669760539880384e-01
-1.158999999999999986e+01 5.000000000000000000e+00 -5.427990718380358848e-01
-9.951866047892023559e+00 5.000000000000000000e+00 0.000000000000000000e+00
3.859999999999999432e+00 5.000000000000000000e+00 0.000000000000000000e+00
1.158999999999999986e+01 5.000000000000000000e+00 -2.047667440134969929e+00
-1.158999999999999986e+01 1.500000000000000000e+01 -7.237320957840478464e-01
-9.951866047892023559e+00 1.500000000000000000e+01 0.000000000000000000e+00
3.859999999999999432e+00 1.500000000000000000e+01 0.000000000000000000e+00
1.158999999999999986e+01 1.500000000000000000e+01 -3.276267904215952154e+00
