-1.224026514902415030e+01 -1.500000000000000000e+01 -2.740954536486942317e+00
-1.089053029804830075e+01 -1.500000000000000000e+01 -8.743371274396233295e-02
3.859999999999999876e+00 -1.500000000000000000e+01 0.000000000000000000e+00
1.158999999999999986e+01 -1.500000000000000000e+01 -3.497348509758493318e-01
-1.224026514902415030e+01 -5.000000000000000000e+00 -2.740954536486942317e+00
-1.089053029804830075e+01 -5.000000000000000000e+00 -8.743371274396233295e-02
3.859999999999999876e+00 -5.000000000000000000e+00 0.000000000000000000e+00
1.158999999999999986e+01 -5.000000000000000000e+00 -3.497348509758493318e-01
-1.224026514902415030e+01 5.000000000000000000e+00 -2.863361734328489838e+00
-1.089053029804830075e+01 5.000000000000000000e+00 -1.748674254879246659e-01
3.859999999999999876e+00 5.000000000000000000e+00 0.000000000000000000e+00
1.158999999999999986e+01 5.000000000000000000e+00 -8.743371274396233295e-01
-1.224026514902415030e+01 1.500000000000000000e+01 -2.636034081194187806e+00
-1.089053029804830075e+01 1.500000000000000000e+01 -1.748674254879246659e-01
3.859999999999999876e+00 1.500000000000000000e+01 0.000000000000000000e+00
1.158999999999999986e+01 1.500000000000000000e+01 -1.398939403903397327e+00
