-1.158999999999999986e+01 -1.500000000000000000e+01 -8.600436703750738432e-02
-1.159215010917593780e+01 -1.500000000000000000e+01 -5.375272939844211173e-02
3.859999999999999876e+00 -1.500000000000000000e+01 0.000000000000000000e+00
1.158999999999999986e+01 -1.500000000000000000e+01 -4.107505458796884668e+00
-1.158999999999999986e+01 -5.000000000000000000e+00 -8.600436703750738432e-02
-1.159215010917593780e+01 -5.000000000000000000e+00 -5.375272939844211173e-02
3.859999999999999876e+00 -5.000000000000000000e+00 0.000000000000000000e+00
1.158999999999999986e+01 -5.000000000000000000e+00 -4.107505458796884668e+00
-1.158999999999999986e+01 5.000000000000000000e+00 -1.612581881953263352e-01
-1.159215010917593780e+01 5.000000000000000000e+00 -1.075054587968842235e-01
3.859999999999999876e+00 5.000000000000000000e+00 0.000000000000000000e+00
1.158999999999999986e+01 5.000000000000000000e+00 -3.892494541203115777e+00
-1.158999999999999986e+01 1.500000000000000000e+01 -2.150109175937684608e-02
-1.159215010917593780e+01 1.500000000000000000e+01 -1.075054587968842235e-01
3.859999999999999876e+00 1.500000000000000000e+01 0.000000000000000000e+00
1.158999999999999986e+01 1.500000000000000000e+01 -3.677483623609347330e+00
