-1.172438223219019093e+01 -1.500000000000000000e+01 -8.837760358846826758e-01
-9.858764464380378456e+00 -1.500000000000000000e+01 -2.164044419524525920e-01
3.859999999999999876e+00 -1.500000000000000000e+01 0.000000000000000000e+00
1.158999999999999986e+01 -1.500000000000000000e+01 -8.656177678098103678e-01
-1.172438223219019093e+01 -5.000000000000000000e+00 -8.837760358846826758e-01
-9.858764464380378456e+00 -5.000000000000000000e+00 -2.164044419524525920e-01
3.859999999999999876e+00 -5.000000000000000000e+00 0.000000000000000000e+00
1.158999999999999986e+01 -5.000000000000000000e+00 -8.656177678098103678e-01
-1.172438223219019093e+01 5.000000000000000000e+00 -1.186742254618116332e+00
-9.858764464380378456e+00 5.000000000000000000e+00 -4.328088839049051839e-01
3.859999999999999876e+00 5.000000000000000000e+00 0.000000000000000000e+00
1.158999999999999986e+01 5.000000000000000000e+00 -2.164044419524525864e+00
-1.172438223219019093e+01 1.500000000000000000e+01 -6.240907055417395100e-01
-9.858764464380378456e+00 1.500000000000000000e+01 -4.328088839049051839e-01
3.859999999999999876e+00 1.500000000000000000e+01 0.000000000000000000e+00
1.158999999999999986e+01 1.500000000000000000e+01 -3.462471071239241471e+00
