-1.158999999999999986e+01 -1.500000000000000000e+01 -3.506756252097154913e+00
-1.158999999999999986e+01 -1.500000000000000000e+01 0.000000000000000000e+00
3.859999999999999876e+00 -1.500000000000000000e+01 0.000000000000000000e+00
1.158999999999999986e+01 -1.500000000000000000e+01 -2.246621873951422543e+00
-1.158999999999999986e+01 -5.000000000000000000e+00 -3.506756252097154913e+00
-1.158999999999999986e+01 -5.000000000000000000e+00 0.000000000000000000e+00
3.859999999999999876e+00 -5.000000000000000000e+00 0.000000000000000000e+00
1.158999999999999986e+01 -5.000000000000000000e+00 -2.246621873951422543e+00
-1.158999999999999986e+01 5.000000000000000000e+00 -3.506756252097154913e+00
-1.158999999999999986e+01 5.000000000000000000e+00 0.000000000000000000e+00
3.859999999999999876e+00 5.000000000000000000e+00 0.000000000000000000e+00
1.158999999999999986e+01 5.000000000000000000e+00 -2.246621873951422543e+00
-1.158999999999999986e+01 1.500000000000000000e+01 -3.506756252097154913e+00
-1.158999999999999986e+01 1.500000000000000000e+01 0.000000000000000000e+00
3.859999999999999876e+00 1.500000000000000000e+01 0.000000000000000000e+00
1.158999999999999986e+01 1.500000000000000000e+01 -2.246621873951422543e+00
