-1.158999999999999986e+01 -1.500000000000000000e+01 -3.248653135393813507e+00
-1.159499461254157637e+01 -1.500000000000000000e+01 0.000000000000000000e+00
3.859999999999999876e+00 -1.500000000000000000e+01 -1.248653135393813507e-01
1.158999999999999986e+01 -1.500000000000000000e+01 -2.201939485032908372e+00
-1.158999999999999986e+01 -5.000000000000000000e+00 -3.248653135393813507e+00
-1.159499461254157637e+01 -5.000000000000000000e+00 0.000000000000000000e+00
3.859999999999999876e+00 -5.000000000000000000e+00 -1.248653135393813507e-01
1.158999999999999986e+01 -5.000000000000000000e+00 -2.201939485032908372e+00
-1.158999999999999986e+01 5.000000000000000000e+00 -2.749191881236288104e+00
-1.159499461254157637e+01 5.000000000000000000e+00 0.000000000000000000e+00
3.859999999999999876e+00 5.000000000000000000e+00 -2.497306270787627014e-01
1.158999999999999986e+01 5.000000000000000000e+00 -2.376750923988042441e+00
-1.158999999999999986e+01 1.500000000000000000e+01 -2.249730627078762701e+00
-1.159499461254157637e+01 1.500000000000000000e+01 0.000000000000000000e+00
3.859999999999999876e+00 1.500000000000000000e+01 -2.497306270787627014e-01
1.158999999999999986e+01 1.500000000000000000e+01 -2.052101108785651107e+00
