-1.158999999999999986e+01 -1.500000000000000000e+01 -2.236697059400636345e+00
-7.500000000000000000e+00 -1.500000000000000000e+01 -7.339451351916959077e-02
3.859999999999999876e+00 -1.500000000000000000e+01 -1.766054864808304092e-01
1.158999999999999986e+01 -1.500000000000000000e+01 -1.163302940599363788e+00
-1.158999999999999986e+01 -5.000000000000000000e+00 -2.236697059400636345e+00
-7.500000000000000000e+00 -5.000000000000000000e+00 -7.339451351916959077e-02
3.859999999999999876e+00 -5.000000000000000000e+00 -1.766054864808304092e-01
1.158999999999999986e+01 -5.000000000000000000e+00 -1.163302940599363788e+00
-1.158999999999999986e+01 5.000000000000000000e+00 -2.339449378327473461e+00
-7.500000000000000000e+00 5.000000000000000000e+00 -1.467890270383391815e-01
3.859999999999999876e+00 5.000000000000000000e+00 -3.532109729616608185e-01
1.158999999999999986e+01 5.000000000000000000e+00 -1.410550621672526317e+00
-1.158999999999999986e+01 1.500000000000000000e+01 -2.148623643177632658e+00
-7.500000000000000000e+00 1.500000000000000000e+01 -1.467890270383391815e-01
3.859999999999999876e+00 1.500000000000000000e+01 -3.532109729616608185e-01
1.158999999999999986e+01 1.500000000000000000e+01 -9.513763568223672085e-01
