-1.158999999999999986e+01 -1.500000000000000000e+01 -3.464304840906602401e-01
-8.047748300172999691e+00 -1.500000000000000000e+01 -2.165190525566626500e-01
3.859999999999999876e+00 -1.500000000000000000e+01 0.000000000000000000e+00
1.158999999999999986e+01 -1.500000000000000000e+01 -3.133923789773349178e+00
-1.158999999999999986e+01 -5.000000000000000000e+00 -3.464304840906602401e-01
-8.047748300172999691e+00 -5.000000000000000000e+00 -2.165190525566626500e-01
3.859999999999999876e+00 -5.000000000000000000e+00 0.000000000000000000e+00
1.158999999999999986e+01 -5.000000000000000000e+00 -3.133923789773349178e+00
-1.158999999999999986e+01 5.000000000000000000e+00 -6.495571576699878946e-01
-8.047748300172999691e+00 5.000000000000000000e+00 -4.330381051133253001e-01
3.859999999999999876e+00 5.000000000000000000e+00 0.000000000000000000e+00
1.158999999999999986e+01 5.000000000000000000e+00 -3.133923789773349178e+00
-1.158999999999999986e+01 1.500000000000000000e+01 -8.660762102266506002e-02
-8.047748300172999691e+00 1.500000000000000000e+01 -4.330381051133253001e-01
3.859999999999999876e+00 1.500000000000000000e+01 0.000000000000000000e+00
1.158999999999999986e+01 1.500000000000000000e+01 -3.133923789773349178e+00
