-1.158999999999999986e+01 -1.500000000000000000e+01 -1.979769142688195371e+00
-9.108825582683998334e+00 -1.500000000000000000e+01 -9.809912089536584889e-02
3.859999999999999876e+00 -1.500000000000000000e+01 -1.519008791046341511e-01
1.158999999999999986e+01 -1.500000000000000000e+01 -2.008825582684000022e+00
-1.158999999999999986e+01 -5.000000000000000000e+00 -1.979769142688195371e+00
-9.108825582683998334e+00 -5.000000000000000000e+00 -9.809912089536584889e-02
3.859999999999999876e+00 -5.000000000000000000e+00 -1.519008791046341511e-01
1.158999999999999986e+01 -5.000000000000000000e+00 -2.008825582684000022e+00
-1.158999999999999986e+01 5.000000000000000000e+00 -2.117107911941707332e+00
-9.108825582683998334e+00 5.000000000000000000e+00 -1.961982417907316978e-01
3.859999999999999876e+00 5.000000000000000000e+00 -3.038017582092683022e-01
1.158999999999999986e+01 5.000000000000000000e+00 -1.829090329849024421e+00
-1.158999999999999986e+01 1.500000000000000000e+01 -1.862050197613756231e+00
-9.108825582683998334e+00 1.500000000000000000e+01 -1.961982417907316978e-01
3.859999999999999876e+00 1.500000000000000000e+01 -3.038017582092683022e-01
1.158999999999999986e+01 1.500000000000000000e+01 -1.041751560595512105e+00
