-1.158999999999999986e+01 -1.500000000000000000e+01 -3.126241961406108771e-01
-7.956538575165308380e+00 -1.500000000000000000e+01 -1.953901225878817705e-01
3.859999999999999876e+00 -1.500000000000000000e+01 0.000000000000000000e+00
1.158999999999999986e+01 -1.500000000000000000e+01 -1.000000000000000000e+00
-1.158999999999999986e+01 -5.000000000000000000e+00 -3.126241961406108771e-01
-7.956538575165308380e+00 -5.000000000000000000e+00 -1.953901225878817705e-01
3.859999999999999876e+00 -5.000000000000000000e+00 0.000000000000000000e+00
1.158999999999999986e+01 -5.000000000000000000e+00 -1.000000000000000000e+00
-1.158999999999999986e+01 5.000000000000000000e+00 -5.861703677636452836e-01
-7.956538575165308380e+00 5.000000000000000000e+00 -3.907802451757635409e-01
3.859999999999999876e+00 5.000000000000000000e+00 0.000000000000000000e+00
1.158999999999999986e+01 5.000000000000000000e+00 -2.500000000000000000e+00
-1.158999999999999986e+01 1.500000000000000000e+01 -7.815604903515271928e-02
-7.956538575165308380e+00 1.500000000000000000e+01 -3.907802451757635409e-01
3.859999999999999876e+00 1.500000000000000000e+01 0.000000000000000000e+00
1.158999999999999986e+01 1.500000000000000000e+01 -4.000000000000000000e+00
