-1.158999999999999986e+01 -1.500000000000000000e+01 -5.008116912679374533e-01
-7.600811691267938208e+00 -1.500000000000000000e+01 -2.438529456543940543e-01
3.859999999999999876e+00 -1.500000000000000000e+01 -6.147054345605945658e-03
1.158999999999999986e+01 -1.500000000000000000e+01 -9.852470695705457526e-01
-1.158999999999999986e+01 -5.000000000000000000e+00 -5.008116912679374533e-01
-7.600811691267938208e+00 -5.000000000000000000e+00 -2.438529456543940543e-01
3.859999999999999876e+00 -5.000000000000000000e+00 -6.147054345605945658e-03
1.158999999999999986e+01 -5.000000000000000000e+00 -9.852470695705457526e-01
-1.158999999999999986e+01 5.000000000000000000e+00 -8.176175978016653190e-01
-7.600811691267938208e+00 5.000000000000000000e+00 -4.877058913087881087e-01
3.859999999999999876e+00 5.000000000000000000e+00 -1.229410869121189132e-02
1.158999999999999986e+01 5.000000000000000000e+00 -2.456970619580758353e+00
-1.158999999999999986e+01 1.500000000000000000e+01 -1.590117217178170783e-01
-7.600811691267938208e+00 1.500000000000000000e+01 -4.877058913087881087e-01
3.859999999999999876e+00 1.500000000000000000e+01 -1.229410869121189132e-02
1.158999999999999986e+01 1.500000000000000000e+01 -3.904105952208547059e+00
