-1.158999999999999986e+01 -1.500000000000000000e+01 -1.453190384564741144e+00
-9.589999999999999858e+00 -1.500000000000000000e+01 -1.768617788496707477e-01
3.859999999999999876e+00 -1.500000000000000000e+01 0.000000000000000000e+00
1.158999999999999986e+01 -1.500000000000000000e+01 -7.074471153986829908e-01
-1.158999999999999986e+01 -5.000000000000000000e+00 -1.014361057662765742e+00
-9.589999999999999858e+00 -5.000000000000000000e+00 -1.768617788496707477e-01
3.859999999999999876e+00 -5.000000000000000000e+00 0.000000000000000000e+00
1.158999999999999986e+01 -5.000000000000000000e+00 -7.074471153986829908e-01
-1.158999999999999986e+01 5.000000000000000000e+00 -8.231382211503293078e-01
-9.589999999999999858e+00 5.000000000000000000e+00 -3.537235576993414954e-01
3.859999999999999876e+00 5.000000000000000000e+00 0.000000000000000000e+00
1.158999999999999986e+01 5.000000000000000000e+00 -1.768617788496707366e+00
-1.158999999999999986e+01 1.500000000000000000e+01 -3.632975961411852861e-01
-9.589999999999999858e+00 1.500000000000000000e+01 -3.537235576993414954e-01
3.859999999999999876e+00 1.500000000000000000e+01 0.000000000000000000e+00
1.158999999999999986e+01 1.500000000000000000e+01 -2.829788461594731963e+00
