-1.158999999999999986e+01 -1.500000000000000000e+01 -3.168239063352479956e+00
-8.188097769111642776e+00 -1.500000000000000000e+01 0.000000000000000000e+00
3.859999999999999876e+00 -1.500000000000000000e+01 -2.079402341618800110e-01
1.158999999999999986e+01 -1.500000000000000000e+01 -3.327043746590080397e-01
-1.158999999999999986e+01 -5.000000000000000000e+00 -3.168239063352479956e+00
-8.188097769111642776e+00 -5.000000000000000000e+00 0.000000000000000000e+00
3.859999999999999876e+00 -5.000000000000000000e+00 -2.079402341618800110e-01
1.158999999999999986e+01 -5.000000000000000000e+00 -3.327043746590080397e-01
-1.158999999999999986e+01 5.000000000000000000e+00 -3.168239063352479956e+00
-8.188097769111642776e+00 5.000000000000000000e+00 0.000000000000000000e+00
3.859999999999999876e+00 5.000000000000000000e+00 -4.158804683237600219e-01
1.158999999999999986e+01 5.000000000000000000e+00 -6.238207024856400329e-01
-1.158999999999999986e+01 1.500000000000000000e+01 -3.168239063352479956e+00
-8.188097769111642776e+00 1.500000000000000000e+01 0.000000000000000000e+00
3.859999999999999876e+00 1.500000000000000000e+01 -4.158804683237600219e-01
1.158999999999999986e+01 1.500000000000000000e+01 -8.317609366475200994e-02
