-1.158999999999999986e+01 -1.500000000000000000e+01 -3.350070127629421801e+00
-9.212679601873746904e+00 -1.500000000000000000e+01 -4.513401891462348603e-02
3.859999999999999876e+00 -1.500000000000000000e+01 0.000000000000000000e+00
1.158999999999999986e+01 -1.500000000000000000e+01 -3.610721513169878882e-01
-1.158999999999999986e+01 -5.000000000000000000e+00 -2.120874241117162828e+00
-9.212679601873746904e+00 -5.000000000000000000e+00 -4.513401891462348603e-02
3.859999999999999876e+00 -5.000000000000000000e+00 0.000000000000000000e+00
1.158999999999999986e+01 -5.000000000000000000e+00 -3.610721513169878882e-01
-1.158999999999999986e+01 5.000000000000000000e+00 -9.548659810853765695e-01
-9.212679601873746904e+00 5.000000000000000000e+00 -9.026803782924697206e-02
3.859999999999999876e+00 5.000000000000000000e+00 0.000000000000000000e+00
1.158999999999999986e+01 5.000000000000000000e+00 -4.513401891462348603e-01
-1.158999999999999986e+01 1.500000000000000000e+01 -8.375175319073554503e-01
-9.212679601873746904e+00 1.500000000000000000e+01 -9.026803782924697206e-02
3.859999999999999876e+00 1.500000000000000000e+01 0.000000000000000000e+00
1.158999999999999986e+01 1.500000000000000000e+01 -7.221443026339757765e-01
