-1.158999999999999986e+01 -1.500000000000000000e+01 -3.975601929854488237e+00
-1.156228108141801592e+01 -1.500000000000000000e+01 -1.694310426771650224e-03
3.859999999999999876e+00 -1.500000000000000000e+01 0.000000000000000000e+00
1.158999999999999986e+01 -1.500000000000000000e+01 -1.355448341417320179e-02
-1.158999999999999986e+01 -5.000000000000000000e+00 -3.975601929854488237e+00
-1.156228108141801592e+01 -5.000000000000000000e+00 -1.694310426771650224e-03
3.859999999999999876e+00 -5.000000000000000000e+00 0.000000000000000000e+00
1.158999999999999986e+01 -5.000000000000000000e+00 -1.355448341417320179e-02
-1.158999999999999986e+01 5.000000000000000000e+00 -3.977973964451968492e+00
-1.156228108141801592e+01 5.000000000000000000e+00 -3.388620853543300449e-03
3.859999999999999876e+00 5.000000000000000000e+00 0.000000000000000000e+00
1.158999999999999986e+01 5.000000000000000000e+00 -1.694310426771650224e-02
-1.158999999999999986e+01 1.500000000000000000e+01 -3.973568757342362368e+00
-1.156228108141801592e+01 1.500000000000000000e+01 -3.388620853543300449e-03
3.859999999999999876e+00 1.500000000000000000e+01 0.000000000000000000e+00
1.158999999999999986e+01 1.500000000000000000e+01 -2.710896682834640359e-02
