-1.158999999999999986e+01 -1.500000000000000000e+01 -4.000000000000000222e-01
-1.051012653110863582e+01 -1.500000000000000000e+01 -2.500000000000000000e-01
3.860000000000000320e+00 -1.500000000000000000e+01 0.000000000000000000e+00
1.158999999999999986e+01 -1.500000000000000000e+01 -2.602210377552352849e+00
-1.158999999999999986e+01 -5.000000000000000000e+00 -4.000000000000000222e-01
-1.051012653110863582e+01 -5.000000000000000000e+00 -2.500000000000000000e-01
3.860000000000000320e+00 -5.000000000000000000e+00 0.000000000000000000e+00
1.158999999999999986e+01 -5.000000000000000000e+00 -2.602210377552352849e+00
-1.158999999999999986e+01 5.000000000000000000e+00 -7.500000000000000000e-01
-1.051012653110863582e+01 5.000000000000000000e+00 -5.000000000000000000e-01
3.860000000000000320e+00 5.000000000000000000e+00 0.000000000000000000e+00
1.158999999999999986e+01 5.000000000000000000e+00 -2.957774393586386275e+00
-1.158999999999999986e+01 1.500000000000000000e+01 -1.000000000000000056e-01
-1.051012653110863582e+01 1.500000000000000000e+01 -5.000000000000000000e-01
3.860000000000000320e+00 1.500000000000000000e+01 0.000000000000000000e+00
1.158999999999999986e+01 1.500000000000000000e+01 -3.313338409620420144e+00
