-1.158999999999999986e+01 -1.500000000000000000e+01 -2.834458307391679033e-01
-8.691766380692008909e+00 -1.500000000000000000e+01 -1.771536442119799326e-01
3.859999999999999432e+00 -1.500000000000000000e+01 0.000000000000000000e+00
1.158999999999999986e+01 -1.500000000000000000e+01 -2.582770846304160539e+00
-1.158999999999999986e+01 -5.000000000000000000e+00 -2.834458307391679033e-01
-8.691766380692008909e+00 -5.000000000000000000e+00 -1.771536442119799326e-01
3.859999999999999432e+00 -5.000000000000000000e+00 0.000000000000000000e+00
1.158999999999999986e+01 -5.000000000000000000e+00 -2.582770846304160539e+00
-1.158999999999999986e+01 5.000000000000000000e+00 -5.314609326359398533e-01
-8.691766380692008909e+00 5.000000000000000000e+00 -3.543072884239598652e-01
3.859999999999999432e+00 5.000000000000000000e+00 0.000000000000000000e+00
1.158999999999999986e+01 5.000000000000000000e+00 -2.937078134728120293e+00
-1.158999999999999986e+01 1.500000000000000000e+01 -7.086145768479197582e-02
-8.691766380692008909e+00 1.500000000000000000e+01 -3.543072884239598652e-01
3.859999999999999432e+00 1.500000000000000000e+01 0.000000000000000000e+00
1.158999999999999986e+01 1.500000000000000000e+01 -4.000000000000000000e+00
