-1.158999999999999986e+01 -1.500000000000000000e+01 -1.372088850175058106e+00
-8.634111434378043626e+00 -1.500000000000000000e+01 0.000000000000000000e+00
3.859999999999999876e+00 -1.500000000000000000e+01 -1.143407375145881755e-01
1.158999999999999986e+01 -1.500000000000000000e+01 -2.353493379789930451e+00
-1.158999999999999986e+01 -5.000000000000000000e+00 -1.372088850175058106e+00
-8.634111434378043626e+00 -5.000000000000000000e+00 0.000000000000000000e+00
3.859999999999999876e+00 -5.000000000000000000e+00 -1.143407375145881755e-01
1.158999999999999986e+01 -5.000000000000000000e+00 -1.539537804877459282e+00
-1.158999999999999986e+01 5.000000000000000000e+00 -1.372088850175058106e+00
-8.634111434378043626e+00 5.000000000000000000e+00 0.000000000000000000e+00
3.859999999999999876e+00 5.000000000000000000e+00 -2.286814750291763509e-01
1.158999999999999986e+01 5.000000000000000000e+00 -8.856592624854118245e-01
-1.158999999999999986e+01 1.500000000000000000e+01 -1.372088850175058106e+00
-8.634111434378043626e+00 1.500000000000000000e+01 0.000000000000000000e+00
3.859999999999999876e+00 1.500000000000000000e+01 -2.286814750291763509e-01
1.158999999999999986e+01 1.500000000000000000e+01 -5.883733449474826127e-01
