-1.158999999999999986e+01 -1.500000000000000000e+01 -6.707682038645255140e-01
-7.500000000000000000e+00 -1.500000000000000000e+01 -1.371799150564476932e-01
3.859999999999999432e+00 -1.500000000000000000e+01 -1.128200849435523068e-01
1.158999999999999986e+01 -1.500000000000000000e+01 -1.826671116587056165e+00
-1.158999999999999986e+01 -5.000000000000000000e+00 -6.707682038645255140e-01
-7.500000000000000000e+00 -5.000000000000000000e+00 -1.371799150564476932e-01
3.859999999999999432e+00 -5.000000000000000000e+00 -1.128200849435523068e-01
1.158999999999999986e+01 -5.000000000000000000e+00 -1.826671116587056165e+00
-1.158999999999999986e+01 5.000000000000000000e+00 -1.539740594604866342e+00
-7.500000000000000000e+00 5.000000000000000000e+00 -2.743598301128953865e-01
3.859999999999999432e+00 5.000000000000000000e+00 -2.256401698871046135e-01
1.158999999999999986e+01 5.000000000000000000e+00 -1.984619235508029433e+00
-1.158999999999999986e+01 1.500000000000000000e+01 -1.859993325119416063e+00
-7.500000000000000000e+00 1.500000000000000000e+01 -2.743598301128953865e-01
3.859999999999999432e+00 1.500000000000000000e+01 -2.256401698871046135e-01
1.158999999999999986e+01 1.500000000000000000e+01 -1.691287014654793364e+00
