-1.158999999999999986e+01 -1.500000000000000000e+01 -2.794649627532609149e+00
-1.083827683363123029e+01 -1.500000000000000000e+01 0.000000000000000000e+00
3.859999999999999876e+00 -1.500000000000000000e+01 -1.552583126407005021e-01
1.158999999999999986e+01 -1.500000000000000000e+01 -1.764280297973912726e+00
-1.158999999999999986e+01 -5.000000000000000000e+00 -2.794649627532609149e+00
-1.083827683363123029e+01 -5.000000000000000000e+00 0.000000000000000000e+00
3.859999999999999876e+00 -5.000000000000000000e+00 -1.552583126407005021e-01
1.158999999999999986e+01 -5.000000000000000000e+00 -1.195830173818115849e+00
-1.158999999999999986e+01 5.000000000000000000e+00 -2.173616376969806918e+00
-1.083827683363123029e+01 5.000000000000000000e+00 0.000000000000000000e+00
3.859999999999999876e+00 5.000000000000000000e+00 -3.105166252814010042e-01
1.158999999999999986e+01 5.000000000000000000e+00 -8.447416873592994424e-01
-1.158999999999999986e+01 1.500000000000000000e+01 -1.552583126407005132e+00
-1.083827683363123029e+01 1.500000000000000000e+01 0.000000000000000000e+00
3.859999999999999876e+00 1.500000000000000000e+01 -3.105166252814010042e-01
1.158999999999999986e+01 1.500000000000000000e+01 -4.410700744934781814e-01
