-1.207901767776698065e+01 -1.500000000000000000e+01 -4.000000000000000000e+00
-1.056803535553396145e+01 -1.500000000000000000e+01 0.000000000000000000e+00
3.859999999999999876e+00 -1.500000000000000000e+01 0.000000000000000000e+00
1.158999999999999986e+01 -1.500000000000000000e+01 0.000000000000000000e+00
-1.207901767776698065e+01 -5.000000000000000000e+00 -3.233526516650471194e+00
-1.056803535553396145e+01 -5.000000000000000000e+00 0.000000000000000000e+00
3.859999999999999876e+00 -5.000000000000000000e+00 0.000000000000000000e+00
1.158999999999999986e+01 -5.000000000000000000e+00 0.000000000000000000e+00
-1.207901767776698065e+01 5.000000000000000000e+00 -2.467053033300942833e+00
-1.056803535553396145e+01 5.000000000000000000e+00 0.000000000000000000e+00
3.859999999999999876e+00 5.000000000000000000e+00 0.000000000000000000e+00
1.158999999999999986e+01 5.000000000000000000e+00 0.000000000000000000e+00
-1.207901767776698065e+01 1.500000000000000000e+01 -2.467053033300942833e+00
-1.056803535553396145e+01 1.500000000000000000e+01 0.000000000000000000e+00
3.859999999999999876e+00 1.500000000000000000e+01 0.000000000000000000e+00
1.158999999999999986e+01 1.500000000000000000e+01 0.000000000000000000e+00
