-1.158999999999999986e+01 -1.500000000000000000e+01 -1.674334234923173570e+00
-1.097837354393991482e+01 -1.500000000000000000e+01 -1.722966929924894253e-01
3.859999999999999432e+00 -1.500000000000000000e+01 -7.770330700751057473e-02
1.158999999999999986e+01 -1.500000000000000000e+01 -3.225665765076826563e+00
-1.158999999999999986e+01 -5.000000000000000000e+00 -1.674334234923173570e+00
-1.097837354393991482e+01 -5.000000000000000000e+00 -1.722966929924894253e-01
3.859999999999999432e+00 -5.000000000000000000e+00 -7.770330700751057473e-02
1.158999999999999986e+01 -5.000000000000000000e+00 -3.225665765076826563e+00
-1.158999999999999986e+01 5.000000000000000000e+00 -1.604736377082616183e+00
-1.097837354393991482e+01 5.000000000000000000e+00 -3.445933859849788505e-01
3.859999999999999432e+00 5.000000000000000000e+00 -1.554066140150211495e-01
1.158999999999999986e+01 5.000000000000000000e+00 -2.645263622917383817e+00
-1.158999999999999986e+01 1.500000000000000000e+01 -8.459517472721015396e-01
-1.097837354393991482e+01 1.500000000000000000e+01 -3.445933859849788505e-01
3.859999999999999432e+00 1.500000000000000000e+01 -1.554066140150211495e-01
1.158999999999999986e+01 1.500000000000000000e+01 -1.754048252727898438e+00
