-1.158999999999999986e+01 -1.500000000000000000e+01 -1.795704743348784271e+00
-1.159612304237958647e+01 -1.500000000000000000e+01 -1.530760594896677651e-01
3.860000000000000320e+00 -1.500000000000000000e+01 0.000000000000000000e+00
1.158999999999999986e+01 -1.500000000000000000e+01 -2.755369070814019938e+00
-1.158999999999999986e+01 -5.000000000000000000e+00 -1.795704743348784271e+00
-1.159612304237958647e+01 -5.000000000000000000e+00 -1.530760594896677651e-01
3.860000000000000320e+00 -5.000000000000000000e+00 0.000000000000000000e+00
1.158999999999999986e+01 -5.000000000000000000e+00 -2.755369070814019938e+00
-1.158999999999999986e+01 5.000000000000000000e+00 -2.010011226634318859e+00
-1.159612304237958647e+01 5.000000000000000000e+00 -3.061521189793355302e-01
3.860000000000000320e+00 5.000000000000000000e+00 0.000000000000000000e+00
1.158999999999999986e+01 5.000000000000000000e+00 -2.143064832855348545e+00
-1.158999999999999986e+01 1.500000000000000000e+01 -1.612013471961182942e+00
-1.159612304237958647e+01 1.500000000000000000e+01 -3.061521189793355302e-01
3.860000000000000320e+00 1.500000000000000000e+01 0.000000000000000000e+00
1.158999999999999986e+01 1.500000000000000000e+01 -1.530760594896677596e+00
