-1.158999999999999986e+01 -1.500000000000000000e+01 -7.490663490176625583e-01
-9.214713281712638704e+00 -1.500000000000000000e+01 -1.045556879093072489e-01
3.859999999999999432e+00 -1.500000000000000000e+01 -1.454443120906927511e-01
1.158999999999999986e+01 -1.500000000000000000e+01 -2.114713281712639059e+00
-1.158999999999999986e+01 -5.000000000000000000e+00 -7.490663490176625583e-01
-9.214713281712638704e+00 -5.000000000000000000e+00 -1.045556879093072489e-01
3.859999999999999432e+00 -5.000000000000000000e+00 -1.454443120906927511e-01
1.158999999999999986e+01 -5.000000000000000000e+00 -2.114713281712639059e+00
-1.158999999999999986e+01 5.000000000000000000e+00 -1.768110184634849258e+00
-9.214713281712638704e+00 5.000000000000000000e+00 -2.091113758186144977e-01
3.859999999999999432e+00 5.000000000000000000e+00 -2.908886241813855023e-01
1.158999999999999986e+01 5.000000000000000000e+00 -1.900112567002379738e+00
-1.158999999999999986e+01 1.500000000000000000e+01 -2.368931268614806740e+00
-9.214713281712638704e+00 1.500000000000000000e+01 -2.091113758186144977e-01
3.859999999999999432e+00 1.500000000000000000e+01 -2.908886241813855023e-01
1.158999999999999986e+01 1.500000000000000000e+01 -1.103734603929349634e+00
