-1.158999999999999986e+01 -1.500000000000000000e+01 -1.000000000000000000e+00
-7.508445246042357191e+00 -1.500000000000000000e+01 0.000000000000000000e+00
3.859999999999999876e+00 -1.500000000000000000e+01 -2.489898031049811999e-01
1.158999999999999986e+01 -1.500000000000000000e+01 -3.983836849679699421e-01
-1.158999999999999986e+01 -5.000000000000000000e+00 -1.000000000000000000e+00
-7.508445246042357191e+00 -5.000000000000000000e+00 0.000000000000000000e+00
3.859999999999999876e+00 -5.000000000000000000e+00 -2.489898031049811999e-01
1.158999999999999986e+01 -5.000000000000000000e+00 -3.983836849679699421e-01
-1.158999999999999986e+01 5.000000000000000000e+00 -2.500000000000000000e+00
-7.508445246042357191e+00 5.000000000000000000e+00 0.000000000000000000e+00
3.859999999999999876e+00 5.000000000000000000e+00 -4.979796062099623999e-01
1.158999999999999986e+01 5.000000000000000000e+00 -7.469694093149435998e-01
-1.158999999999999986e+01 1.500000000000000000e+01 -4.000000000000000000e+00
-7.508445246042357191e+00 1.500000000000000000e+01 0.000000000000000000e+00
3.859999999999999876e+00 1.500000000000000000e+01 -4.979796062099623999e-01
1.158999999999999986e+01 1.500000000000000000e+01 -9.959592124199248553e-02
