-1.158999999999999986e+01 -1.500000000000000000e+01 -4.453146975366785165e-01
-7.615835695578134334e+00 -1.500000000000000000e+01 -2.429195785098939853e-01
3.859999999999999876e+00 -1.500000000000000000e+01 0.000000000000000000e+00
1.158999999999999986e+01 -1.500000000000000000e+01 -3.028321685960424059e+00
-1.158999999999999986e+01 -5.000000000000000000e+00 -4.453146975366785165e-01
-7.615835695578134334e+00 -5.000000000000000000e+00 -2.429195785098939853e-01
3.859999999999999876e+00 -5.000000000000000000e+00 0.000000000000000000e+00
1.158999999999999986e+01 -5.000000000000000000e+00 -3.028321685960424059e+00
-1.158999999999999986e+01 5.000000000000000000e+00 -7.854021074505300737e-01
-7.615835695578134334e+00 5.000000000000000000e+00 -4.858391570197879705e-01
3.859999999999999876e+00 5.000000000000000000e+00 0.000000000000000000e+00
1.158999999999999986e+01 5.000000000000000000e+00 -3.028321685960424059e+00
-1.158999999999999986e+01 1.500000000000000000e+01 -1.538112033248057176e-01
-7.615835695578134334e+00 1.500000000000000000e+01 -4.858391570197879705e-01
3.859999999999999876e+00 1.500000000000000000e+01 0.000000000000000000e+00
1.158999999999999986e+01 1.500000000000000000e+01 -3.028321685960424059e+00
