-1.158999999999999986e+01 -1.500000000000000000e+01 -1.633469781146615230e+00
-8.928024078701787047e+00 -1.500000000000000000e+01 0.000000000000000000e+00
3.859999999999999876e+00 -1.500000000000000000e+01 -7.918372264332690369e-02
1.158999999999999986e+01 -1.500000000000000000e+01 -1.266939562293230570e-01
-1.158999999999999986e+01 -5.000000000000000000e+00 -1.633469781146615230e+00
-8.928024078701787047e+00 -5.000000000000000000e+00 0.000000000000000000e+00
3.859999999999999876e+00 -5.000000000000000000e+00 -7.918372264332690369e-02
1.158999999999999986e+01 -5.000000000000000000e+00 -1.266939562293230570e-01
-1.158999999999999986e+01 5.000000000000000000e+00 -2.658367445286653918e+00
-8.928024078701787047e+00 5.000000000000000000e+00 0.000000000000000000e+00
3.859999999999999876e+00 5.000000000000000000e+00 -1.583674452866538074e-01
1.158999999999999986e+01 5.000000000000000000e+00 -2.375511679299807111e-01
-1.158999999999999986e+01 1.500000000000000000e+01 -3.683265109426692163e+00
-8.928024078701787047e+00 1.500000000000000000e+01 0.000000000000000000e+00
3.859999999999999876e+00 1.500000000000000000e+01 -1.583674452866538074e-01
1.158999999999999986e+01 1.500000000000000000e+01 -3.167348905733076425e-02
