-1.158999999999999986e+01 -1.500000000000000000e+01 -4.326060103150500269e-02
-9.591081515025788207e+00 -1.500000000000000000e+01 -2.703787564469062321e-02
3.859999999999999876e+00 -1.500000000000000000e+01 0.000000000000000000e+00
1.158999999999999986e+01 -1.500000000000000000e+01 -4.054075751289381024e+00
-1.158999999999999986e+01 -5.000000000000000000e+00 -4.326060103150500269e-02
-9.591081515025788207e+00 -5.000000000000000000e+00 -2.703787564469062321e-02
3.859999999999999876e+00 -5.000000000000000000e+00 0.000000000000000000e+00
1.158999999999999986e+01 -5.000000000000000000e+00 -2.716303005157524986e+00
-1.158999999999999986e+01 5.000000000000000000e+00 -8.111362693407186963e-02
-9.591081515025788207e+00 5.000000000000000000e+00 -5.407575128938124642e-02
3.859999999999999876e+00 5.000000000000000000e+00 0.000000000000000000e+00
1.158999999999999986e+01 5.000000000000000000e+00 -1.270378756446906232e+00
-1.158999999999999986e+01 1.500000000000000000e+01 -1.081515025787625067e-02
-9.591081515025788207e+00 1.500000000000000000e+01 -5.407575128938124642e-02
3.859999999999999876e+00 1.500000000000000000e+01 0.000000000000000000e+00
1.158999999999999986e+01 1.500000000000000000e+01 -1.162227253868143739e+00
