-1.158999999999999986e+01 -1.500000000000000000e+01 -3.545045696260745061e+00
-1.128669713084049775e+01 -1.500000000000000000e+01 0.000000000000000000e+00
3.859999999999999876e+00 -1.500000000000000000e+01 -3.791285864493793012e-02
1.158999999999999986e+01 -1.500000000000000000e+01 -6.066057383190068958e-02
-1.158999999999999986e+01 -5.000000000000000000e+00 -3.545045696260745061e+00
-1.128669713084049775e+01 -5.000000000000000000e+00 0.000000000000000000e+00
3.859999999999999876e+00 -5.000000000000000000e+00 -3.791285864493793012e-02
1.158999999999999986e+01 -5.000000000000000000e+00 -6.066057383190068958e-02
-1.158999999999999986e+01 5.000000000000000000e+00 -3.772522848130372530e+00
-1.128669713084049775e+01 5.000000000000000000e+00 0.000000000000000000e+00
3.859999999999999876e+00 5.000000000000000000e+00 -7.582571728987586024e-02
1.158999999999999986e+01 5.000000000000000000e+00 -1.137385759348137904e-01
-1.158999999999999986e+01 1.500000000000000000e+01 -4.000000000000000000e+00
-1.128669713084049775e+01 1.500000000000000000e+01 0.000000000000000000e+00
3.859999999999999876e+00 1.500000000000000000e+01 -7.582571728987586024e-02
1.158999999999999986e+01 1.500000000000000000e+01 -1.516514345797517239e-02
