-1.158999999999999986e+01 -1.500000000000000000e+01 -5.357284079170396840e-01
-7.654202552327970643e+00 -1.500000000000000000e+01 -2.405744161168722473e-01
3.859999999999999876e+00 -1.500000000000000000e+01 0.000000000000000000e+00
1.158999999999999986e+01 -1.500000000000000000e+01 -9.622976644674889890e-01
-1.158999999999999986e+01 -5.000000000000000000e+00 -5.357284079170396840e-01
-7.654202552327970643e+00 -5.000000000000000000e+00 -2.405744161168722473e-01
3.859999999999999876e+00 -5.000000000000000000e+00 0.000000000000000000e+00
1.158999999999999986e+01 -5.000000000000000000e+00 -9.622976644674889890e-01
-1.158999999999999986e+01 5.000000000000000000e+00 -8.725325904806607857e-01
-7.654202552327970643e+00 5.000000000000000000e+00 -4.811488322337444945e-01
3.859999999999999876e+00 5.000000000000000000e+00 0.000000000000000000e+00
1.158999999999999986e+01 5.000000000000000000e+00 -2.405744161168722250e+00
-1.158999999999999986e+01 1.500000000000000000e+01 -2.470391085767929540e-01
-7.654202552327970643e+00 1.500000000000000000e+01 -4.811488322337444945e-01
3.859999999999999876e+00 1.500000000000000000e+01 0.000000000000000000e+00
1.158999999999999986e+01 1.500000000000000000e+01 -3.849190657869955956e+00
