-1.158999999999999986e+01 -1.500000000000000000e+01 -3.546381167947886492e+00
-1.159126005231125589e+01 -1.500000000000000000e+01 -3.150130778139675902e-02
3.859999999999999876e+00 -1.500000000000000000e+01 0.000000000000000000e+00
1.158999999999999986e+01 -1.500000000000000000e+01 -5.670235400651416624e-01
-1.158999999999999986e+01 -5.000000000000000000e+00 -3.546381167947886492e+00
-1.159126005231125589e+01 -5.000000000000000000e+00 -3.150130778139675902e-02
3.859999999999999876e+00 -5.000000000000000000e+00 0.000000000000000000e+00
1.158999999999999986e+01 -5.000000000000000000e+00 -5.670235400651416624e-01
-1.158999999999999986e+01 5.000000000000000000e+00 -3.590482998841842299e+00
-1.159126005231125589e+01 5.000000000000000000e+00 -6.300261556279351804e-02
3.859999999999999876e+00 5.000000000000000000e+00 0.000000000000000000e+00
1.158999999999999986e+01 5.000000000000000000e+00 -4.410183089395546263e-01
-1.158999999999999986e+01 1.500000000000000000e+01 -3.508579598610210404e+00
-1.159126005231125589e+01 1.500000000000000000e+01 -6.300261556279351804e-02
3.859999999999999876e+00 1.500000000000000000e+01 0.000000000000000000e+00
1.158999999999999986e+01 1.500000000000000000e+01 -3.150130778139675902e-01
