-1.158999999999999986e+01 -1.500000000000000000e+01 -3.158490315889187272e+00
-1.063395149777410431e+01 -1.500000000000000000e+01 -5.843817250769534066e-02
3.860000000000000320e+00 -1.500000000000000000e+01 0.000000000000000000e+00
1.158999999999999986e+01 -1.500000000000000000e+01 -2.337526900307813627e-01
-1.158999999999999986e+01 -5.000000000000000000e+00 -3.158490315889187272e+00
-1.063395149777410431e+01 -5.000000000000000000e+00 -5.843817250769534066e-02
3.860000000000000320e+00 -5.000000000000000000e+00 0.000000000000000000e+00
1.158999999999999986e+01 -5.000000000000000000e+00 -2.337526900307813627e-01
-1.158999999999999986e+01 5.000000000000000000e+00 -3.240303757399960460e+00
-1.063395149777410431e+01 5.000000000000000000e+00 -1.168763450153906813e-01
3.860000000000000320e+00 5.000000000000000000e+00 0.000000000000000000e+00
1.158999999999999986e+01 5.000000000000000000e+00 -5.843817250769534066e-01
-1.158999999999999986e+01 1.500000000000000000e+01 -3.088364508879952730e+00
-1.063395149777410431e+01 1.500000000000000000e+01 -1.168763450153906813e-01
3.860000000000000320e+00 1.500000000000000000e+01 0.000000000000000000e+00
1.158999999999999986e+01 1.500000000000000000e+01 -9.350107601231254506e-01
