-1.158999999999999986e+01 -1.500000000000000000e+01 -7.124525131146450807e-01
-9.181858904743995353e+00 -1.500000000000000000e+01 -2.011792948258367131e-01
3.860000000000000320e+00 -1.500000000000000000e+01 -4.882070517416328692e-02
1.158999999999999986e+01 -1.500000000000000000e+01 -8.828303075820080892e-01
-1.158999999999999986e+01 -5.000000000000000000e+00 -7.124525131146450807e-01
-9.181858904743995353e+00 -5.000000000000000000e+00 -2.011792948258367131e-01
3.860000000000000320e+00 -5.000000000000000000e+00 -4.882070517416328692e-02
1.158999999999999986e+01 -5.000000000000000000e+00 -8.828303075820080892e-01
-1.158999999999999986e+01 5.000000000000000000e+00 -1.091744936219142925e+00
-9.181858904743995353e+00 5.000000000000000000e+00 -4.023585896516734262e-01
3.860000000000000320e+00 5.000000000000000000e+00 -9.764141034832657384e-02
1.158999999999999986e+01 5.000000000000000000e+00 -2.158255063780857075e+00
-1.158999999999999986e+01 1.500000000000000000e+01 -8.616030007169472871e-01
-9.181858904743995353e+00 1.500000000000000000e+01 -4.023585896516734262e-01
3.860000000000000320e+00 1.500000000000000000e+01 -9.764141034832657384e-02
1.158999999999999986e+01 1.500000000000000000e+01 -3.238396999283052580e+00
