-1.158999999999999986e+01 -1.500000000000000000e+01 -2.951283691668790343e+00
-1.005128369166878954e+01 -1.500000000000000000e+01 -9.443392123970792418e-02
3.859999999999999432e+00 -1.500000000000000000e+01 -1.555660787602920758e-01
1.158999999999999986e+01 -1.500000000000000000e+01 -6.266414109752990180e-01
-1.158999999999999986e+01 -5.000000000000000000e+00 -2.951283691668790343e+00
-1.005128369166878954e+01 -5.000000000000000000e+00 -9.443392123970792418e-02
3.859999999999999432e+00 -5.000000000000000000e+00 -1.555660787602920758e-01
1.158999999999999986e+01 -5.000000000000000000e+00 -6.266414109752990180e-01
-1.158999999999999986e+01 5.000000000000000000e+00 -2.461226866363212640e+00
-1.005128369166878954e+01 5.000000000000000000e+00 -1.888678424794158484e-01
3.859999999999999432e+00 5.000000000000000000e+00 -3.111321575205841516e-01
1.158999999999999986e+01 5.000000000000000000e+00 -1.411037448677955553e+00
-1.158999999999999986e+01 1.500000000000000000e+01 -1.593434356098803795e+00
-1.005128369166878954e+01 1.500000000000000000e+01 -1.888678424794158484e-01
3.859999999999999432e+00 1.500000000000000000e+01 -3.111321575205841516e-01
1.158999999999999986e+01 1.500000000000000000e+01 -1.573169171339443562e+00
