-1.207450569088451608e+01 -1.500000000000000000e+01 -2.061977236461935981e+00
-1.055901138176903231e+01 -1.500000000000000000e+01 0.000000000000000000e+00
3.859999999999999876e+00 -1.500000000000000000e+01 0.000000000000000000e+00
1.158999999999999986e+01 -1.500000000000000000e+01 -1.938022763538064019e+00
-1.207450569088451608e+01 -5.000000000000000000e+00 -1.288735772788709877e+00
-1.055901138176903231e+01 -5.000000000000000000e+00 0.000000000000000000e+00
3.859999999999999876e+00 -5.000000000000000000e+00 0.000000000000000000e+00
1.158999999999999986e+01 -5.000000000000000000e+00 -1.938022763538064019e+00
-1.207450569088451608e+01 5.000000000000000000e+00 -5.154943091154839951e-01
-1.055901138176903231e+01 5.000000000000000000e+00 0.000000000000000000e+00
3.859999999999999876e+00 5.000000000000000000e+00 0.000000000000000000e+00
1.158999999999999986e+01 5.000000000000000000e+00 -1.938022763538064019e+00
-1.207450569088451608e+01 1.500000000000000000e+01 -5.154943091154839951e-01
-1.055901138176903231e+01 1.500000000000000000e+01 0.000000000000000000e+00
3.859999999999999876e+00 1.500000000000000000e+01 0.000000000000000000e+00
1.158999999999999986e+01 1.500000000000000000e+01 -1.938022763538064019e+00
