-1.228601260954627250e+01 -1.500000000000000000e+01 -2.784050438185091014e+00
-1.098202521909254514e+01 -1.500000000000000000e+01 0.000000000000000000e+00
3.860000000000000320e+00 -1.500000000000000000e+01 0.000000000000000000e+00
1.158999999999999986e+01 -1.500000000000000000e+01 -3.039873904537272464e-01
-1.228601260954627250e+01 -5.000000000000000000e+00 -2.784050438185091014e+00
-1.098202521909254514e+01 -5.000000000000000000e+00 0.000000000000000000e+00
3.860000000000000320e+00 -5.000000000000000000e+00 0.000000000000000000e+00
1.158999999999999986e+01 -5.000000000000000000e+00 -3.039873904537272464e-01
-1.228601260954627250e+01 5.000000000000000000e+00 -2.784050438185091014e+00
-1.098202521909254514e+01 5.000000000000000000e+00 0.000000000000000000e+00
3.860000000000000320e+00 5.000000000000000000e+00 0.000000000000000000e+00
1.158999999999999986e+01 5.000000000000000000e+00 -7.599684761343181716e-01
-1.228601260954627250e+01 1.500000000000000000e+01 -2.784050438185091014e+00
-1.098202521909254514e+01 1.500000000000000000e+01 0.000000000000000000e+00
3.860000000000000320e+00 1.500000000000000000e+01 0.000000000000000000e+00
1.158999999999999986e+01 1.500000000000000000e+01 -1.215949561814908986e+00
