-1.158999999999999986e+01 -1.500000000000000000e+01 -4.448419925693007926e+00
-1.139264810128589467e+01 -1.500000000000000000e+01 0.000000000000000000e+00
3.859999999999999876e+00 -1.500000000000000000e+01 -2.757900371534958150e-01
1.158999999999999986e+01 -1.500000000000000000e+01 -5.650562377823731275e-01
-1.158999999999999986e+01 -5.000000000000000000e+00 -4.293679702772033480e+00
-1.139264810128589467e+01 -5.000000000000000000e+00 0.000000000000000000e+00
3.859999999999999876e+00 -5.000000000000000000e+00 -2.757900371534958150e-01
1.158999999999999986e+01 -5.000000000000000000e+00 -4.876861263218856823e-01
-1.158999999999999986e+01 5.000000000000000000e+00 -3.242099628465042294e+00
-1.139264810128589467e+01 5.000000000000000000e+00 0.000000000000000000e+00
3.859999999999999876e+00 5.000000000000000000e+00 -4.742099628465041850e-01
1.158999999999999986e+01 5.000000000000000000e+00 -8.015800743069916301e-01
-1.158999999999999986e+01 1.500000000000000000e+01 -2.345259777079025554e+00
-1.139264810128589467e+01 1.500000000000000000e+01 0.000000000000000000e+00
3.859999999999999876e+00 1.500000000000000000e+01 -4.742099628465041850e-01
1.158999999999999986e+01 1.500000000000000000e+01 -2.960042823665680056e-01
