-1.158999999999999986e+01 -1.500000000000000000e+01 -5.107049041455484772e-01
-7.500000000000000000e+00 -1.500000000000000000e+01 -2.393552976783126507e-01
3.859999999999999876e+00 -1.500000000000000000e+01 -1.064470232168734931e-02
1.158999999999999986e+01 -1.500000000000000000e+01 -1.931873905141201053e+00
-1.158999999999999986e+01 -5.000000000000000000e+00 -5.107049041455484772e-01
-7.500000000000000000e+00 -5.000000000000000000e+00 -2.393552976783126507e-01
3.859999999999999876e+00 -5.000000000000000000e+00 -1.064470232168734931e-02
1.158999999999999986e+01 -5.000000000000000000e+00 -1.931873905141201053e+00
-1.158999999999999986e+01 5.000000000000000000e+00 -8.458023208951861438e-01
-7.500000000000000000e+00 5.000000000000000000e+00 -4.787105953566253014e-01
3.859999999999999876e+00 5.000000000000000000e+00 -2.128940464337469862e-02
1.158999999999999986e+01 5.000000000000000000e+00 -2.425487083748188333e+00
-1.158999999999999986e+01 1.500000000000000000e+01 -2.234785469315732631e-01
-7.500000000000000000e+00 1.500000000000000000e+01 -4.787105953566253014e-01
3.859999999999999876e+00 1.500000000000000000e+01 -2.128940464337469862e-02
1.158999999999999986e+01 1.500000000000000000e+01 -3.833942643781677262e+00
