-1.158999999999999986e+01 -1.500000000000000000e+01 -9.579166512701385860e-01
-7.587954198845410225e+00 -1.500000000000000000e+01 0.000000000000000000e+00
3.859999999999999876e+00 -1.500000000000000000e+01 -2.394791628175346465e-01
1.158999999999999986e+01 -1.500000000000000000e+01 -5.515000554275011346e-01
-1.158999999999999986e+01 -5.000000000000000000e+00 -9.579166512701385860e-01
-7.587954198845410225e+00 -5.000000000000000000e+00 0.000000000000000000e+00
3.859999999999999876e+00 -5.000000000000000000e+00 -2.394791628175346465e-01
1.158999999999999986e+01 -5.000000000000000000e+00 -4.883750323327090137e-01
-1.158999999999999986e+01 5.000000000000000000e+00 -2.394791628175346521e+00
-7.587954198845410225e+00 5.000000000000000000e+00 0.000000000000000000e+00
3.859999999999999876e+00 5.000000000000000000e+00 -4.789583256350692930e-01
1.158999999999999986e+01 5.000000000000000000e+00 -7.605208371824653257e-01
-1.158999999999999986e+01 1.500000000000000000e+01 -3.831666605080554344e+00
-7.587954198845410225e+00 1.500000000000000000e+01 0.000000000000000000e+00
3.859999999999999876e+00 1.500000000000000000e+01 -4.789583256350692930e-01
1.158999999999999986e+01 1.500000000000000000e+01 -1.378750138568752837e-01
