-1.158999999999999986e+01 -1.500000000000000000e+01 -4.300724114327746150e+00
-1.159920289645731017e+01 -1.500000000000000000e+01 0.000000000000000000e+00
3.859999999999999876e+00 -1.500000000000000000e+01 -2.300724114327746539e-01
1.158999999999999986e+01 -1.500000000000000000e+01 -6.869572753680450727e-01
-1.158999999999999986e+01 -5.000000000000000000e+00 -4.300724114327746150e+00
-1.159920289645731017e+01 -5.000000000000000000e+00 0.000000000000000000e+00
3.859999999999999876e+00 -5.000000000000000000e+00 -2.300724114327746539e-01
1.158999999999999986e+01 -5.000000000000000000e+00 -6.869572753680450727e-01
-1.158999999999999986e+01 5.000000000000000000e+00 -3.380434468596647868e+00
-1.159920289645731017e+01 5.000000000000000000e+00 0.000000000000000000e+00
3.859999999999999876e+00 5.000000000000000000e+00 -4.601448228655493078e-01
1.158999999999999986e+01 5.000000000000000000e+00 -1.009058651373929472e+00
-1.158999999999999986e+01 1.500000000000000000e+01 -2.460144822865549585e+00
-1.159920289645731017e+01 1.500000000000000000e+01 0.000000000000000000e+00
3.859999999999999876e+00 1.500000000000000000e+01 -4.601448228655493078e-01
1.158999999999999986e+01 1.500000000000000000e+01 -4.108703816487154215e-01
