-1.158999999999999986e+01 -1.500000000000000000e+01 -2.742098859385865062e+00
-1.084790114061413391e+01 -1.500000000000000000e+01 0.000000000000000000e+00
3.859999999999999876e+00 -1.500000000000000000e+01 -1.855247148464663209e-01
1.158999999999999986e+01 -1.500000000000000000e+01 -7.420988593858652838e-01
-1.158999999999999986e+01 -5.000000000000000000e+00 -2.185524714846466487e+00
-1.084790114061413391e+01 -5.000000000000000000e+00 0.000000000000000000e+00
3.859999999999999876e+00 -5.000000000000000000e+00 -1.855247148464663209e-01
1.158999999999999986e+01 -5.000000000000000000e+00 -4.638117871161657746e-01
-1.158999999999999986e+01 5.000000000000000000e+00 -2.257901140614134494e+00
-1.084790114061413391e+01 5.000000000000000000e+00 0.000000000000000000e+00
3.859999999999999876e+00 5.000000000000000000e+00 -9.276235742323316047e-02
1.158999999999999986e+01 5.000000000000000000e+00 -4.638117871161657746e-01
-1.158999999999999986e+01 1.500000000000000000e+01 -2.886851710921201963e+00
-1.084790114061413391e+01 1.500000000000000000e+01 0.000000000000000000e+00
3.859999999999999876e+00 1.500000000000000000e+01 -9.276235742323316047e-02
1.158999999999999986e+01 1.500000000000000000e+01 -7.420988593858652838e-01
