-1.158999999999999986e+01 -1.500000000000000000e+01 -1.960010515555977495e+00
-1.159435557892345869e+01 -1.500000000000000000e+01 0.000000000000000000e+00
3.859999999999999876e+00 -1.500000000000000000e+01 -1.088894730864432003e-01
1.158999999999999986e+01 -1.500000000000000000e+01 -2.431991587555217826e+00
-1.158999999999999986e+01 -5.000000000000000000e+00 -1.960010515555977495e+00
-1.159435557892345869e+01 -5.000000000000000000e+00 0.000000000000000000e+00
3.859999999999999876e+00 -5.000000000000000000e+00 -1.088894730864432003e-01
1.158999999999999986e+01 -5.000000000000000000e+00 -2.431991587555217826e+00
-1.158999999999999986e+01 5.000000000000000000e+00 -1.524452623210204916e+00
-1.159435557892345869e+01 5.000000000000000000e+00 0.000000000000000000e+00
3.859999999999999876e+00 5.000000000000000000e+00 -2.177789461728864007e-01
1.158999999999999986e+01 5.000000000000000000e+00 -2.584436849876238451e+00
-1.158999999999999986e+01 1.500000000000000000e+01 -1.088894730864431892e+00
-1.159435557892345869e+01 1.500000000000000000e+01 0.000000000000000000e+00
3.859999999999999876e+00 1.500000000000000000e+01 -2.177789461728864007e-01
1.158999999999999986e+01 1.500000000000000000e+01 -2.301324219851486053e+00
