-1.158999999999999986e+01 -1.500000000000000000e+01 -3.855685523312561092e+00
-1.150982529072920002e+01 -1.500000000000000000e+01 -1.002183865884992420e-02
3.859999999999999876e+00 -1.500000000000000000e+01 0.000000000000000000e+00
1.158999999999999986e+01 -1.500000000000000000e+01 -4.008735463539969679e-02
-1.158999999999999986e+01 -5.000000000000000000e+00 -3.855685523312561092e+00
-1.150982529072920002e+01 -5.000000000000000000e+00 -1.002183865884992420e-02
3.859999999999999876e+00 -5.000000000000000000e+00 0.000000000000000000e+00
1.158999999999999986e+01 -5.000000000000000000e+00 -4.008735463539969679e-02
-1.158999999999999986e+01 5.000000000000000000e+00 -3.869716097434951152e+00
-1.150982529072920002e+01 5.000000000000000000e+00 -2.004367731769984839e-02
3.859999999999999876e+00 5.000000000000000000e+00 0.000000000000000000e+00
1.158999999999999986e+01 5.000000000000000000e+00 -1.002183865884992420e-01
-1.158999999999999986e+01 1.500000000000000000e+01 -3.843659316921941294e+00
-1.150982529072920002e+01 1.500000000000000000e+01 -2.004367731769984839e-02
3.859999999999999876e+00 1.500000000000000000e+01 0.000000000000000000e+00
1.158999999999999986e+01 1.500000000000000000e+01 -1.603494185415987872e-01
