-1.158999999999999986e+01 -1.500000000000000000e+01 -1.565968744507308941e+00
-1.159676119793192406e+01 -1.500000000000000000e+01 -1.690299482981035550e-01
3.860000000000000320e+00 -1.500000000000000000e+01 0.000000000000000000e+00
1.158999999999999986e+01 -1.500000000000000000e+01 -3.690299482981035162e+00
-1.158999999999999986e+01 -5.000000000000000000e+00 -1.565968744507308941e+00
-1.159676119793192406e+01 -5.000000000000000000e+00 -1.690299482981035550e-01
3.860000000000000320e+00 -5.000000000000000000e+00 0.000000000000000000e+00
1.158999999999999986e+01 -5.000000000000000000e+00 -3.690299482981035162e+00
-1.158999999999999986e+01 5.000000000000000000e+00 -1.802610672124653757e+00
-1.159676119793192406e+01 5.000000000000000000e+00 -3.380598965962071101e-01
3.860000000000000320e+00 5.000000000000000000e+00 0.000000000000000000e+00
1.158999999999999986e+01 5.000000000000000000e+00 -3.014179689788621275e+00
-1.158999999999999986e+01 1.500000000000000000e+01 -1.363132806549584464e+00
-1.159676119793192406e+01 1.500000000000000000e+01 -3.380598965962071101e-01
3.860000000000000320e+00 1.500000000000000000e+01 0.000000000000000000e+00
1.158999999999999986e+01 1.500000000000000000e+01 -2.338059896596207388e+00
