-1.158999999999999986e+01 -1.500000000000000000e+01 -1.687632200349197920e+00
-9.289194766857260532e+00 -1.500000000000000000e+01 0.000000000000000000e+00
3.859999999999999876e+00 -1.500000000000000000e+01 -1.406360166957665025e-01
1.158999999999999986e+01 -1.500000000000000000e+01 -1.974841359580962408e+00
-1.158999999999999986e+01 -5.000000000000000000e+00 -1.687632200349197920e+00
-9.289194766857260532e+00 -5.000000000000000000e+00 0.000000000000000000e+00
3.859999999999999876e+00 -5.000000000000000000e+00 -1.406360166957665025e-01
1.158999999999999986e+01 -5.000000000000000000e+00 -1.974841359580962408e+00
-1.158999999999999986e+01 5.000000000000000000e+00 -1.687632200349197920e+00
-9.289194766857260532e+00 5.000000000000000000e+00 0.000000000000000000e+00
3.859999999999999876e+00 5.000000000000000000e+00 -2.812720333915330051e-01
1.158999999999999986e+01 5.000000000000000000e+00 -2.171731782955035328e+00
-1.158999999999999986e+01 1.500000000000000000e+01 -1.687632200349197920e+00
-9.289194766857260532e+00 1.500000000000000000e+01 0.000000000000000000e+00
3.859999999999999876e+00 1.500000000000000000e+01 -2.812720333915330051e-01
1.158999999999999986e+01 1.500000000000000000e+01 -1.806078139546042571e+00
