-1.067872867561881911e+01 -1.500000000000000000e+01 -3.680576767772245628e+00
-1.141254264876235958e+01 -1.500000000000000000e+01 -2.218216890470517400e-02
3.859999999999999876e+00 -1.500000000000000000e+01 0.000000000000000000e+00
1.158999999999999986e+01 -1.500000000000000000e+01 -8.872867561882069598e-02
-1.158999999999999986e+01 -5.000000000000000000e+00 -3.680576767772245628e+00
-1.141254264876235958e+01 -5.000000000000000000e+00 -2.218216890470517400e-02
3.859999999999999876e+00 -5.000000000000000000e+00 0.000000000000000000e+00
1.158999999999999986e+01 -5.000000000000000000e+00 -8.872867561882069598e-02
-1.250127132438117883e+01 5.000000000000000000e+00 -3.711631804238832544e+00
-1.141254264876235958e+01 5.000000000000000000e+00 -4.436433780941034799e-02
3.859999999999999876e+00 5.000000000000000000e+00 0.000000000000000000e+00
1.158999999999999986e+01 5.000000000000000000e+00 -2.218216890470517400e-01
-1.250127132438117883e+01 1.500000000000000000e+01 -3.653958165086599319e+00
-1.141254264876235958e+01 1.500000000000000000e+01 -4.436433780941034799e-02
3.859999999999999876e+00 1.500000000000000000e+01 0.000000000000000000e+00
1.158999999999999986e+01 1.500000000000000000e+01 -3.549147024752827839e-01
