-1.158999999999999986e+01 -1.500000000000000000e+01 -3.354075199818033148e+00
-1.094407519981803389e+01 -1.500000000000000000e+01 -1.614812000454916574e-01
3.859999999999999432e+00 -1.500000000000000000e+01 0.000000000000000000e+00
1.158999999999999986e+01 -1.500000000000000000e+01 -1.291849600363933259e+00
-1.158999999999999986e+01 -5.000000000000000000e+00 -3.111853399749795912e+00
-1.094407519981803389e+01 -5.000000000000000000e+00 -1.614812000454916574e-01
3.859999999999999432e+00 -5.000000000000000000e+00 0.000000000000000000e+00
1.158999999999999986e+01 -5.000000000000000000e+00 -8.074060002274583425e-01
-1.158999999999999986e+01 5.000000000000000000e+00 -3.111853399749795912e+00
-1.094407519981803389e+01 5.000000000000000000e+00 -8.074060002274582870e-02
3.859999999999999432e+00 5.000000000000000000e+00 0.000000000000000000e+00
1.158999999999999986e+01 5.000000000000000000e+00 -3.229624000909833148e-01
-1.158999999999999986e+01 1.500000000000000000e+01 -3.354075199818033148e+00
-1.094407519981803389e+01 1.500000000000000000e+01 -8.074060002274582870e-02
3.859999999999999432e+00 1.500000000000000000e+01 0.000000000000000000e+00
1.158999999999999986e+01 1.500000000000000000e+01 -3.229624000909833148e-01
