-1.158999999999999986e+01 -1.500000000000000000e+01 -1.121504244525577176e+00
-1.071150424452557814e+01 -1.500000000000000000e+01 0.000000000000000000e+00
3.859999999999999876e+00 -1.500000000000000000e+01 0.000000000000000000e+00
1.158999999999999986e+01 -1.500000000000000000e+01 -4.392478777372114118e-01
-1.158999999999999986e+01 -5.000000000000000000e+00 -1.121504244525577176e+00
-1.071150424452557814e+01 -5.000000000000000000e+00 0.000000000000000000e+00
3.859999999999999876e+00 -5.000000000000000000e+00 0.000000000000000000e+00
1.158999999999999986e+01 -5.000000000000000000e+00 -4.392478777372114118e-01
-1.158999999999999986e+01 5.000000000000000000e+00 -1.682256366788365654e+00
-1.071150424452557814e+01 5.000000000000000000e+00 0.000000000000000000e+00
3.859999999999999876e+00 5.000000000000000000e+00 0.000000000000000000e+00
1.158999999999999986e+01 5.000000000000000000e+00 -1.098119694343028474e+00
-1.158999999999999986e+01 1.500000000000000000e+01 -2.243008489051154353e+00
-1.071150424452557814e+01 1.500000000000000000e+01 0.000000000000000000e+00
3.859999999999999876e+00 1.500000000000000000e+01 0.000000000000000000e+00
1.158999999999999986e+01 1.500000000000000000e+01 -1.756991510948845647e+00
