-1.158999999999999986e+01 -1.500000000000000000e+01 -3.335794359025534561e-01
-1.142321028204872313e+01 -1.500000000000000000e+01 0.000000000000000000e+00
3.859999999999999876e+00 -1.500000000000000000e+01 0.000000000000000000e+00
1.158999999999999986e+01 -1.500000000000000000e+01 -3.666420564097446544e+00
-1.158999999999999986e+01 -5.000000000000000000e+00 -2.084871474390959101e-01
-1.142321028204872313e+01 -5.000000000000000000e+00 0.000000000000000000e+00
3.859999999999999876e+00 -5.000000000000000000e+00 0.000000000000000000e+00
1.158999999999999986e+01 -5.000000000000000000e+00 -3.666420564097446544e+00
-1.158999999999999986e+01 5.000000000000000000e+00 -8.339485897563836403e-02
-1.142321028204872313e+01 5.000000000000000000e+00 0.000000000000000000e+00
3.859999999999999876e+00 5.000000000000000000e+00 0.000000000000000000e+00
1.158999999999999986e+01 5.000000000000000000e+00 -3.666420564097446544e+00
-1.158999999999999986e+01 1.500000000000000000e+01 -8.339485897563836403e-02
-1.142321028204872313e+01 1.500000000000000000e+01 0.000000000000000000e+00
3.859999999999999876e+00 1.500000000000000000e+01 0.000000000000000000e+00
1.158999999999999986e+01 1.500000000000000000e+01 -3.666420564097446544e+00
