-1.158999999999999986e+01 -1.500000000000000000e+01 -8.198355778695356477e-01
-9.950328844260928562e+00 -1.500000000000000000e+01 0.000000000000000000e+00
3.859999999999999876e+00 -1.500000000000000000e+01 -2.049588944673839119e-01
1.158999999999999986e+01 -1.500000000000000000e+01 -6.882630754087429859e-01
-1.158999999999999986e+01 -5.000000000000000000e+00 -8.198355778695356477e-01
-9.950328844260928562e+00 -5.000000000000000000e+00 0.000000000000000000e+00
3.859999999999999876e+00 -5.000000000000000000e+00 -2.049588944673839119e-01
1.158999999999999986e+01 -5.000000000000000000e+00 -6.882630754087429859e-01
-1.158999999999999986e+01 5.000000000000000000e+00 -2.049588944673839119e+00
-9.950328844260928562e+00 5.000000000000000000e+00 0.000000000000000000e+00
3.859999999999999876e+00 5.000000000000000000e+00 -4.099177889347678239e-01
1.158999999999999986e+01 5.000000000000000000e+00 -1.155369949793544793e+00
-1.158999999999999986e+01 1.500000000000000000e+01 -3.279342311478142591e+00
-9.950328844260928562e+00 1.500000000000000000e+01 0.000000000000000000e+00
3.859999999999999876e+00 1.500000000000000000e+01 -4.099177889347678239e-01
1.158999999999999986e+01 1.500000000000000000e+01 -8.026412463088109517e-01
