-1.158999999999999986e+01 -1.500000000000000000e+01 -2.427113612230411555e+00
-1.040957096016660799e+01 -1.500000000000000000e+01 0.000000000000000000e+00
3.859999999999999876e+00 -1.500000000000000000e+01 -1.019366865878865158e-01
1.158999999999999986e+01 -1.500000000000000000e+01 -1.630986985406184253e-01
-1.158999999999999986e+01 -5.000000000000000000e+00 -2.427113612230411555e+00
-1.040957096016660799e+01 -5.000000000000000000e+00 0.000000000000000000e+00
3.859999999999999876e+00 -5.000000000000000000e+00 -1.019366865878865158e-01
1.158999999999999986e+01 -5.000000000000000000e+00 -1.630986985406184253e-01
-1.158999999999999986e+01 5.000000000000000000e+00 -2.907746746351545841e+00
-1.040957096016660799e+01 5.000000000000000000e+00 0.000000000000000000e+00
3.859999999999999876e+00 5.000000000000000000e+00 -2.038733731757730316e-01
1.158999999999999986e+01 5.000000000000000000e+00 -3.058100597636595475e-01
-1.158999999999999986e+01 1.500000000000000000e+01 -3.388379880472681016e+00
-1.040957096016660799e+01 1.500000000000000000e+01 0.000000000000000000e+00
3.859999999999999876e+00 1.500000000000000000e+01 -2.038733731757730316e-01
1.158999999999999986e+01 1.500000000000000000e+01 -4.077467463515460633e-02
