-1.158999999999999986e+01 -1.500000000000000000e+01 -1.969510490442384132e+00
-9.589999999999999858e+00 -1.500000000000000000e+01 -4.847552452211920104e-01
3.859999999999999876e+00 -1.500000000000000000e+01 0.000000000000000000e+00
1.158999999999999986e+01 -1.500000000000000000e+01 -3.878041961769536083e+00
-1.158999999999999986e+01 -5.000000000000000000e+00 -1.242377622610595811e+00
-9.589999999999999858e+00 -5.000000000000000000e+00 -4.847552452211920104e-01
3.859999999999999876e+00 -5.000000000000000000e+00 0.000000000000000000e+00
1.158999999999999986e+01 -5.000000000000000000e+00 -2.423776226105959886e+00
-1.158999999999999986e+01 5.000000000000000000e+00 -1.288111886947019835e+00
-9.589999999999999858e+00 5.000000000000000000e+00 -2.423776226105960052e-01
3.859999999999999876e+00 5.000000000000000000e+00 0.000000000000000000e+00
1.158999999999999986e+01 5.000000000000000000e+00 -9.695104904423840209e-01
-1.158999999999999986e+01 1.500000000000000000e+01 -2.060979019115231736e+00
-9.589999999999999858e+00 1.500000000000000000e+01 -2.423776226105960052e-01
3.859999999999999876e+00 1.500000000000000000e+01 0.000000000000000000e+00
1.158999999999999986e+01 1.500000000000000000e+01 -9.695104904423840209e-01
