-1.158999999999999986e+01 -1.500000000000000000e+01 -1.088871882829017368e+00
-7.852836818034374389e+00 -1.500000000000000000e+01 -2.079956169006696720e-01
3.859999999999999876e+00 -1.500000000000000000e+01 -4.200438309933032799e-02
1.158999999999999986e+01 -1.500000000000000000e+01 -1.731171948164285990e+00
-1.158999999999999986e+01 -5.000000000000000000e+00 -1.088871882829017368e+00
-7.852836818034374389e+00 -5.000000000000000000e+00 -2.079956169006696720e-01
3.859999999999999876e+00 -5.000000000000000000e+00 -4.200438309933032799e-02
1.158999999999999986e+01 -5.000000000000000000e+00 -1.731171948164285990e+00
-1.158999999999999986e+01 5.000000000000000000e+00 -1.212048214092633636e+00
-7.852836818034374389e+00 5.000000000000000000e+00 -4.159912338013393440e-01
3.859999999999999876e+00 5.000000000000000000e+00 -8.400876619866065598e-02
1.158999999999999986e+01 5.000000000000000000e+00 -2.205969318304687565e+00
-1.158999999999999986e+01 1.500000000000000000e+01 -5.032420777535711043e-01
-7.852836818034374389e+00 1.500000000000000000e+01 -4.159912338013393440e-01
3.859999999999999876e+00 1.500000000000000000e+01 -8.400876619866065598e-02
1.158999999999999986e+01 1.500000000000000000e+01 -3.344731623650446739e+00
