-1.158999999999999986e+01 -1.500000000000000000e+01 -2.182698959298481345e-01
-1.115346020814030226e+01 -1.500000000000000000e+01 0.000000000000000000e+00
3.859999999999999876e+00 -1.500000000000000000e+01 0.000000000000000000e+00
1.158999999999999986e+01 -1.500000000000000000e+01 -3.126920416280607462e+00
-1.158999999999999986e+01 -5.000000000000000000e+00 -2.182698959298481345e-01
-1.115346020814030226e+01 -5.000000000000000000e+00 0.000000000000000000e+00
3.859999999999999876e+00 -5.000000000000000000e+00 0.000000000000000000e+00
1.158999999999999986e+01 -5.000000000000000000e+00 -3.126920416280607462e+00
-1.158999999999999986e+01 5.000000000000000000e+00 -5.456747398246203362e-01
-1.115346020814030226e+01 5.000000000000000000e+00 0.000000000000000000e+00
3.859999999999999876e+00 5.000000000000000000e+00 0.000000000000000000e+00
1.158999999999999986e+01 5.000000000000000000e+00 -3.126920416280607462e+00
-1.158999999999999986e+01 1.500000000000000000e+01 -8.730795837193925379e-01
-1.115346020814030226e+01 1.500000000000000000e+01 0.000000000000000000e+00
3.859999999999999876e+00 1.500000000000000000e+01 0.000000000000000000e+00
1.158999999999999986e+01 1.500000000000000000e+01 -3.126920416280607462e+00
