-1.225079437481094757e+01 -1.500000000000000000e+01 0.000000000000000000e+00
-1.158999999999999986e+01 -1.500000000000000000e+01 0.000000000000000000e+00
3.859999999999999876e+00 -1.500000000000000000e+01 0.000000000000000000e+00
1.158999999999999986e+01 -1.500000000000000000e+01 -4.000000000000000000e+00
-1.242039718740547372e+01 -5.000000000000000000e+00 0.000000000000000000e+00
-1.158999999999999986e+01 -5.000000000000000000e+00 0.000000000000000000e+00
3.859999999999999876e+00 -5.000000000000000000e+00 0.000000000000000000e+00
1.158999999999999986e+01 -5.000000000000000000e+00 -4.000000000000000000e+00
-1.258999999999999986e+01 5.000000000000000000e+00 0.000000000000000000e+00
-1.158999999999999986e+01 5.000000000000000000e+00 0.000000000000000000e+00
3.859999999999999876e+00 5.000000000000000000e+00 0.000000000000000000e+00
1.158999999999999986e+01 5.000000000000000000e+00 -4.000000000000000000e+00
-1.258999999999999986e+01 1.500000000000000000e+01 0.000000000000000000e+00
-1.158999999999999986e+01 1.500000000000000000e+01 0.000000000000000000e+00
3.859999999999999876e+00 1.500000000000000000e+01 0.000000000000000000e+00
1.158999999999999986e+01 1.500000000000000000e+01 -4.000000000000000000e+00
