-1.158999999999999986e+01 -1.500000000000000000e+01 -1.327686537516055698e-01
-1.023244051538983257e+01 -1.500000000000000000e+01 -8.298040859475347419e-02
3.859999999999999432e+00 -1.500000000000000000e+01 0.000000000000000000e+00
1.158999999999999986e+01 -1.500000000000000000e+01 -3.668078365620986325e+00
-1.158999999999999986e+01 -5.000000000000000000e+00 -1.327686537516055698e-01
-1.023244051538983257e+01 -5.000000000000000000e+00 -8.298040859475347419e-02
3.859999999999999432e+00 -5.000000000000000000e+00 0.000000000000000000e+00
1.158999999999999986e+01 -5.000000000000000000e+00 -3.668078365620986325e+00
-1.158999999999999986e+01 5.000000000000000000e+00 -2.489412257842604226e-01
-1.023244051538983257e+01 5.000000000000000000e+00 -1.659608171895069484e-01
3.859999999999999432e+00 5.000000000000000000e+00 0.000000000000000000e+00
1.158999999999999986e+01 5.000000000000000000e+00 -3.668078365620986325e+00
-1.158999999999999986e+01 1.500000000000000000e+01 -3.319216343790139245e-02
-1.023244051538983257e+01 1.500000000000000000e+01 -1.659608171895069484e-01
3.859999999999999432e+00 1.500000000000000000e+01 0.000000000000000000e+00
1.158999999999999986e+01 1.500000000000000000e+01 -3.668078365620986325e+00
