-1.182054604630790706e+01 -1.500000000000000000e+01 -1.229965766708463581e+00
-8.442933329399338049e+00 -1.500000000000000000e+01 -1.923634884230233655e-01
3.859999999999999876e+00 -1.500000000000000000e+01 0.000000000000000000e+00
1.158999999999999986e+01 -1.500000000000000000e+01 -7.694539536920934619e-01
-1.182054604630790706e+01 -5.000000000000000000e+00 -1.229965766708463581e+00
-8.442933329399338049e+00 -5.000000000000000000e+00 -1.923634884230233655e-01
3.859999999999999876e+00 -5.000000000000000000e+00 0.000000000000000000e+00
1.158999999999999986e+01 -5.000000000000000000e+00 -7.694539536920934619e-01
-1.182054604630790706e+01 5.000000000000000000e+00 -1.499274650500696193e+00
-8.442933329399338049e+00 5.000000000000000000e+00 -3.847269768460467310e-01
3.859999999999999876e+00 5.000000000000000000e+00 0.000000000000000000e+00
1.158999999999999986e+01 5.000000000000000000e+00 -1.923634884230233766e+00
-1.182054604630790706e+01 1.500000000000000000e+01 -9.991295806008355651e-01
-8.442933329399338049e+00 1.500000000000000000e+01 -3.847269768460467310e-01
3.859999999999999876e+00 1.500000000000000000e+01 0.000000000000000000e+00
1.158999999999999986e+01 1.500000000000000000e+01 -3.077815814768373848e+00
