-1.158999999999999986e+01 -1.500000000000000000e+01 -2.588334902162645168e+00
-1.029583254891867838e+01 -1.500000000000000000e+01 0.000000000000000000e+00
3.859999999999999432e+00 -1.500000000000000000e+01 -3.235418627703306460e-01
1.158999999999999986e+01 -1.500000000000000000e+01 -2.705832548918677638e+00
-1.158999999999999986e+01 -5.000000000000000000e+00 -1.617709313851653175e+00
-1.029583254891867838e+01 -5.000000000000000000e+00 0.000000000000000000e+00
3.859999999999999432e+00 -5.000000000000000000e+00 -3.235418627703306460e-01
1.158999999999999986e+01 -5.000000000000000000e+00 -2.220519754763181197e+00
-1.158999999999999986e+01 5.000000000000000000e+00 -6.470837255406612920e-01
-1.029583254891867838e+01 5.000000000000000000e+00 0.000000000000000000e+00
3.859999999999999432e+00 5.000000000000000000e+00 -1.617709313851653230e-01
1.158999999999999986e+01 5.000000000000000000e+00 -2.220519754763181197e+00
-1.158999999999999986e+01 1.500000000000000000e+01 -6.470837255406612920e-01
-1.029583254891867838e+01 1.500000000000000000e+01 0.000000000000000000e+00
3.859999999999999432e+00 1.500000000000000000e+01 -1.617709313851653230e-01
1.158999999999999986e+01 1.500000000000000000e+01 -2.705832548918677638e+00
