-1.158999999999999986e+01 -1.500000000000000000e+01 -1.117709540350234398e+00
-9.343987060668009548e+00 -1.500000000000000000e+01 0.000000000000000000e+00
3.859999999999999876e+00 -1.500000000000000000e+01 -2.942738508755862736e-02
1.158999999999999986e+01 -1.500000000000000000e+01 -4.708381614009380517e-02
-1.158999999999999986e+01 -5.000000000000000000e+00 -1.117709540350234398e+00
-9.343987060668009548e+00 -5.000000000000000000e+00 0.000000000000000000e+00
3.859999999999999876e+00 -5.000000000000000000e+00 -2.942738508755862736e-02
1.158999999999999986e+01 -5.000000000000000000e+00 -4.708381614009380517e-02
-1.158999999999999986e+01 5.000000000000000000e+00 -2.500000000000000000e+00
-9.343987060668009548e+00 5.000000000000000000e+00 0.000000000000000000e+00
3.859999999999999876e+00 5.000000000000000000e+00 -5.885477017511725473e-02
1.158999999999999986e+01 5.000000000000000000e+00 -8.828215526267588209e-02
-1.158999999999999986e+01 1.500000000000000000e+01 -4.000000000000000000e+00
-9.343987060668009548e+00 1.500000000000000000e+01 0.000000000000000000e+00
3.859999999999999876e+00 1.500000000000000000e+01 -5.885477017511725473e-02
1.158999999999999986e+01 1.500000000000000000e+01 -1.177095403502345129e-02
