-1.158999999999999986e+01 -1.500000000000000000e+01 -1.797936797762497374e+00
-1.133742099720312169e+01 -1.500000000000000000e+01 -3.157237534960977143e-02
3.859999999999999876e+00 -1.500000000000000000e+01 0.000000000000000000e+00
1.158999999999999986e+01 -1.500000000000000000e+01 -1.262895013984390857e-01
-1.158999999999999986e+01 -5.000000000000000000e+00 -1.797936797762497374e+00
-1.133742099720312169e+01 -5.000000000000000000e+00 -3.157237534960977143e-02
3.859999999999999876e+00 -5.000000000000000000e+00 0.000000000000000000e+00
1.158999999999999986e+01 -5.000000000000000000e+00 -1.262895013984390857e-01
-1.158999999999999986e+01 5.000000000000000000e+00 -2.715848621853512057e+00
-1.133742099720312169e+01 5.000000000000000000e+00 -6.314475069921954287e-02
3.859999999999999876e+00 5.000000000000000000e+00 0.000000000000000000e+00
1.158999999999999986e+01 5.000000000000000000e+00 -3.157237534960977143e-01
-1.158999999999999986e+01 1.500000000000000000e+01 -3.507470944546087654e+00
-1.133742099720312169e+01 1.500000000000000000e+01 -6.314475069921954287e-02
3.859999999999999876e+00 1.500000000000000000e+01 0.000000000000000000e+00
1.158999999999999986e+01 1.500000000000000000e+01 -5.051580055937563429e-01
