-1.158999999999999986e+01 -1.500000000000000000e+01 -3.736251420645698040e+00
-9.314382734574753187e+00 -1.500000000000000000e+01 0.000000000000000000e+00
3.859999999999999876e+00 -1.500000000000000000e+01 -3.296857241928777271e-02
1.158999999999999986e+01 -1.500000000000000000e+01 -5.274971587086044189e-02
-1.158999999999999986e+01 -5.000000000000000000e+00 -2.434062855161424288e+00
-9.314382734574753187e+00 -5.000000000000000000e+00 0.000000000000000000e+00
3.859999999999999876e+00 -5.000000000000000000e+00 -3.296857241928777271e-02
1.158999999999999986e+01 -5.000000000000000000e+00 -5.274971587086044189e-02
-1.158999999999999986e+01 5.000000000000000000e+00 -1.197811434515726692e+00
-9.314382734574753187e+00 5.000000000000000000e+00 0.000000000000000000e+00
3.859999999999999876e+00 5.000000000000000000e+00 -6.593714483857554542e-02
1.158999999999999986e+01 5.000000000000000000e+00 -9.890571725786331814e-02
-1.158999999999999986e+01 1.500000000000000000e+01 -1.395622869031453384e+00
-9.314382734574753187e+00 1.500000000000000000e+01 0.000000000000000000e+00
3.859999999999999876e+00 1.500000000000000000e+01 -6.593714483857554542e-02
1.158999999999999986e+01 1.500000000000000000e+01 -1.318742896771511047e-02
