-1.158999999999999986e+01 -1.500000000000000000e+01 -1.703808612075255802e+00
-8.105711388306101384e+00 -1.500000000000000000e+01 0.000000000000000000e+00
3.859999999999999876e+00 -1.500000000000000000e+01 -2.129760765094069752e-01
1.158999999999999986e+01 -1.500000000000000000e+01 -6.369531103397954030e-01
-1.158999999999999986e+01 -5.000000000000000000e+00 -1.703808612075255802e+00
-8.105711388306101384e+00 -5.000000000000000000e+00 0.000000000000000000e+00
3.859999999999999876e+00 -5.000000000000000000e+00 -2.129760765094069752e-01
1.158999999999999986e+01 -5.000000000000000000e+00 -6.369531103397954030e-01
-1.158999999999999986e+01 5.000000000000000000e+00 -2.129760765094069974e+00
-8.105711388306101384e+00 5.000000000000000000e+00 0.000000000000000000e+00
3.859999999999999876e+00 5.000000000000000000e+00 -4.259521530188139504e-01
1.158999999999999986e+01 5.000000000000000000e+00 -1.083215311415337112e+00
-1.158999999999999986e+01 1.500000000000000000e+01 -3.407617224150511603e+00
-8.105711388306101384e+00 1.500000000000000000e+01 0.000000000000000000e+00
3.859999999999999876e+00 1.500000000000000000e+01 -4.259521530188139504e-01
1.158999999999999986e+01 1.500000000000000000e+01 -6.775732064532511423e-01
