-1.158999999999999986e+01 -1.500000000000000000e+01 -9.448919381358413805e-01
-8.878234905810057143e+00 -1.500000000000000000e+01 -1.648606346662747912e-01
3.859999999999999876e+00 -1.500000000000000000e+01 -8.513936533372520876e-02
1.158999999999999986e+01 -1.500000000000000000e+01 -7.956655231990594768e-01
-1.158999999999999986e+01 -5.000000000000000000e+00 -9.448919381358413805e-01
-8.878234905810057143e+00 -5.000000000000000000e+00 -1.648606346662747912e-01
3.859999999999999876e+00 -5.000000000000000000e+00 -8.513936533372520876e-02
1.158999999999999986e+01 -5.000000000000000000e+00 -7.956655231990594768e-01
-1.158999999999999986e+01 5.000000000000000000e+00 -1.345975557336076545e+00
-8.878234905810057143e+00 5.000000000000000000e+00 -3.297212693325495825e-01
3.859999999999999876e+00 5.000000000000000000e+00 -1.702787306674504175e-01
1.158999999999999986e+01 5.000000000000000000e+00 -1.904024442663923455e+00
-1.158999999999999986e+01 1.500000000000000000e+01 -1.428174099206113157e+00
-8.878234905810057143e+00 1.500000000000000000e+01 -3.297212693325495825e-01
3.859999999999999876e+00 1.500000000000000000e+01 -1.702787306674504175e-01
1.158999999999999986e+01 1.500000000000000000e+01 -2.671825900793886710e+00
