-1.158999999999999986e+01 -1.500000000000000000e+01 -4.498327926384357411e+00
-1.159996655852768654e+01 -1.500000000000000000e+01 0.000000000000000000e+00
3.859999999999999876e+00 -1.500000000000000000e+01 -2.491639631921786502e-01
1.158999999999999986e+01 -1.500000000000000000e+01 -4.053506355700566832e-01
-1.158999999999999986e+01 -5.000000000000000000e+00 -4.498327926384357411e+00
-1.159996655852768654e+01 -5.000000000000000000e+00 0.000000000000000000e+00
3.859999999999999876e+00 -5.000000000000000000e+00 -2.491639631921786502e-01
1.158999999999999986e+01 -5.000000000000000000e+00 -4.053506355700566832e-01
-1.158999999999999986e+01 5.000000000000000000e+00 -3.501672073615642589e+00
-1.159996655852768654e+01 5.000000000000000000e+00 0.000000000000000000e+00
3.859999999999999876e+00 5.000000000000000000e+00 -4.983279263843573004e-01
1.158999999999999986e+01 5.000000000000000000e+00 -7.541801840391066936e-01
-1.158999999999999986e+01 1.500000000000000000e+01 -2.505016220846928210e+00
-1.159996655852768654e+01 1.500000000000000000e+01 0.000000000000000000e+00
3.859999999999999876e+00 1.500000000000000000e+01 -4.983279263843573004e-01
1.158999999999999986e+01 1.500000000000000000e+01 -1.063538797394422697e-01
