-1.158999999999999986e+01 -1.500000000000000000e+01 -6.087361884325819261e-01
-9.589999999999999858e+00 -1.500000000000000000e+01 0.000000000000000000e+00
3.860000000000000320e+00 -1.500000000000000000e+01 0.000000000000000000e+00
1.158999999999999986e+01 -1.500000000000000000e+01 -3.391263811567418074e+00
-1.158999999999999986e+01 -5.000000000000000000e+00 -3.804601177703637038e-01
-9.589999999999999858e+00 -5.000000000000000000e+00 0.000000000000000000e+00
3.860000000000000320e+00 -5.000000000000000000e+00 0.000000000000000000e+00
1.158999999999999986e+01 -5.000000000000000000e+00 -2.119539882229636518e+00
-1.158999999999999986e+01 5.000000000000000000e+00 -1.521840471081454815e-01
-9.589999999999999858e+00 5.000000000000000000e+00 0.000000000000000000e+00
3.860000000000000320e+00 5.000000000000000000e+00 0.000000000000000000e+00
1.158999999999999986e+01 5.000000000000000000e+00 -8.478159528918545185e-01
-1.158999999999999986e+01 1.500000000000000000e+01 -1.521840471081454815e-01
-9.589999999999999858e+00 1.500000000000000000e+01 0.000000000000000000e+00
3.860000000000000320e+00 1.500000000000000000e+01 0.000000000000000000e+00
1.158999999999999986e+01 1.500000000000000000e+01 -8.478159528918545185e-01
