-1.246876319551735257e+01 -1.500000000000000000e+01 -5.455656201719077947e-01
-1.159121236804482713e+01 -1.500000000000000000e+01 0.000000000000000000e+00
3.859999999999999432e+00 -1.500000000000000000e+01 -3.030920112066154415e-02
1.158999999999999986e+01 -1.500000000000000000e+01 -3.563547503862473764e+00
-1.246876319551735257e+01 -5.000000000000000000e+00 -5.455656201719077947e-01
-1.159121236804482713e+01 -5.000000000000000000e+00 0.000000000000000000e+00
3.859999999999999432e+00 -5.000000000000000000e+00 -3.030920112066154415e-02
1.158999999999999986e+01 -5.000000000000000000e+00 -3.563547503862473764e+00
-1.246876319551735257e+01 5.000000000000000000e+00 -4.243288156892616181e-01
-1.159121236804482713e+01 5.000000000000000000e+00 0.000000000000000000e+00
3.859999999999999432e+00 5.000000000000000000e+00 -6.061840224132308830e-02
1.158999999999999986e+01 5.000000000000000000e+00 -3.605980385431399871e+00
-1.246876319551735257e+01 1.500000000000000000e+01 -3.030920112066154415e-01
-1.159121236804482713e+01 1.500000000000000000e+01 0.000000000000000000e+00
3.859999999999999432e+00 1.500000000000000000e+01 -6.061840224132308830e-02
1.158999999999999986e+01 1.500000000000000000e+01 -3.527176462517680022e+00
