-1.158999999999999986e+01 -1.500000000000000000e+01 -9.327473516499736883e-01
-1.130254939532876435e+01 -1.500000000000000000e+01 -2.130036561354184954e-01
3.859999999999999876e+00 -1.500000000000000000e+01 0.000000000000000000e+00
1.158999999999999986e+01 -1.500000000000000000e+01 -3.834065810437532917e+00
-1.158999999999999986e+01 -5.000000000000000000e+00 -7.107692884624846608e-01
-1.130254939532876435e+01 -5.000000000000000000e+00 -2.130036561354184954e-01
3.859999999999999876e+00 -5.000000000000000000e+00 0.000000000000000000e+00
1.158999999999999986e+01 -5.000000000000000000e+00 -3.834065810437532917e+00
-1.158999999999999986e+01 5.000000000000000000e+00 -7.869963438645815046e-01
-1.130254939532876435e+01 5.000000000000000000e+00 -4.260073122708369908e-01
3.859999999999999876e+00 5.000000000000000000e+00 0.000000000000000000e+00
1.158999999999999986e+01 5.000000000000000000e+00 -2.982051185895858936e+00
-1.158999999999999986e+01 1.500000000000000000e+01 -2.331868379124934221e-01
-1.130254939532876435e+01 1.500000000000000000e+01 -4.260073122708369908e-01
3.859999999999999876e+00 1.500000000000000000e+01 0.000000000000000000e+00
1.158999999999999986e+01 1.500000000000000000e+01 -2.130036561354184954e+00
