-1.080543722660859451e+01 -1.500000000000000000e+01 -3.138251093565626260e+00
-1.115912554678281232e+01 -1.500000000000000000e+01 0.000000000000000000e+00
3.859999999999999876e+00 -1.500000000000000000e+01 0.000000000000000000e+00
1.158999999999999986e+01 -1.500000000000000000e+01 -2.154372266085934351e-01
-1.158999999999999986e+01 -5.000000000000000000e+00 -3.138251093565626260e+00
-1.115912554678281232e+01 -5.000000000000000000e+00 0.000000000000000000e+00
3.859999999999999876e+00 -5.000000000000000000e+00 0.000000000000000000e+00
1.158999999999999986e+01 -5.000000000000000000e+00 -2.154372266085934351e-01
-1.237456277339140698e+01 5.000000000000000000e+00 -3.138251093565626260e+00
-1.115912554678281232e+01 5.000000000000000000e+00 0.000000000000000000e+00
3.859999999999999876e+00 5.000000000000000000e+00 0.000000000000000000e+00
1.158999999999999986e+01 5.000000000000000000e+00 -5.385930665214835322e-01
-1.237456277339140698e+01 1.500000000000000000e+01 -3.138251093565626260e+00
-1.115912554678281232e+01 1.500000000000000000e+01 0.000000000000000000e+00
3.859999999999999876e+00 1.500000000000000000e+01 0.000000000000000000e+00
1.158999999999999986e+01 1.500000000000000000e+01 -8.617489064343737404e-01
