-1.158999999999999986e+01 -1.500000000000000000e+01 -2.041017711321513772e+00
-9.141017711321513417e+00 -1.500000000000000000e+01 -1.499379444316150112e-01
3.859999999999999432e+00 -1.500000000000000000e+01 -1.000620555683849888e-01
1.158999999999999986e+01 -1.500000000000000000e+01 -7.598510666358759824e-01
-1.158999999999999986e+01 -5.000000000000000000e+00 -2.041017711321513772e+00
-9.141017711321513417e+00 -5.000000000000000000e+00 -1.499379444316150112e-01
3.859999999999999432e+00 -5.000000000000000000e+00 -1.000620555683849888e-01
1.158999999999999986e+01 -5.000000000000000000e+00 -7.598510666358759824e-01
-1.158999999999999986e+01 5.000000000000000000e+00 -1.850682611252234988e+00
-9.141017711321513417e+00 5.000000000000000000e+00 -2.998758888632300224e-01
3.859999999999999432e+00 5.000000000000000000e+00 -2.001241111367699776e-01
1.158999999999999986e+01 5.000000000000000000e+00 -1.799565611021304967e+00
-1.158999999999999986e+01 1.500000000000000000e+01 -1.060595733456495937e+00
-9.141017711321513417e+00 1.500000000000000000e+01 -2.998758888632300224e-01
3.859999999999999432e+00 1.500000000000000000e+01 -2.001241111367699776e-01
1.158999999999999986e+01 1.500000000000000000e+01 -2.439031933133194219e+00
