-1.078373109021636722e+01 -1.500000000000000000e+01 -7.749243608654717008e-02
-1.079763984101505514e+01 -1.500000000000000000e+01 -4.843277255409197957e-02
3.859999999999999876e+00 -1.500000000000000000e+01 0.000000000000000000e+00
1.158999999999999986e+01 -1.500000000000000000e+01 -3.806268909783632193e+00
-1.158999999999999986e+01 -5.000000000000000000e+00 -7.749243608654717008e-02
-1.079763984101505514e+01 -5.000000000000000000e+00 -4.843277255409197957e-02
3.859999999999999876e+00 -5.000000000000000000e+00 0.000000000000000000e+00
1.158999999999999986e+01 -5.000000000000000000e+00 -3.806268909783632193e+00
-1.239626890978363072e+01 5.000000000000000000e+00 -1.452983176622759387e-01
-1.079763984101505514e+01 5.000000000000000000e+00 -9.686554510818395913e-02
3.859999999999999876e+00 5.000000000000000000e+00 0.000000000000000000e+00
1.158999999999999986e+01 5.000000000000000000e+00 -3.806268909783632193e+00
-1.239626890978363072e+01 1.500000000000000000e+01 -1.937310902163679252e-02
-1.079763984101505514e+01 1.500000000000000000e+01 -9.686554510818395913e-02
3.859999999999999876e+00 1.500000000000000000e+01 0.000000000000000000e+00
1.158999999999999986e+01 1.500000000000000000e+01 -3.806268909783632193e+00
