-1.158999999999999986e+01 -1.500000000000000000e+01 -3.699829398176907702e+00
-9.953853221695100117e+00 -1.500000000000000000e+01 0.000000000000000000e+00
3.860000000000000320e+00 -1.500000000000000000e+01 -2.055460776764948816e-01
1.158999999999999986e+01 -1.500000000000000000e+01 -6.845051028704327578e-01
-1.158999999999999986e+01 -5.000000000000000000e+00 -3.699829398176907702e+00
-9.953853221695100117e+00 -5.000000000000000000e+00 0.000000000000000000e+00
3.860000000000000320e+00 -5.000000000000000000e+00 -2.055460776764948816e-01
1.158999999999999986e+01 -5.000000000000000000e+00 -6.845051028704327578e-01
-1.158999999999999986e+01 5.000000000000000000e+00 -2.877645087470928509e+00
-9.953853221695100117e+00 5.000000000000000000e+00 0.000000000000000000e+00
3.860000000000000320e+00 5.000000000000000000e+00 -4.110921553529897632e-01
1.158999999999999986e+01 5.000000000000000000e+00 -1.150085300911546149e+00
-1.158999999999999986e+01 1.500000000000000000e+01 -2.055460776764948871e+00
-9.953853221695100117e+00 1.500000000000000000e+01 0.000000000000000000e+00
3.860000000000000320e+00 1.500000000000000000e+01 -4.110921553529897632e-01
1.158999999999999986e+01 1.500000000000000000e+01 -7.934811882466799027e-01
