-1.158999999999999986e+01 -1.500000000000000000e+01 -3.463559620322818944e+00
-9.395958847120329693e+00 -1.500000000000000000e+01 0.000000000000000000e+00
3.859999999999999876e+00 -1.500000000000000000e+01 -1.341100949192952918e-01
1.158999999999999986e+01 -1.500000000000000000e+01 -2.145761518708724780e-01
-1.158999999999999986e+01 -5.000000000000000000e+00 -3.463559620322818944e+00
-9.395958847120329693e+00 -5.000000000000000000e+00 0.000000000000000000e+00
3.859999999999999876e+00 -5.000000000000000000e+00 -1.341100949192952918e-01
1.158999999999999986e+01 -5.000000000000000000e+00 -2.145761518708724780e-01
-1.158999999999999986e+01 5.000000000000000000e+00 -3.463559620322818944e+00
-9.395958847120329693e+00 5.000000000000000000e+00 0.000000000000000000e+00
3.859999999999999876e+00 5.000000000000000000e+00 -2.682201898385905836e-01
1.158999999999999986e+01 5.000000000000000000e+00 -4.023302847578859032e-01
-1.158999999999999986e+01 1.500000000000000000e+01 -3.463559620322818944e+00
-9.395958847120329693e+00 1.500000000000000000e+01 0.000000000000000000e+00
3.859999999999999876e+00 1.500000000000000000e+01 -2.682201898385905836e-01
1.158999999999999986e+01 1.500000000000000000e+01 -5.364403796771811950e-02
