-1.158999999999999986e+01 -1.500000000000000000e+01 -1.478552746493270842e+00
-1.158999999999999986e+01 -1.500000000000000000e+01 0.000000000000000000e+00
3.860000000000000320e+00 -1.500000000000000000e+01 0.000000000000000000e+00
1.158999999999999986e+01 -1.500000000000000000e+01 -1.260723626753364579e+00
-1.158999999999999986e+01 -5.000000000000000000e+00 -1.478552746493270842e+00
-1.158999999999999986e+01 -5.000000000000000000e+00 0.000000000000000000e+00
3.860000000000000320e+00 -5.000000000000000000e+00 0.000000000000000000e+00
1.158999999999999986e+01 -5.000000000000000000e+00 -1.260723626753364579e+00
-1.158999999999999986e+01 5.000000000000000000e+00 -1.478552746493270842e+00
-1.158999999999999986e+01 5.000000000000000000e+00 0.000000000000000000e+00
3.860000000000000320e+00 5.000000000000000000e+00 0.000000000000000000e+00
1.158999999999999986e+01 5.000000000000000000e+00 -1.891085440130046980e+00
-1.158999999999999986e+01 1.500000000000000000e+01 -1.478552746493270842e+00
-1.158999999999999986e+01 1.500000000000000000e+01 0.000000000000000000e+00
3.860000000000000320e+00 1.500000000000000000e+01 0.000000000000000000e+00
1.158999999999999986e+01 1.500000000000000000e+01 -2.521447253506729158e+00
