-1.158999999999999986e+01 -1.500000000000000000e+01 -6.566088695848807388e-01
-8.393854229054001692e+00 -1.500000000000000000e+01 -1.430796376729663588e-01
3.859999999999999432e+00 -1.500000000000000000e+01 0.000000000000000000e+00
1.158999999999999986e+01 -1.500000000000000000e+01 -1.716955652075596195e+00
-1.158999999999999986e+01 -5.000000000000000000e+00 -6.566088695848807388e-01
-8.393854229054001692e+00 -5.000000000000000000e+00 -1.430796376729663588e-01
3.859999999999999432e+00 -5.000000000000000000e+00 0.000000000000000000e+00
1.158999999999999986e+01 -5.000000000000000000e+00 -1.716955652075596195e+00
-1.158999999999999986e+01 5.000000000000000000e+00 -1.498442536289235516e+00
-8.393854229054001692e+00 5.000000000000000000e+00 -2.861592753459327176e-01
3.859999999999999432e+00 5.000000000000000000e+00 0.000000000000000000e+00
1.158999999999999986e+01 5.000000000000000000e+00 -1.716955652075596195e+00
-1.158999999999999986e+01 1.500000000000000000e+01 -1.767957652301724858e+00
-8.393854229054001692e+00 1.500000000000000000e+01 -2.861592753459327176e-01
3.859999999999999432e+00 1.500000000000000000e+01 0.000000000000000000e+00
1.158999999999999986e+01 1.500000000000000000e+01 -1.716955652075596195e+00
