-1.247116362652642607e+01 -1.500000000000000000e+01 -3.572189055495131882e+00
-1.110395923249308048e+01 -1.500000000000000000e+01 -2.970909336839361314e-02
3.859999999999999876e+00 -1.500000000000000000e+01 0.000000000000000000e+00
1.158999999999999986e+01 -1.500000000000000000e+01 -1.188363734735744526e-01
-1.247116362652642607e+01 -5.000000000000000000e+00 -3.572189055495131882e+00
-1.110395923249308048e+01 -5.000000000000000000e+00 -2.970909336839361314e-02
3.859999999999999876e+00 -5.000000000000000000e+00 0.000000000000000000e+00
1.158999999999999986e+01 -5.000000000000000000e+00 -1.188363734735744526e-01
-1.247116362652642607e+01 5.000000000000000000e+00 -3.613781786210882974e+00
-1.110395923249308048e+01 5.000000000000000000e+00 -5.941818673678722629e-02
3.859999999999999876e+00 5.000000000000000000e+00 0.000000000000000000e+00
1.158999999999999986e+01 5.000000000000000000e+00 -2.970909336839361314e-01
-1.247116362652642607e+01 1.500000000000000000e+01 -3.536538143453059835e+00
-1.110395923249308048e+01 1.500000000000000000e+01 -5.941818673678722629e-02
3.859999999999999876e+00 1.500000000000000000e+01 0.000000000000000000e+00
1.158999999999999986e+01 1.500000000000000000e+01 -4.753454938942978103e-01
