-1.158999999999999986e+01 -1.500000000000000000e+01 -1.534155809797188574e+00
-8.080909073310754920e+00 -1.500000000000000000e+01 -1.808441579391958098e-01
3.860000000000000320e+00 -1.500000000000000000e+01 -6.915584206080419016e-02
1.158999999999999986e+01 -1.500000000000000000e+01 -1.557402610810853183e+00
-1.158999999999999986e+01 -5.000000000000000000e+00 -1.534155809797188574e+00
-8.080909073310754920e+00 -5.000000000000000000e+00 -1.808441579391958098e-01
3.860000000000000320e+00 -5.000000000000000000e+00 -6.915584206080419016e-02
1.158999999999999986e+01 -5.000000000000000000e+00 -1.557402610810853183e+00
-1.158999999999999986e+01 5.000000000000000000e+00 -1.510714262668846120e+00
-8.080909073310754920e+00 5.000000000000000000e+00 -3.616883158783916197e-01
3.860000000000000320e+00 5.000000000000000000e+00 -1.383116841216083803e-01
1.158999999999999986e+01 5.000000000000000000e+00 -2.015909105574370752e+00
-1.158999999999999986e+01 1.500000000000000000e+01 -7.638960837837202034e-01
-8.080909073310754920e+00 1.500000000000000000e+01 -3.616883158783916197e-01
3.860000000000000320e+00 1.500000000000000000e+01 -1.383116841216083803e-01
1.158999999999999986e+01 1.500000000000000000e+01 -2.921168863851454578e+00
