-1.158999999999999986e+01 -1.500000000000000000e+01 -3.288188803410687644e-01
-9.918818880341069288e+00 -1.500000000000000000e+01 0.000000000000000000e+00
3.859999999999999876e+00 -1.500000000000000000e+01 0.000000000000000000e+00
1.158999999999999986e+01 -1.500000000000000000e+01 -3.342362239317862471e+00
-1.158999999999999986e+01 -5.000000000000000000e+00 -3.288188803410687644e-01
-9.918818880341069288e+00 -5.000000000000000000e+00 0.000000000000000000e+00
3.859999999999999876e+00 -5.000000000000000000e+00 0.000000000000000000e+00
1.158999999999999986e+01 -5.000000000000000000e+00 -2.088976399573664100e+00
-1.158999999999999986e+01 5.000000000000000000e+00 -4.932283205116031466e-01
-9.918818880341069288e+00 5.000000000000000000e+00 0.000000000000000000e+00
3.859999999999999876e+00 5.000000000000000000e+00 0.000000000000000000e+00
1.158999999999999986e+01 5.000000000000000000e+00 -8.355905598294656178e-01
-1.158999999999999986e+01 1.500000000000000000e+01 -6.576377606821375288e-01
-9.918818880341069288e+00 1.500000000000000000e+01 0.000000000000000000e+00
3.859999999999999876e+00 1.500000000000000000e+01 0.000000000000000000e+00
1.158999999999999986e+01 1.500000000000000000e+01 -8.355905598294656178e-01
