-1.158999999999999986e+01 -1.500000000000000000e+01 -1.269127748900400476e-01
-9.593172819372250970e+00 -1.500000000000000000e+01 -7.932048430627502977e-02
3.860000000000000320e+00 -1.500000000000000000e+01 0.000000000000000000e+00
1.158999999999999986e+01 -1.500000000000000000e+01 -4.158640968612550282e+00
-1.158999999999999986e+01 -5.000000000000000000e+00 -1.269127748900400476e-01
-9.593172819372250970e+00 -5.000000000000000000e+00 -7.932048430627502977e-02
3.860000000000000320e+00 -5.000000000000000000e+00 0.000000000000000000e+00
1.158999999999999986e+01 -5.000000000000000000e+00 -3.134563874450200238e+00
-1.158999999999999986e+01 5.000000000000000000e+00 -2.379614529188250893e-01
-9.593172819372250970e+00 5.000000000000000000e+00 -1.586409686125500595e-01
3.860000000000000320e+00 5.000000000000000000e+00 0.000000000000000000e+00
1.158999999999999986e+01 5.000000000000000000e+00 -1.793204843062750298e+00
-1.158999999999999986e+01 1.500000000000000000e+01 -3.172819372251001191e-02
-9.593172819372250970e+00 1.500000000000000000e+01 -1.586409686125500595e-01
3.860000000000000320e+00 1.500000000000000000e+01 0.000000000000000000e+00
1.158999999999999986e+01 1.500000000000000000e+01 -1.475922905837650179e+00
