-1.158999999999999986e+01 -1.500000000000000000e+01 -1.164537192579582880e+00
-7.891592220589542350e+00 -1.500000000000000000e+01 -2.033818785012449504e-01
3.859999999999999876e+00 -1.500000000000000000e+01 -4.661812149875504963e-02
1.158999999999999986e+01 -1.500000000000000000e+01 -2.515171536412947884e+00
-1.158999999999999986e+01 -5.000000000000000000e+00 -1.164537192579582880e+00
-7.891592220589542350e+00 -5.000000000000000000e+00 -2.033818785012449504e-01
3.859999999999999876e+00 -5.000000000000000000e+00 -4.661812149875504963e-02
1.158999999999999986e+01 -5.000000000000000000e+00 -2.515171536412947884e+00
-1.158999999999999986e+01 5.000000000000000000e+00 -1.262799336486305712e+00
-7.891592220589542350e+00 5.000000000000000000e+00 -4.067637570024899007e-01
3.859999999999999876e+00 5.000000000000000000e+00 -9.323624299751009925e-02
1.158999999999999986e+01 5.000000000000000000e+00 -2.580436906511204942e+00
-1.158999999999999986e+01 1.500000000000000000e+01 -5.475339663880485208e-01
-7.891592220589542350e+00 1.500000000000000000e+01 -4.067637570024899007e-01
3.859999999999999876e+00 1.500000000000000000e+01 -9.323624299751009925e-02
1.158999999999999986e+01 1.500000000000000000e+01 -2.459229790614441580e+00
