-1.158999999999999986e+01 -1.500000000000000000e+01 -1.495337553775089035e+00
-8.715304283489350823e+00 -1.500000000000000000e+01 -1.446790813677799048e-01
3.859999999999999876e+00 -1.500000000000000000e+01 -1.053209186322200952e-01
1.158999999999999986e+01 -1.500000000000000000e+01 -2.772736934431590416e+00
-1.158999999999999986e+01 -5.000000000000000000e+00 -1.495337553775089035e+00
-8.715304283489350823e+00 -5.000000000000000000e+00 -1.446790813677799048e-01
3.859999999999999876e+00 -5.000000000000000000e+00 -1.053209186322200952e-01
1.158999999999999986e+01 -5.000000000000000000e+00 -2.772736934431590416e+00
-1.158999999999999986e+01 5.000000000000000000e+00 -1.697888267689980912e+00
-8.715304283489350823e+00 5.000000000000000000e+00 -2.893581627355598096e-01
3.859999999999999876e+00 5.000000000000000000e+00 -2.106418372644401904e-01
1.158999999999999986e+01 5.000000000000000000e+00 -2.341469895045579008e+00
-1.158999999999999986e+01 1.500000000000000000e+01 -1.321722656133753171e+00
-8.715304283489350823e+00 1.500000000000000000e+01 -2.893581627355598096e-01
3.859999999999999876e+00 1.500000000000000000e+01 -2.106418372644401904e-01
1.158999999999999986e+01 1.500000000000000000e+01 -1.488919181130686997e+00
