-1.158999999999999986e+01 -1.500000000000000000e+01 -4.000000000000000222e-01
-7.500000000000000000e+00 -1.500000000000000000e+01 -2.500000000000000000e-01
3.859999999999999432e+00 -1.500000000000000000e+01 0.000000000000000000e+00
1.158999999999999986e+01 -1.500000000000000000e+01 -1.891426569089488474e+00
-1.158999999999999986e+01 -5.000000000000000000e+00 -4.000000000000000222e-01
-7.500000000000000000e+00 -5.000000000000000000e+00 -2.500000000000000000e-01
3.859999999999999432e+00 -5.000000000000000000e+00 0.000000000000000000e+00
1.158999999999999986e+01 -5.000000000000000000e+00 -1.891426569089488474e+00
-1.158999999999999986e+01 5.000000000000000000e+00 -7.500000000000000000e-01
-7.500000000000000000e+00 5.000000000000000000e+00 -5.000000000000000000e-01
3.859999999999999432e+00 5.000000000000000000e+00 0.000000000000000000e+00
1.158999999999999986e+01 5.000000000000000000e+00 -2.722856642272372341e+00
-1.158999999999999986e+01 1.500000000000000000e+01 -1.000000000000000056e-01
-7.500000000000000000e+00 1.500000000000000000e+01 -5.000000000000000000e-01
3.859999999999999432e+00 1.500000000000000000e+01 0.000000000000000000e+00
1.158999999999999986e+01 1.500000000000000000e+01 -3.554286715455255763e+00
