-1.158999999999999986e+01 -1.500000000000000000e+01 -9.435590097484568561e-01
-7.617961669625724852e+00 -1.500000000000000000e+01 0.000000000000000000e+00
3.859999999999999876e+00 -1.500000000000000000e+01 -2.358897524371142140e-01
1.158999999999999986e+01 -1.500000000000000000e+01 -6.031875649055553623e-01
-1.158999999999999986e+01 -5.000000000000000000e+00 -9.435590097484568561e-01
-7.617961669625724852e+00 -5.000000000000000000e+00 0.000000000000000000e+00
3.859999999999999876e+00 -5.000000000000000000e+00 -2.358897524371142140e-01
1.158999999999999986e+01 -5.000000000000000000e+00 -5.185260795282407020e-01
-1.158999999999999986e+01 5.000000000000000000e+00 -2.358897524371142307e+00
-7.617961669625724852e+00 5.000000000000000000e+00 0.000000000000000000e+00
3.859999999999999876e+00 5.000000000000000000e+00 -4.717795048742284281e-01
1.158999999999999986e+01 5.000000000000000000e+00 -7.641102475628858137e-01
-1.158999999999999986e+01 1.500000000000000000e+01 -3.774236038993827425e+00
-7.617961669625724852e+00 1.500000000000000000e+01 0.000000000000000000e+00
3.859999999999999876e+00 1.500000000000000000e+01 -4.717795048742284281e-01
1.158999999999999986e+01 1.500000000000000000e+01 -1.507968912263888406e-01
