-1.158999999999999986e+01 -1.500000000000000000e+01 -5.929869590381900979e-01
-7.500000000000000000e+00 -1.500000000000000000e+01 -1.695887670674207925e-01
3.860000000000000320e+00 -1.500000000000000000e+01 -8.041123293257920746e-02
1.158999999999999986e+01 -1.500000000000000000e+01 -1.485368109231492983e+00
-1.158999999999999986e+01 -5.000000000000000000e+00 -5.929869590381900979e-01
-7.500000000000000000e+00 -5.000000000000000000e+00 -1.695887670674207925e-01
3.860000000000000320e+00 -5.000000000000000000e+00 -8.041123293257920746e-02
1.158999999999999986e+01 -5.000000000000000000e+00 -1.485368109231492983e+00
-1.158999999999999986e+01 5.000000000000000000e+00 -1.312878630528054646e+00
-7.500000000000000000e+00 5.000000000000000000e+00 -3.391775341348415851e-01
3.860000000000000320e+00 5.000000000000000000e+00 -1.608224658651584149e-01
1.158999999999999986e+01 5.000000000000000000e+00 -1.937121369471945576e+00
-1.158999999999999986e+01 1.500000000000000000e+01 -1.354415233748235581e+00
-7.500000000000000000e+00 1.500000000000000000e+01 -3.391775341348415851e-01
3.860000000000000320e+00 1.500000000000000000e+01 -1.608224658651584149e-01
1.158999999999999986e+01 1.500000000000000000e+01 -2.745584766251764286e+00
