-1.158999999999999986e+01 -1.500000000000000000e+01 -4.000000000000000222e-01
-1.007214847983086514e+01 -1.500000000000000000e+01 -2.500000000000000000e-01
3.860000000000000320e+00 -1.500000000000000000e+01 0.000000000000000000e+00
1.158999999999999986e+01 -1.500000000000000000e+01 -1.839562029556234490e+00
-1.158999999999999986e+01 -5.000000000000000000e+00 -4.000000000000000222e-01
-1.007214847983086514e+01 -5.000000000000000000e+00 -2.500000000000000000e-01
3.860000000000000320e+00 -5.000000000000000000e+00 0.000000000000000000e+00
1.158999999999999986e+01 -5.000000000000000000e+00 -1.839562029556234490e+00
-1.158999999999999986e+01 5.000000000000000000e+00 -7.500000000000000000e-01
-1.007214847983086514e+01 5.000000000000000000e+00 -5.000000000000000000e-01
3.860000000000000320e+00 5.000000000000000000e+00 0.000000000000000000e+00
1.158999999999999986e+01 5.000000000000000000e+00 -2.739874865587495822e+00
-1.158999999999999986e+01 1.500000000000000000e+01 -1.000000000000000056e-01
-1.007214847983086514e+01 1.500000000000000000e+01 -5.000000000000000000e-01
3.860000000000000320e+00 1.500000000000000000e+01 0.000000000000000000e+00
1.158999999999999986e+01 1.500000000000000000e+01 -3.640187701618756488e+00
