-1.158999999999999986e+01 -1.500000000000000000e+01 -9.707740994008916546e-01
-7.619533933450353125e+00 -1.500000000000000000e+01 0.000000000000000000e+00
3.859999999999999876e+00 -1.500000000000000000e+01 -2.426935248502229137e-01
1.158999999999999986e+01 -1.500000000000000000e+01 -5.052132421567900877e-01
-1.158999999999999986e+01 -5.000000000000000000e+00 -9.707740994008916546e-01
-7.619533933450353125e+00 -5.000000000000000000e+00 0.000000000000000000e+00
3.859999999999999876e+00 -5.000000000000000000e+00 -2.426935248502229137e-01
1.158999999999999986e+01 -5.000000000000000000e+00 -5.052132421567900877e-01
-1.158999999999999986e+01 5.000000000000000000e+00 -2.426935248502229303e+00
-7.619533933450353125e+00 5.000000000000000000e+00 0.000000000000000000e+00
3.859999999999999876e+00 5.000000000000000000e+00 -4.853870497004458273e-01
1.158999999999999986e+01 5.000000000000000000e+00 -8.449841769471021502e-01
-1.158999999999999986e+01 1.500000000000000000e+01 -3.883096397603566619e+00
-7.619533933450353125e+00 1.500000000000000000e+01 0.000000000000000000e+00
3.859999999999999876e+00 1.500000000000000000e+01 -4.853870497004458273e-01
1.158999999999999986e+01 1.500000000000000000e+01 -2.139810123365225580e-01
