-1.158999999999999986e+01 -1.500000000000000000e+01 -3.143935860020357076e-01
-1.143280320699898134e+01 -1.500000000000000000e+01 0.000000000000000000e+00
3.859999999999999876e+00 -1.500000000000000000e+01 0.000000000000000000e+00
1.158999999999999986e+01 -1.500000000000000000e+01 -3.685606413997964292e+00
-1.158999999999999986e+01 -5.000000000000000000e+00 -1.964959912512723172e-01
-1.143280320699898134e+01 -5.000000000000000000e+00 0.000000000000000000e+00
3.859999999999999876e+00 -5.000000000000000000e+00 0.000000000000000000e+00
1.158999999999999986e+01 -5.000000000000000000e+00 -3.685606413997964292e+00
-1.158999999999999986e+01 5.000000000000000000e+00 -7.859839650050892690e-02
-1.143280320699898134e+01 5.000000000000000000e+00 0.000000000000000000e+00
3.859999999999999876e+00 5.000000000000000000e+00 0.000000000000000000e+00
1.158999999999999986e+01 5.000000000000000000e+00 -3.685606413997964292e+00
-1.158999999999999986e+01 1.500000000000000000e+01 -7.859839650050892690e-02
-1.143280320699898134e+01 1.500000000000000000e+01 0.000000000000000000e+00
3.859999999999999876e+00 1.500000000000000000e+01 0.000000000000000000e+00
1.158999999999999986e+01 1.500000000000000000e+01 -3.685606413997964292e+00
