-1.158999999999999986e+01 -1.500000000000000000e+01 -6.977019196768712295e-01
-9.589999999999999858e+00 -1.500000000000000000e+01 -1.259575334679703396e-01
3.859999999999999876e+00 -1.500000000000000000e+01 0.000000000000000000e+00
1.158999999999999986e+01 -1.500000000000000000e+01 -5.038301338718813582e-01
-1.158999999999999986e+01 -5.000000000000000000e+00 -6.977019196768712295e-01
-9.589999999999999858e+00 -5.000000000000000000e+00 -1.259575334679703396e-01
3.859999999999999876e+00 -5.000000000000000000e+00 0.000000000000000000e+00
1.158999999999999986e+01 -5.000000000000000000e+00 -5.038301338718813582e-01
-1.158999999999999986e+01 5.000000000000000000e+00 -1.618297265724207623e+00
-9.589999999999999858e+00 5.000000000000000000e+00 -2.519150669359406791e-01
3.859999999999999876e+00 5.000000000000000000e+00 0.000000000000000000e+00
1.158999999999999986e+01 5.000000000000000000e+00 -1.259575334679703396e+00
-1.158999999999999986e+01 1.500000000000000000e+01 -2.035062477899662881e+00
-9.589999999999999858e+00 1.500000000000000000e+01 -2.519150669359406791e-01
3.859999999999999876e+00 1.500000000000000000e+01 0.000000000000000000e+00
1.158999999999999986e+01 1.500000000000000000e+01 -2.015320535487525433e+00
