-1.158999999999999986e+01 -1.500000000000000000e+01 -2.343471962311733492e+00
-8.395066558048336347e+00 -1.500000000000000000e+01 0.000000000000000000e+00
3.859999999999999876e+00 -1.500000000000000000e+01 -1.952893301926444392e-01
1.158999999999999986e+01 -1.500000000000000000e+01 -1.187833645225920165e+00
-1.158999999999999986e+01 -5.000000000000000000e+00 -2.343471962311733492e+00
-8.395066558048336347e+00 -5.000000000000000000e+00 0.000000000000000000e+00
3.859999999999999876e+00 -5.000000000000000000e+00 -1.952893301926444392e-01
1.158999999999999986e+01 -5.000000000000000000e+00 -1.187833645225920165e+00
-1.158999999999999986e+01 5.000000000000000000e+00 -2.343471962311733492e+00
-8.395066558048336347e+00 5.000000000000000000e+00 0.000000000000000000e+00
3.859999999999999876e+00 5.000000000000000000e+00 -3.905786603852888783e-01
1.158999999999999986e+01 5.000000000000000000e+00 -1.461238707495622346e+00
-1.158999999999999986e+01 1.500000000000000000e+01 -2.343471962311733492e+00
-8.395066558048336347e+00 1.500000000000000000e+01 0.000000000000000000e+00
3.859999999999999876e+00 1.500000000000000000e+01 -3.905786603852888783e-01
1.158999999999999986e+01 1.500000000000000000e+01 -9.534864489947467714e-01
