-1.082742965998136064e+01 -1.500000000000000000e+01 -3.145253224067102948e+00
-1.111514068003727829e+01 -1.500000000000000000e+01 -5.935741499534005761e-02
3.859999999999999876e+00 -1.500000000000000000e+01 0.000000000000000000e+00
1.158999999999999986e+01 -1.500000000000000000e+01 -2.374296599813602304e-01
-1.158999999999999986e+01 -5.000000000000000000e+00 -3.145253224067102948e+00
-1.111514068003727829e+01 -5.000000000000000000e+00 -5.935741499534005761e-02
3.859999999999999876e+00 -5.000000000000000000e+00 0.000000000000000000e+00
1.158999999999999986e+01 -5.000000000000000000e+00 -2.374296599813602304e-01
-1.235257034001863907e+01 5.000000000000000000e+00 -3.228353605060579223e+00
-1.111514068003727829e+01 5.000000000000000000e+00 -1.187148299906801152e-01
3.859999999999999876e+00 5.000000000000000000e+00 0.000000000000000000e+00
1.158999999999999986e+01 5.000000000000000000e+00 -5.935741499534006316e-01
-1.235257034001863907e+01 1.500000000000000000e+01 -3.074024326072695157e+00
-1.111514068003727829e+01 1.500000000000000000e+01 -1.187148299906801152e-01
3.859999999999999876e+00 1.500000000000000000e+01 0.000000000000000000e+00
1.158999999999999986e+01 1.500000000000000000e+01 -9.497186399254409217e-01
