-1.175684124308724599e+01 -1.500000000000000000e+01 -1.000628475114086147e+00
-8.182380684226837175e+00 -1.500000000000000000e+01 -2.082896892281884682e-01
3.859999999999999876e+00 -1.500000000000000000e+01 0.000000000000000000e+00
1.158999999999999986e+01 -1.500000000000000000e+01 -8.331587569127538728e-01
-1.175684124308724599e+01 -5.000000000000000000e+00 -1.000628475114086147e+00
-8.182380684226837175e+00 -5.000000000000000000e+00 -2.082896892281884682e-01
3.859999999999999876e+00 -5.000000000000000000e+00 0.000000000000000000e+00
1.158999999999999986e+01 -5.000000000000000000e+00 -8.331587569127538728e-01
-1.175684124308724599e+01 5.000000000000000000e+00 -1.292234040033549913e+00
-8.182380684226837175e+00 5.000000000000000000e+00 -4.165793784563769364e-01
3.859999999999999876e+00 5.000000000000000000e+00 0.000000000000000000e+00
1.158999999999999986e+01 5.000000000000000000e+00 -2.082896892281884682e+00
-1.175684124308724599e+01 1.500000000000000000e+01 -7.506808480402599182e-01
-8.182380684226837175e+00 1.500000000000000000e+01 -4.165793784563769364e-01
3.859999999999999876e+00 1.500000000000000000e+01 0.000000000000000000e+00
1.158999999999999986e+01 1.500000000000000000e+01 -3.332635027651015491e+00
