-1.158999999999999986e+01 -1.500000000000000000e+01 -4.228747308507543323e+00
-1.067958571213997487e+01 -1.500000000000000000e+01 0.000000000000000000e+00
3.859999999999999876e+00 -1.500000000000000000e+01 -1.143736542537719114e-01
1.158999999999999986e+01 -1.500000000000000000e+01 -1.268008612775859856e+00
-1.158999999999999986e+01 -5.000000000000000000e+00 -4.228747308507543323e+00
-1.067958571213997487e+01 -5.000000000000000000e+00 0.000000000000000000e+00
3.859999999999999876e+00 -5.000000000000000000e+00 -1.143736542537719114e-01
1.158999999999999986e+01 -5.000000000000000000e+00 -1.268008612775859856e+00
-1.158999999999999986e+01 5.000000000000000000e+00 -3.771252691492456233e+00
-1.067958571213997487e+01 5.000000000000000000e+00 0.000000000000000000e+00
3.859999999999999876e+00 5.000000000000000000e+00 -2.287473085075438228e-01
1.158999999999999986e+01 5.000000000000000000e+00 -1.428131728731140360e+00
-1.158999999999999986e+01 1.500000000000000000e+01 -3.313758074477368254e+00
-1.067958571213997487e+01 1.500000000000000000e+01 0.000000000000000000e+00
3.859999999999999876e+00 1.500000000000000000e+01 -2.287473085075438228e-01
1.158999999999999986e+01 1.500000000000000000e+01 -1.130760227671333551e+00
