-1.158999999999999986e+01 -1.500000000000000000e+01 -4.051417711859194526e+00
-9.598205670847436366e+00 -1.500000000000000000e+01 -8.971645762816116143e-02
3.859999999999999876e+00 -1.500000000000000000e+01 -2.051417711859194193e-01
1.158999999999999986e+01 -1.500000000000000000e+01 -1.045958494922760273e+00
-1.158999999999999986e+01 -5.000000000000000000e+00 -3.916843025416952173e+00
-9.598205670847436366e+00 -5.000000000000000000e+00 -8.971645762816116143e-02
3.859999999999999876e+00 -5.000000000000000000e+00 -2.051417711859194193e-01
1.158999999999999986e+01 -5.000000000000000000e+00 -7.768091220382769002e-01
-1.158999999999999986e+01 5.000000000000000000e+00 -3.096275940673274718e+00
-9.598205670847436366e+00 5.000000000000000000e+00 -4.485822881408058072e-02
3.859999999999999876e+00 5.000000000000000000e+00 -4.102835423718388386e-01
1.158999999999999986e+01 5.000000000000000000e+00 -7.948582288140806362e-01
-1.158999999999999986e+01 1.500000000000000000e+01 -2.410283542371838728e+00
-9.598205670847436366e+00 1.500000000000000000e+01 -4.485822881408058072e-02
3.859999999999999876e+00 1.500000000000000000e+01 -4.102835423718388386e-01
1.158999999999999986e+01 1.500000000000000000e+01 -2.614896237306900684e-01
