-1.192429775648858126e+01 -1.500000000000000000e+01 -2.662808974045681176e-01
-8.867277824038291456e+00 -1.500000000000000000e+01 -1.664255608778550666e-01
3.859999999999999432e+00 -1.500000000000000000e+01 0.000000000000000000e+00
1.158999999999999986e+01 -1.500000000000000000e+01 -2.002893269465739312e+00
-1.192429775648858126e+01 -5.000000000000000000e+00 -2.662808974045681176e-01
-8.867277824038291456e+00 -5.000000000000000000e+00 -1.664255608778550666e-01
3.859999999999999432e+00 -5.000000000000000000e+00 0.000000000000000000e+00
1.158999999999999986e+01 -5.000000000000000000e+00 -2.002893269465739312e+00
-1.192429775648858126e+01 5.000000000000000000e+00 -4.992766826335651720e-01
-8.867277824038291456e+00 5.000000000000000000e+00 -3.328511217557101332e-01
3.859999999999999432e+00 5.000000000000000000e+00 0.000000000000000000e+00
1.158999999999999986e+01 5.000000000000000000e+00 -3.001446634732869434e+00
-1.192429775648858126e+01 1.500000000000000000e+01 -6.657022435114202941e-02
-8.867277824038291456e+00 1.500000000000000000e+01 -3.328511217557101332e-01
3.859999999999999432e+00 1.500000000000000000e+01 0.000000000000000000e+00
1.158999999999999986e+01 1.500000000000000000e+01 -4.000000000000000000e+00
