-1.158999999999999986e+01 -1.500000000000000000e+01 -1.815237150509752873e+00
-9.203845644565383566e+00 -1.500000000000000000e+01 -4.076185752548764918e-01
3.859999999999999876e+00 -1.500000000000000000e+01 -4.619071237256175411e-02
1.158999999999999986e+01 -1.500000000000000000e+01 -3.334853741835110519e+00
-1.158999999999999986e+01 -5.000000000000000000e+00 -1.203809287627438440e+00
-9.203845644565383566e+00 -5.000000000000000000e+00 -4.076185752548764918e-01
3.859999999999999876e+00 -5.000000000000000000e+00 -4.619071237256175411e-02
1.158999999999999986e+01 -5.000000000000000000e+00 -2.111998016070481654e+00
-1.158999999999999986e+01 5.000000000000000000e+00 -1.480953561862808909e+00
-9.203845644565383566e+00 5.000000000000000000e+00 -2.038092876274382459e-01
3.859999999999999876e+00 5.000000000000000000e+00 -9.238142474512350821e-02
1.158999999999999986e+01 5.000000000000000000e+00 -9.538092876274382181e-01
-1.158999999999999986e+01 1.500000000000000000e+01 -2.369525698980494255e+00
-9.203845644565383566e+00 1.500000000000000000e+01 -2.038092876274382459e-01
3.859999999999999876e+00 1.500000000000000000e+01 -9.238142474512350821e-02
1.158999999999999986e+01 1.500000000000000000e+01 -8.337134354587776297e-01
