-1.158999999999999986e+01 -1.500000000000000000e+01 -7.080404614511663919e-01
-8.110195435567062461e+00 -1.500000000000000000e+01 0.000000000000000000e+00
3.859999999999999432e+00 -1.500000000000000000e+01 -1.770101153627915980e-01
1.158999999999999986e+01 -1.500000000000000000e+01 -1.451054338775801034e+00
-1.158999999999999986e+01 -5.000000000000000000e+00 -7.080404614511663919e-01
-8.110195435567062461e+00 -5.000000000000000000e+00 0.000000000000000000e+00
3.859999999999999432e+00 -5.000000000000000000e+00 -1.770101153627915980e-01
1.158999999999999986e+01 -5.000000000000000000e+00 -1.013115030952550510e+00
-1.158999999999999986e+01 5.000000000000000000e+00 -1.770101153627916091e+00
-8.110195435567062461e+00 5.000000000000000000e+00 0.000000000000000000e+00
3.859999999999999432e+00 5.000000000000000000e+00 -3.540202307255831959e-01
1.158999999999999986e+01 5.000000000000000000e+00 -8.229898846372083465e-01
-1.158999999999999986e+01 1.500000000000000000e+01 -2.832161845804665568e+00
-8.110195435567062461e+00 1.500000000000000000e+01 0.000000000000000000e+00
3.859999999999999432e+00 1.500000000000000000e+01 -3.540202307255831959e-01
1.158999999999999986e+01 1.500000000000000000e+01 -3.627635846939502584e-01
