-1.158999999999999986e+01 -1.500000000000000000e+01 -8.260249929675188285e-02
-1.117698750351623893e+01 -1.500000000000000000e+01 -5.162656206046992158e-02
3.859999999999999876e+00 -1.500000000000000000e+01 0.000000000000000000e+00
1.158999999999999986e+01 -1.500000000000000000e+01 -1.793493751758120425e+00
-1.158999999999999986e+01 -5.000000000000000000e+00 -8.260249929675188285e-02
-1.117698750351623893e+01 -5.000000000000000000e+00 -5.162656206046992158e-02
3.859999999999999876e+00 -5.000000000000000000e+00 0.000000000000000000e+00
1.158999999999999986e+01 -5.000000000000000000e+00 -1.793493751758120425e+00
-1.158999999999999986e+01 5.000000000000000000e+00 -1.548796861814097647e-01
-1.117698750351623893e+01 5.000000000000000000e+00 -1.032531241209398432e-01
3.859999999999999876e+00 5.000000000000000000e+00 0.000000000000000000e+00
1.158999999999999986e+01 5.000000000000000000e+00 -2.896746875879060212e+00
-1.158999999999999986e+01 1.500000000000000000e+01 -2.065062482418797071e-02
-1.117698750351623893e+01 1.500000000000000000e+01 -1.032531241209398432e-01
3.859999999999999876e+00 1.500000000000000000e+01 0.000000000000000000e+00
1.158999999999999986e+01 1.500000000000000000e+01 -4.000000000000000000e+00
