-1.158999999999999986e+01 -1.500000000000000000e+01 -5.690650138389768270e-02
-1.100813102334964633e+01 -1.500000000000000000e+01 -3.556656336493604909e-02
3.859999999999999876e+00 -1.500000000000000000e+01 0.000000000000000000e+00
1.158999999999999986e+01 -1.500000000000000000e+01 -3.573201239620767300e+00
-1.158999999999999986e+01 -5.000000000000000000e+00 -5.690650138389768270e-02
-1.100813102334964633e+01 -5.000000000000000000e+00 -3.556656336493604909e-02
3.859999999999999876e+00 -5.000000000000000000e+00 0.000000000000000000e+00
1.158999999999999986e+01 -5.000000000000000000e+00 -3.573201239620767300e+00
-1.158999999999999986e+01 5.000000000000000000e+00 -1.066996900948081473e-01
-1.100813102334964633e+01 5.000000000000000000e+00 -7.113312672987209817e-02
3.859999999999999876e+00 5.000000000000000000e+00 0.000000000000000000e+00
1.158999999999999986e+01 5.000000000000000000e+00 -3.786600619810383872e+00
-1.158999999999999986e+01 1.500000000000000000e+01 -1.422662534597442067e-02
-1.100813102334964633e+01 1.500000000000000000e+01 -7.113312672987209817e-02
3.859999999999999876e+00 1.500000000000000000e+01 0.000000000000000000e+00
1.158999999999999986e+01 1.500000000000000000e+01 -4.000000000000000000e+00
