-1.158999999999999986e+01 -1.500000000000000000e+01 -6.008344434750831908e-01
-8.013383046133181864e+00 -1.500000000000000000e+01 -2.186196182070182514e-01
3.859999999999999876e+00 -1.500000000000000000e+01 0.000000000000000000e+00
1.158999999999999986e+01 -1.500000000000000000e+01 -1.748956945656146011e+00
-1.158999999999999986e+01 -5.000000000000000000e+00 -6.008344434750831908e-01
-8.013383046133181864e+00 -5.000000000000000000e+00 -2.186196182070182514e-01
3.859999999999999876e+00 -5.000000000000000000e+00 0.000000000000000000e+00
1.158999999999999986e+01 -5.000000000000000000e+00 -1.748956945656146011e+00
-1.158999999999999986e+01 5.000000000000000000e+00 -1.032423436136835626e+00
-8.013383046133181864e+00 5.000000000000000000e+00 -4.372392364140365029e-01
3.859999999999999876e+00 5.000000000000000000e+00 0.000000000000000000e+00
1.158999999999999986e+01 5.000000000000000000e+00 -2.186196182070182736e+00
-1.158999999999999986e+01 1.500000000000000000e+01 -5.895339559705152777e-01
-8.013383046133181864e+00 1.500000000000000000e+01 -4.372392364140365029e-01
3.859999999999999876e+00 1.500000000000000000e+01 0.000000000000000000e+00
1.158999999999999986e+01 1.500000000000000000e+01 -3.497913891312292023e+00
