-1.220431092846483878e+01 -1.500000000000000000e+01 -2.457243713859353029e+00
-1.081862185692967593e+01 -1.500000000000000000e+01 0.000000000000000000e+00
3.859999999999999876e+00 -1.500000000000000000e+01 0.000000000000000000e+00
1.158999999999999986e+01 -1.500000000000000000e+01 -3.856890715351617427e-01
-1.220431092846483878e+01 -5.000000000000000000e+00 -2.457243713859353029e+00
-1.081862185692967593e+01 -5.000000000000000000e+00 0.000000000000000000e+00
3.859999999999999876e+00 -5.000000000000000000e+00 0.000000000000000000e+00
1.158999999999999986e+01 -5.000000000000000000e+00 -3.856890715351617427e-01
-1.220431092846483878e+01 5.000000000000000000e+00 -2.457243713859353029e+00
-1.081862185692967593e+01 5.000000000000000000e+00 0.000000000000000000e+00
3.859999999999999876e+00 5.000000000000000000e+00 0.000000000000000000e+00
1.158999999999999986e+01 5.000000000000000000e+00 -9.642226788379043567e-01
-1.220431092846483878e+01 1.500000000000000000e+01 -2.457243713859353029e+00
-1.081862185692967593e+01 1.500000000000000000e+01 0.000000000000000000e+00
3.859999999999999876e+00 1.500000000000000000e+01 0.000000000000000000e+00
1.158999999999999986e+01 1.500000000000000000e+01 -1.542756286140646971e+00
