-1.252203455227714102e+01 -1.500000000000000000e+01 -3.058445147528682795e-01
-1.145474875903150824e+01 -1.500000000000000000e+01 0.000000000000000000e+00
3.859999999999999876e+00 -1.500000000000000000e+01 -1.699136193071490442e-02
1.158999999999999986e+01 -1.500000000000000000e+01 -3.755324388197705421e+00
-1.252203455227714102e+01 -5.000000000000000000e+00 -3.058445147528682795e-01
-1.145474875903150824e+01 -5.000000000000000000e+00 0.000000000000000000e+00
3.859999999999999876e+00 -5.000000000000000000e+00 -1.699136193071490442e-02
1.158999999999999986e+01 -5.000000000000000000e+00 -3.755324388197705421e+00
-1.252203455227714102e+01 5.000000000000000000e+00 -2.378790670300086618e-01
-1.145474875903150824e+01 5.000000000000000000e+00 0.000000000000000000e+00
3.859999999999999876e+00 5.000000000000000000e+00 -3.398272386142980883e-02
1.158999999999999986e+01 5.000000000000000000e+00 -3.779112294900706104e+00
-1.252203455227714102e+01 1.500000000000000000e+01 -1.699136193071490442e-01
-1.145474875903150824e+01 1.500000000000000000e+01 0.000000000000000000e+00
3.859999999999999876e+00 1.500000000000000000e+01 -3.398272386142980883e-02
1.158999999999999986e+01 1.500000000000000000e+01 -3.734934753880847502e+00
