-1.145924817270634755e+01 -1.500000000000000000e+01 -1.392255481880953383e+00
-9.851503654587302705e+00 -1.500000000000000000e+01 0.000000000000000000e+00
3.859999999999999876e+00 -1.500000000000000000e+01 -2.173120431765872274e-01
1.158999999999999986e+01 -1.500000000000000000e+01 -3.476992690825395638e-01
-1.158999999999999986e+01 -5.000000000000000000e+00 -1.392255481880953383e+00
-9.851503654587302705e+00 -5.000000000000000000e+00 0.000000000000000000e+00
3.859999999999999876e+00 -5.000000000000000000e+00 -2.173120431765872274e-01
1.158999999999999986e+01 -5.000000000000000000e+00 -3.476992690825395638e-01
-1.172075182729365039e+01 5.000000000000000000e+00 -2.696127740940476691e+00
-9.851503654587302705e+00 5.000000000000000000e+00 0.000000000000000000e+00
3.859999999999999876e+00 5.000000000000000000e+00 -4.346240863531744547e-01
1.158999999999999986e+01 5.000000000000000000e+00 -6.519361295297616543e-01
-1.172075182729365039e+01 1.500000000000000000e+01 -4.000000000000000000e+00
-9.851503654587302705e+00 1.500000000000000000e+01 0.000000000000000000e+00
3.859999999999999876e+00 1.500000000000000000e+01 -4.346240863531744547e-01
1.158999999999999986e+01 1.500000000000000000e+01 -8.692481727063489094e-02
