-1.158999999999999986e+01 -1.500000000000000000e+01 -8.187353535341717059e-01
-1.012080209595812619e+01 -1.500000000000000000e+01 -1.845726010102856640e-01
3.860000000000000320e+00 -1.500000000000000000e+01 0.000000000000000000e+00
1.158999999999999986e+01 -1.500000000000000000e+01 -3.322306818185142063e+00
-1.158999999999999986e+01 -5.000000000000000000e+00 -8.187353535341717059e-01
-1.012080209595812619e+01 -5.000000000000000000e+00 -1.845726010102856640e-01
3.860000000000000320e+00 -5.000000000000000000e+00 0.000000000000000000e+00
1.158999999999999986e+01 -5.000000000000000000e+00 -3.322306818185142063e+00
-1.158999999999999986e+01 5.000000000000000000e+00 -1.338846590907428968e+00
-1.012080209595812619e+01 5.000000000000000000e+00 -3.691452020205713280e-01
3.860000000000000320e+00 5.000000000000000000e+00 0.000000000000000000e+00
1.158999999999999986e+01 5.000000000000000000e+00 -2.584016414143999185e+00
-1.158999999999999986e+01 1.500000000000000000e+01 -1.120667424239543575e+00
-1.012080209595812619e+01 1.500000000000000000e+01 -3.691452020205713280e-01
3.860000000000000320e+00 1.500000000000000000e+01 0.000000000000000000e+00
1.158999999999999986e+01 1.500000000000000000e+01 -1.845726010102856751e+00
