-1.158999999999999986e+01 -1.500000000000000000e+01 -4.471031477884216621e+00
-9.623058943604164028e+00 -1.500000000000000000e+01 0.000000000000000000e+00
3.859999999999999876e+00 -1.500000000000000000e+01 -2.471031477884216010e-01
1.158999999999999986e+01 -1.500000000000000000e+01 -4.417146718467289679e-01
-1.158999999999999986e+01 -5.000000000000000000e+00 -4.471031477884216621e+00
-9.623058943604164028e+00 -5.000000000000000000e+00 0.000000000000000000e+00
3.859999999999999876e+00 -5.000000000000000000e+00 -2.471031477884216010e-01
1.158999999999999986e+01 -5.000000000000000000e+00 -4.417146718467289679e-01
-1.158999999999999986e+01 5.000000000000000000e+00 -3.482618886730529439e+00
-9.623058943604164028e+00 5.000000000000000000e+00 0.000000000000000000e+00
3.859999999999999876e+00 5.000000000000000000e+00 -4.942062955768432020e-01
1.158999999999999986e+01 5.000000000000000000e+00 -7.876590787505192148e-01
-1.158999999999999986e+01 1.500000000000000000e+01 -2.494206295576843146e+00
-9.623058943604164028e+00 1.500000000000000000e+01 0.000000000000000000e+00
3.859999999999999876e+00 1.500000000000000000e+01 -4.942062955768432020e-01
1.158999999999999986e+01 1.500000000000000000e+01 -1.451908945006230300e-01
