-1.155268805678085897e+01 -1.500000000000000000e+01 -9.626880567808581146e-01
-9.664623886438283407e+00 -1.500000000000000000e+01 0.000000000000000000e+00
3.859999999999999876e+00 -1.500000000000000000e+01 -2.406720141952145287e-01
1.158999999999999986e+01 -1.500000000000000000e+01 -5.343229955889108318e-01
-1.158999999999999986e+01 -5.000000000000000000e+00 -9.626880567808581146e-01
-9.664623886438283407e+00 -5.000000000000000000e+00 0.000000000000000000e+00
3.859999999999999876e+00 -5.000000000000000000e+00 -2.406720141952145287e-01
1.158999999999999986e+01 -5.000000000000000000e+00 -5.343229955889108318e-01
-1.162731194321914252e+01 5.000000000000000000e+00 -2.406720141952145120e+00
-9.664623886438283407e+00 5.000000000000000000e+00 0.000000000000000000e+00
3.859999999999999876e+00 5.000000000000000000e+00 -4.813440283904290573e-01
1.158999999999999986e+01 5.000000000000000000e+00 -8.712638154622110997e-01
-1.162731194321914252e+01 1.500000000000000000e+01 -3.850752227123432458e+00
-9.664623886438283407e+00 1.500000000000000000e+01 0.000000000000000000e+00
3.859999999999999876e+00 1.500000000000000000e+01 -4.813440283904290573e-01
1.158999999999999986e+01 1.500000000000000000e+01 -2.455165785546533641e-01
