-1.158999999999999986e+01 -1.500000000000000000e+01 -1.694028249863409830e+00
-9.589999999999999858e+00 -1.500000000000000000e+01 -1.601369270928187649e-01
3.859999999999999876e+00 -1.500000000000000000e+01 0.000000000000000000e+00
1.158999999999999986e+01 -1.500000000000000000e+01 -6.405477083712750597e-01
-1.158999999999999986e+01 -5.000000000000000000e+00 -1.154849812420322364e+00
-9.589999999999999858e+00 -5.000000000000000000e+00 -1.601369270928187649e-01
3.859999999999999876e+00 -5.000000000000000000e+00 0.000000000000000000e+00
1.158999999999999986e+01 -5.000000000000000000e+00 -6.405477083712750597e-01
-1.158999999999999986e+01 5.000000000000000000e+00 -8.398630729071812073e-01
-9.589999999999999858e+00 5.000000000000000000e+00 -3.202738541856375298e-01
3.859999999999999876e+00 5.000000000000000000e+00 0.000000000000000000e+00
1.158999999999999986e+01 5.000000000000000000e+00 -1.601369270928187705e+00
-1.158999999999999986e+01 1.500000000000000000e+01 -4.235070624658524574e-01
-9.589999999999999858e+00 1.500000000000000000e+01 -3.202738541856375298e-01
3.859999999999999876e+00 1.500000000000000000e+01 0.000000000000000000e+00
1.158999999999999986e+01 1.500000000000000000e+01 -2.562190833485100239e+00
