-1.158999999999999986e+01 -1.500000000000000000e+01 -4.443626478540803504e+00
-1.150754742480691739e+01 -1.500000000000000000e+01 0.000000000000000000e+00
3.859999999999999876e+00 -1.500000000000000000e+01 -2.500000000000000000e-01
1.158999999999999986e+01 -1.500000000000000000e+01 -4.000000000000000222e-01
-1.158999999999999986e+01 -5.000000000000000000e+00 -4.443626478540803504e+00
-1.150754742480691739e+01 -5.000000000000000000e+00 0.000000000000000000e+00
3.859999999999999876e+00 -5.000000000000000000e+00 -2.500000000000000000e-01
1.158999999999999986e+01 -5.000000000000000000e+00 -4.000000000000000222e-01
-1.158999999999999986e+01 5.000000000000000000e+00 -3.477450591416321846e+00
-1.150754742480691739e+01 5.000000000000000000e+00 0.000000000000000000e+00
3.859999999999999876e+00 5.000000000000000000e+00 -5.000000000000000000e-01
1.158999999999999986e+01 5.000000000000000000e+00 -7.500000000000000000e-01
-1.158999999999999986e+01 1.500000000000000000e+01 -2.533824112875517454e+00
-1.150754742480691739e+01 1.500000000000000000e+01 0.000000000000000000e+00
3.859999999999999876e+00 1.500000000000000000e+01 -5.000000000000000000e-01
1.158999999999999986e+01 1.500000000000000000e+01 -1.000000000000000056e-01
