-1.158999999999999986e+01 -1.500000000000000000e+01 -5.433394466308489879e-01
-7.500000000000000000e+00 -1.500000000000000000e+01 -1.902752305704795699e-01
3.859999999999999876e+00 -1.500000000000000000e+01 -5.972476942952043011e-02
1.158999999999999986e+01 -1.500000000000000000e+01 -8.566605533691509233e-01
-1.158999999999999986e+01 -5.000000000000000000e+00 -5.433394466308489879e-01
-7.500000000000000000e+00 -5.000000000000000000e+00 -1.902752305704795699e-01
3.859999999999999876e+00 -5.000000000000000000e+00 -5.972476942952043011e-02
1.158999999999999986e+01 -5.000000000000000000e+00 -8.566605533691509233e-01
-1.158999999999999986e+01 5.000000000000000000e+00 -1.168073386006643011e+00
-7.500000000000000000e+00 5.000000000000000000e+00 -3.805504611409591398e-01
3.859999999999999876e+00 5.000000000000000000e+00 -1.194495388590408602e-01
1.158999999999999986e+01 5.000000000000000000e+00 -2.081926613993356767e+00
-1.158999999999999986e+01 1.500000000000000000e+01 -1.031706403100518754e+00
-7.500000000000000000e+00 1.500000000000000000e+01 -3.805504611409591398e-01
3.859999999999999876e+00 1.500000000000000000e+01 -1.194495388590408602e-01
1.158999999999999986e+01 1.500000000000000000e+01 -3.068293596899481113e+00
