-1.158999999999999986e+01 -1.500000000000000000e+01 -1.853532247141451483e+00
-9.774000114528551109e+00 -1.500000000000000000e+01 -4.771144136158518290e-01
3.859999999999999432e+00 -1.500000000000000000e+01 0.000000000000000000e+00
1.158999999999999986e+01 -1.500000000000000000e+01 -4.045771172768296786e+00
-1.158999999999999986e+01 -5.000000000000000000e+00 -1.172189006293895996e+00
-9.774000114528551109e+00 -5.000000000000000000e+00 -4.771144136158518290e-01
3.859999999999999432e+00 -5.000000000000000000e+00 0.000000000000000000e+00
1.158999999999999986e+01 -5.000000000000000000e+00 -2.683084691073185368e+00
-1.158999999999999986e+01 5.000000000000000000e+00 -1.204228827231703436e+00
-9.774000114528551109e+00 5.000000000000000000e+00 -2.728855863841481710e-01
3.859999999999999432e+00 5.000000000000000000e+00 0.000000000000000000e+00
1.158999999999999986e+01 5.000000000000000000e+00 -1.228855863841481932e+00
-1.158999999999999986e+01 1.500000000000000000e+01 -1.826069543480473678e+00
-9.774000114528551109e+00 1.500000000000000000e+01 -2.728855863841481710e-01
3.859999999999999432e+00 1.500000000000000000e+01 0.000000000000000000e+00
1.158999999999999986e+01 1.500000000000000000e+01 -1.137313518304889248e+00
