-1.158999999999999986e+01 -1.500000000000000000e+01 -1.050429960703220145e+00
-9.623619973802146177e+00 -1.500000000000000000e+01 0.000000000000000000e+00
3.859999999999999876e+00 -1.500000000000000000e+01 -2.457975032747316546e-01
1.158999999999999986e+01 -1.500000000000000000e+01 -4.268959790417174438e-01
-1.158999999999999986e+01 -5.000000000000000000e+00 -1.050429960703220145e+00
-9.623619973802146177e+00 -5.000000000000000000e+00 0.000000000000000000e+00
3.859999999999999876e+00 -5.000000000000000000e+00 -2.457975032747316546e-01
1.158999999999999986e+01 -5.000000000000000000e+00 -4.268959790417174438e-01
-1.158999999999999986e+01 5.000000000000000000e+00 -2.525214980351610183e+00
-9.623619973802146177e+00 5.000000000000000000e+00 0.000000000000000000e+00
3.859999999999999876e+00 5.000000000000000000e+00 -4.915950065494633092e-01
1.158999999999999986e+01 5.000000000000000000e+00 -7.710124836263416714e-01
-1.158999999999999986e+01 1.500000000000000000e+01 -4.000000000000000000e+00
-9.623619973802146177e+00 1.500000000000000000e+01 0.000000000000000000e+00
3.859999999999999876e+00 1.500000000000000000e+01 -4.915950065494633092e-01
1.158999999999999986e+01 1.500000000000000000e+01 -1.319389751120394472e-01
