-1.158999999999999986e+01 -1.500000000000000000e+01 -3.410152374179201917e+00
-1.097411607774291298e+01 -1.500000000000000000e+01 0.000000000000000000e+00
3.859999999999999432e+00 -1.500000000000000000e+01 -1.721537410128001211e-01
1.158999999999999986e+01 -1.500000000000000000e+01 -2.754459856204802271e-01
-1.158999999999999986e+01 -5.000000000000000000e+00 -3.410152374179201917e+00
-1.097411607774291298e+01 -5.000000000000000000e+00 0.000000000000000000e+00
3.859999999999999432e+00 -5.000000000000000000e+00 -1.721537410128001211e-01
1.158999999999999986e+01 -5.000000000000000000e+00 -2.754459856204802271e-01
-1.158999999999999986e+01 5.000000000000000000e+00 -3.188614964051200040e+00
-1.097411607774291298e+01 5.000000000000000000e+00 0.000000000000000000e+00
3.859999999999999432e+00 5.000000000000000000e+00 -3.443074820256002422e-01
1.158999999999999986e+01 5.000000000000000000e+00 -5.164612230384003633e-01
-1.158999999999999986e+01 1.500000000000000000e+01 -2.967077553923199496e+00
-1.097411607774291298e+01 1.500000000000000000e+01 0.000000000000000000e+00
3.859999999999999432e+00 1.500000000000000000e+01 -3.443074820256002422e-01
1.158999999999999986e+01 1.500000000000000000e+01 -6.886149640512005676e-02
