-1.158999999999999986e+01 -1.500000000000000000e+01 -2.556226466945962450e+00
-1.159401048203626061e+01 -1.500000000000000000e+01 -1.002620509065303700e-01
3.860000000000000320e+00 -1.500000000000000000e+01 0.000000000000000000e+00
1.158999999999999986e+01 -1.500000000000000000e+01 -1.804716916317546715e+00
-1.158999999999999986e+01 -5.000000000000000000e+00 -2.556226466945962450e+00
-1.159401048203626061e+01 -5.000000000000000000e+00 -1.002620509065303700e-01
3.860000000000000320e+00 -5.000000000000000000e+00 0.000000000000000000e+00
1.158999999999999986e+01 -5.000000000000000000e+00 -1.804716916317546715e+00
-1.158999999999999986e+01 5.000000000000000000e+00 -2.696593338215105273e+00
-1.159401048203626061e+01 5.000000000000000000e+00 -2.005241018130607400e-01
3.860000000000000320e+00 5.000000000000000000e+00 0.000000000000000000e+00
1.158999999999999986e+01 5.000000000000000000e+00 -1.403668712691425124e+00
-1.158999999999999986e+01 1.500000000000000000e+01 -2.435912005858126061e+00
-1.159401048203626061e+01 1.500000000000000000e+01 -2.005241018130607400e-01
3.860000000000000320e+00 1.500000000000000000e+01 0.000000000000000000e+00
1.158999999999999986e+01 1.500000000000000000e+01 -1.002620509065303755e+00
