-1.158999999999999986e+01 -1.500000000000000000e+01 -3.377423001032341610e+00
-1.127871150051617022e+01 -1.500000000000000000e+01 0.000000000000000000e+00
3.859999999999999876e+00 -1.500000000000000000e+01 0.000000000000000000e+00
1.158999999999999986e+01 -1.500000000000000000e+01 -6.225769989676583904e-01
-1.158999999999999986e+01 -5.000000000000000000e+00 -3.377423001032341610e+00
-1.127871150051617022e+01 -5.000000000000000000e+00 0.000000000000000000e+00
3.859999999999999876e+00 -5.000000000000000000e+00 0.000000000000000000e+00
1.158999999999999986e+01 -5.000000000000000000e+00 -3.891106243547864940e-01
-1.158999999999999986e+01 5.000000000000000000e+00 -3.377423001032341610e+00
-1.127871150051617022e+01 5.000000000000000000e+00 0.000000000000000000e+00
3.859999999999999876e+00 5.000000000000000000e+00 0.000000000000000000e+00
1.158999999999999986e+01 5.000000000000000000e+00 -1.556442497419145976e-01
-1.158999999999999986e+01 1.500000000000000000e+01 -3.377423001032341610e+00
-1.127871150051617022e+01 1.500000000000000000e+01 0.000000000000000000e+00
3.859999999999999876e+00 1.500000000000000000e+01 0.000000000000000000e+00
1.158999999999999986e+01 1.500000000000000000e+01 -1.556442497419145976e-01
