-1.158999999999999986e+01 -1.500000000000000000e+01 -2.000000000000000000e+00
-9.232102258257992133e+00 -1.500000000000000000e+01 -4.143785306837300952e-01
3.859999999999999432e+00 -1.500000000000000000e+01 -4.281073465813495238e-02
1.158999999999999986e+01 -1.500000000000000000e+01 -3.383525420922856686e+00
-1.158999999999999986e+01 -5.000000000000000000e+00 -1.378432203974404802e+00
-9.232102258257992133e+00 -5.000000000000000000e+00 -4.143785306837300952e-01
3.859999999999999432e+00 -5.000000000000000000e+00 -4.281073465813495238e-02
1.158999999999999986e+01 -5.000000000000000000e+00 -2.140389828871666289e+00
-1.158999999999999986e+01 5.000000000000000000e+00 -1.464053673290674595e+00
-9.232102258257992133e+00 5.000000000000000000e+00 -2.071892653418650476e-01
3.859999999999999432e+00 5.000000000000000000e+00 -8.562146931626990476e-02
1.158999999999999986e+01 5.000000000000000000e+00 -9.571892653418649921e-01
-1.158999999999999986e+01 1.500000000000000000e+01 -2.342485877265079619e+00
-9.232102258257992133e+00 1.500000000000000000e+01 -2.071892653418650476e-01
3.859999999999999432e+00 1.500000000000000000e+01 -8.562146931626990476e-02
1.158999999999999986e+01 1.500000000000000000e+01 -8.458813552307141714e-01
