-1.226720501420173015e+01 -1.500000000000000000e+01 -1.291179943193081492e-01
-1.026976850808507358e+01 -1.500000000000000000e+01 -8.069874644956759324e-02
3.859999999999999876e+00 -1.500000000000000000e+01 0.000000000000000000e+00
1.158999999999999986e+01 -1.500000000000000000e+01 -3.354410028403459254e+00
-1.226720501420173015e+01 -5.000000000000000000e+00 -1.291179943193081492e-01
-1.026976850808507358e+01 -5.000000000000000000e+00 -8.069874644956759324e-02
3.859999999999999876e+00 -5.000000000000000000e+00 0.000000000000000000e+00
1.158999999999999986e+01 -5.000000000000000000e+00 -3.354410028403459254e+00
-1.226720501420173015e+01 5.000000000000000000e+00 -2.420962393487027797e-01
-1.026976850808507358e+01 5.000000000000000000e+00 -1.613974928991351865e-01
3.859999999999999876e+00 5.000000000000000000e+00 0.000000000000000000e+00
1.158999999999999986e+01 5.000000000000000000e+00 -3.515807521302594552e+00
-1.226720501420173015e+01 1.500000000000000000e+01 -3.227949857982703730e-02
-1.026976850808507358e+01 1.500000000000000000e+01 -1.613974928991351865e-01
3.859999999999999876e+00 1.500000000000000000e+01 0.000000000000000000e+00
1.158999999999999986e+01 1.500000000000000000e+01 -4.000000000000000000e+00
