-1.158999999999999986e+01 -1.500000000000000000e+01 -2.991096874102434189e+00
-1.009109687410243339e+01 -1.500000000000000000e+01 -9.200628816448572223e-02
3.859999999999999876e+00 -1.500000000000000000e+01 -1.579937118355142778e-01
1.158999999999999986e+01 -1.500000000000000000e+01 -6.208150915947656667e-01
-1.158999999999999986e+01 -5.000000000000000000e+00 -2.991096874102434189e+00
-1.009109687410243339e+01 -5.000000000000000000e+00 -9.200628816448572223e-02
3.859999999999999876e+00 -5.000000000000000000e+00 -1.579937118355142778e-01
1.158999999999999986e+01 -5.000000000000000000e+00 -6.208150915947656667e-01
-1.158999999999999986e+01 5.000000000000000000e+00 -2.487930830190657083e+00
-1.009109687410243339e+01 5.000000000000000000e+00 -1.840125763289714445e-01
3.859999999999999876e+00 5.000000000000000000e+00 -3.159874236710285555e-01
1.158999999999999986e+01 5.000000000000000000e+00 -1.394044017151400139e+00
-1.158999999999999986e+01 1.500000000000000000e+01 -1.616739633620936978e+00
-1.009109687410243339e+01 1.500000000000000000e+01 -1.840125763289714445e-01
3.859999999999999876e+00 1.500000000000000000e+01 -3.159874236710285555e-01
1.158999999999999986e+01 1.500000000000000000e+01 -1.535298095365977167e+00
