-1.158999999999999986e+01 -1.500000000000000000e+01 -2.095905627326631326e-01
-9.446936496058519594e+00 -1.500000000000000000e+01 -1.309941017079144510e-01
3.859999999999999876e+00 -1.500000000000000000e+01 0.000000000000000000e+00
1.158999999999999986e+01 -1.500000000000000000e+01 -2.952047186336684170e+00
-1.158999999999999986e+01 -5.000000000000000000e+00 -2.095905627326631326e-01
-9.446936496058519594e+00 -5.000000000000000000e+00 -1.309941017079144510e-01
3.859999999999999876e+00 -5.000000000000000000e+00 0.000000000000000000e+00
1.158999999999999986e+01 -5.000000000000000000e+00 -2.952047186336684170e+00
-1.158999999999999986e+01 5.000000000000000000e+00 -3.929823051237433251e-01
-9.446936496058519594e+00 5.000000000000000000e+00 -2.619882034158289019e-01
3.859999999999999876e+00 5.000000000000000000e+00 0.000000000000000000e+00
1.158999999999999986e+01 5.000000000000000000e+00 -3.214035389752513350e+00
-1.158999999999999986e+01 1.500000000000000000e+01 -5.239764068316578316e-02
-9.446936496058519594e+00 1.500000000000000000e+01 -2.619882034158289019e-01
3.859999999999999876e+00 1.500000000000000000e+01 0.000000000000000000e+00
1.158999999999999986e+01 1.500000000000000000e+01 -4.000000000000000000e+00
