-1.171496225547367231e+01 -1.500000000000000000e+01 -3.937669850368472169e+00
-1.159875037744526338e+01 -1.500000000000000000e+01 0.000000000000000000e+00
3.859999999999999876e+00 -1.500000000000000000e+01 -2.187594361315817748e-01
1.158999999999999986e+01 -1.500000000000000000e+01 -8.498641197052224650e-01
-1.171496225547367231e+01 -5.000000000000000000e+00 -3.937669850368472169e+00
-1.159875037744526338e+01 -5.000000000000000000e+00 0.000000000000000000e+00
3.859999999999999876e+00 -5.000000000000000000e+00 -2.187594361315817748e-01
1.158999999999999986e+01 -5.000000000000000000e+00 -8.498641197052224650e-01
-1.171496225547367231e+01 5.000000000000000000e+00 -3.062632105842144625e+00
-1.159875037744526338e+01 5.000000000000000000e+00 0.000000000000000000e+00
3.859999999999999876e+00 5.000000000000000000e+00 -4.375188722631635496e-01
1.158999999999999986e+01 5.000000000000000000e+00 -1.156127330289436816e+00
-1.171496225547367231e+01 1.500000000000000000e+01 -2.187594361315817970e+00
-1.159875037744526338e+01 1.500000000000000000e+01 0.000000000000000000e+00
3.859999999999999876e+00 1.500000000000000000e+01 -4.375188722631635496e-01
1.158999999999999986e+01 1.500000000000000000e+01 -5.873527963473242908e-01
