-1.145429463590232899e+01 -1.500000000000000000e+01 -8.885393107516195155e-01
-1.159864294635902127e+01 -1.500000000000000000e+01 -2.160736589755819781e-01
3.859999999999999876e+00 -1.500000000000000000e+01 0.000000000000000000e+00
1.158999999999999986e+01 -1.500000000000000000e+01 -3.889325861560475772e+00
-1.158999999999999986e+01 -5.000000000000000000e+00 -8.885393107516195155e-01
-1.159864294635902127e+01 -5.000000000000000000e+00 -2.160736589755819781e-01
3.859999999999999876e+00 -5.000000000000000000e+00 0.000000000000000000e+00
1.158999999999999986e+01 -5.000000000000000000e+00 -3.889325861560475772e+00
-1.172570536409767250e+01 5.000000000000000000e+00 -1.191042433317434313e+00
-1.159864294635902127e+01 5.000000000000000000e+00 -4.321473179511639562e-01
3.859999999999999876e+00 5.000000000000000000e+00 0.000000000000000000e+00
1.158999999999999986e+01 5.000000000000000000e+00 -3.025031225658147527e+00
-1.172570536409767250e+01 1.500000000000000000e+01 -6.292509199809210862e-01
-1.159864294635902127e+01 1.500000000000000000e+01 -4.321473179511639562e-01
3.859999999999999876e+00 1.500000000000000000e+01 0.000000000000000000e+00
1.158999999999999986e+01 1.500000000000000000e+01 -2.160736589755819725e+00
