-1.158999999999999986e+01 -1.500000000000000000e+01 -1.886791902066273119e+00
-7.618302462340744263e+00 -1.500000000000000000e+01 0.000000000000000000e+00
3.859999999999999876e+00 -1.500000000000000000e+01 -2.358489877582841399e-01
1.158999999999999986e+01 -1.500000000000000000e+01 -6.037745762807084082e-01
-1.158999999999999986e+01 -5.000000000000000000e+00 -1.886791902066273119e+00
-7.618302462340744263e+00 -5.000000000000000000e+00 0.000000000000000000e+00
3.859999999999999876e+00 -5.000000000000000000e+00 -2.358489877582841399e-01
1.158999999999999986e+01 -5.000000000000000000e+00 -5.188685028304131919e-01
-1.158999999999999986e+01 5.000000000000000000e+00 -2.358489877582841565e+00
-7.618302462340744263e+00 5.000000000000000000e+00 0.000000000000000000e+00
3.859999999999999876e+00 5.000000000000000000e+00 -4.716979755165682797e-01
1.158999999999999986e+01 5.000000000000000000e+00 -7.641510122417158879e-01
-1.158999999999999986e+01 1.500000000000000000e+01 -3.773583804132546238e+00
-7.618302462340744263e+00 1.500000000000000000e+01 0.000000000000000000e+00
3.859999999999999876e+00 1.500000000000000000e+01 -4.716979755165682797e-01
1.158999999999999986e+01 1.500000000000000000e+01 -1.509436440701771021e-01
