-1.177821617545202848e+01 -1.500000000000000000e+01 -3.247135298191886621e-01
-8.269804157598796834e+00 -1.500000000000000000e+01 -2.029459561369928999e-01
3.859999999999999876e+00 -1.500000000000000000e+01 0.000000000000000000e+00
1.158999999999999986e+01 -1.500000000000000000e+01 -3.188216175452028622e+00
-1.177821617545202848e+01 -5.000000000000000000e+00 -3.247135298191886621e-01
-8.269804157598796834e+00 -5.000000000000000000e+00 -2.029459561369928999e-01
3.859999999999999876e+00 -5.000000000000000000e+00 0.000000000000000000e+00
1.158999999999999986e+01 -5.000000000000000000e+00 -3.188216175452028622e+00
-1.177821617545202848e+01 5.000000000000000000e+00 -6.088378684109787553e-01
-8.269804157598796834e+00 5.000000000000000000e+00 -4.058919122739857999e-01
3.859999999999999876e+00 5.000000000000000000e+00 0.000000000000000000e+00
1.158999999999999986e+01 5.000000000000000000e+00 -3.188216175452028622e+00
-1.177821617545202848e+01 1.500000000000000000e+01 -8.117838245479716552e-02
-8.269804157598796834e+00 1.500000000000000000e+01 -4.058919122739857999e-01
3.859999999999999876e+00 1.500000000000000000e+01 0.000000000000000000e+00
1.158999999999999986e+01 1.500000000000000000e+01 -3.188216175452028622e+00
