-1.158999999999999986e+01 -1.500000000000000000e+01 -3.716958918947689039e+00
-1.144847945947384460e+01 -1.500000000000000000e+01 0.000000000000000000e+00
3.859999999999999876e+00 -1.500000000000000000e+01 0.000000000000000000e+00
1.158999999999999986e+01 -1.500000000000000000e+01 -7.076027026307774026e-02
-1.158999999999999986e+01 -5.000000000000000000e+00 -3.716958918947689039e+00
-1.144847945947384460e+01 -5.000000000000000000e+00 0.000000000000000000e+00
3.859999999999999876e+00 -5.000000000000000000e+00 0.000000000000000000e+00
1.158999999999999986e+01 -5.000000000000000000e+00 -7.076027026307774026e-02
-1.158999999999999986e+01 5.000000000000000000e+00 -3.716958918947689039e+00
-1.144847945947384460e+01 5.000000000000000000e+00 0.000000000000000000e+00
3.859999999999999876e+00 5.000000000000000000e+00 0.000000000000000000e+00
1.158999999999999986e+01 5.000000000000000000e+00 -1.769006756576943507e-01
-1.158999999999999986e+01 1.500000000000000000e+01 -3.716958918947689039e+00
-1.144847945947384460e+01 1.500000000000000000e+01 0.000000000000000000e+00
3.859999999999999876e+00 1.500000000000000000e+01 0.000000000000000000e+00
1.158999999999999986e+01 1.500000000000000000e+01 -2.830410810523109610e-01
