-1.158999999999999986e+01 -1.500000000000000000e+01 -2.201986887171929197e-01
-1.049451152363196549e+01 -1.500000000000000000e+01 -1.376241804482455644e-01
3.859999999999999876e+00 -1.500000000000000000e+01 0.000000000000000000e+00
1.158999999999999986e+01 -1.500000000000000000e+01 -4.275248360896490851e+00
-1.158999999999999986e+01 -5.000000000000000000e+00 -2.201986887171929197e-01
-1.049451152363196549e+01 -5.000000000000000000e+00 -1.376241804482455644e-01
3.859999999999999876e+00 -5.000000000000000000e+00 0.000000000000000000e+00
1.158999999999999986e+01 -5.000000000000000000e+00 -4.275248360896490851e+00
-1.158999999999999986e+01 5.000000000000000000e+00 -4.128725413447367210e-01
-1.049451152363196549e+01 5.000000000000000000e+00 -2.752483608964911288e-01
3.859999999999999876e+00 5.000000000000000000e+00 0.000000000000000000e+00
1.158999999999999986e+01 5.000000000000000000e+00 -3.724751639103509149e+00
-1.158999999999999986e+01 1.500000000000000000e+01 -5.504967217929822992e-02
-1.049451152363196549e+01 1.500000000000000000e+01 -2.752483608964911288e-01
3.859999999999999876e+00 1.500000000000000000e+01 0.000000000000000000e+00
1.158999999999999986e+01 1.500000000000000000e+01 -3.174254917310526558e+00
