-1.206079841549301968e+01 -1.500000000000000000e+01 -4.264600792253490091e+00
-1.159529201584506808e+01 -1.500000000000000000e+01 0.000000000000000000e+00
3.859999999999999876e+00 -1.500000000000000000e+01 -1.323003961267451012e-01
1.158999999999999986e+01 -1.500000000000000000e+01 -2.116806338027921730e-01
-1.206079841549301968e+01 -5.000000000000000000e+00 -4.264600792253490091e+00
-1.159529201584506808e+01 -5.000000000000000000e+00 0.000000000000000000e+00
3.859999999999999876e+00 -5.000000000000000000e+00 -1.323003961267451012e-01
1.158999999999999986e+01 -5.000000000000000000e+00 -2.116806338027921730e-01
-1.206079841549301968e+01 5.000000000000000000e+00 -3.735399207746509909e+00
-1.159529201584506808e+01 5.000000000000000000e+00 0.000000000000000000e+00
3.859999999999999876e+00 5.000000000000000000e+00 -2.646007922534902024e-01
1.158999999999999986e+01 5.000000000000000000e+00 -3.969011883802353036e-01
-1.206079841549301968e+01 1.500000000000000000e+01 -3.206197623239529282e+00
-1.159529201584506808e+01 1.500000000000000000e+01 0.000000000000000000e+00
3.859999999999999876e+00 1.500000000000000000e+01 -2.646007922534902024e-01
1.158999999999999986e+01 1.500000000000000000e+01 -5.292015845069804325e-02
