-1.158999999999999986e+01 -1.500000000000000000e+01 -2.000000000000000000e+00
-9.995270120881817988e+00 -1.500000000000000000e+01 -3.986824697795454120e-01
3.859999999999999432e+00 -1.500000000000000000e+01 0.000000000000000000e+00
1.158999999999999986e+01 -1.500000000000000000e+01 -4.000000000000000000e+00
-1.158999999999999986e+01 -5.000000000000000000e+00 -1.401976295330682021e+00
-9.995270120881817988e+00 -5.000000000000000000e+00 -3.986824697795454120e-01
3.859999999999999432e+00 -5.000000000000000000e+00 0.000000000000000000e+00
1.158999999999999986e+01 -5.000000000000000000e+00 -2.803952590661364042e+00
-1.158999999999999986e+01 5.000000000000000000e+00 -1.401976295330682021e+00
-9.995270120881817988e+00 5.000000000000000000e+00 -1.993412348897727060e-01
3.859999999999999432e+00 5.000000000000000000e+00 0.000000000000000000e+00
1.158999999999999986e+01 5.000000000000000000e+00 -1.607905181322727639e+00
-1.158999999999999986e+01 1.500000000000000000e+01 -2.000000000000000000e+00
-9.995270120881817988e+00 1.500000000000000000e+01 -1.993412348897727060e-01
3.859999999999999432e+00 1.500000000000000000e+01 0.000000000000000000e+00
1.158999999999999986e+01 1.500000000000000000e+01 -1.607905181322727639e+00
