-1.158999999999999986e+01 -1.500000000000000000e+01 -3.224126272403874172e+00
-1.022237742809567074e+01 -1.500000000000000000e+01 -7.779717851195888656e-02
3.860000000000000320e+00 -1.500000000000000000e+01 -1.722028214880411134e-01
1.158999999999999986e+01 -1.500000000000000000e+01 -1.675873727596125740e+00
-1.158999999999999986e+01 -5.000000000000000000e+00 -3.224126272403874172e+00
-1.022237742809567074e+01 -5.000000000000000000e+00 -7.779717851195888656e-02
3.860000000000000320e+00 -5.000000000000000000e+00 -1.722028214880411134e-01
1.158999999999999986e+01 -5.000000000000000000e+00 -1.675873727596125740e+00
-1.158999999999999986e+01 5.000000000000000000e+00 -2.644231036368452248e+00
-1.022237742809567074e+01 5.000000000000000000e+00 -1.555943570239177731e-01
3.860000000000000320e+00 5.000000000000000000e+00 -3.444056429760822269e-01
1.158999999999999986e+01 5.000000000000000000e+00 -1.605768963631547752e+00
-1.158999999999999986e+01 1.500000000000000000e+01 -1.753147086285194778e+00
-1.022237742809567074e+01 1.500000000000000000e+01 -1.555943570239177731e-01
3.860000000000000320e+00 1.500000000000000000e+01 -3.444056429760822269e-01
1.158999999999999986e+01 1.500000000000000000e+01 -8.468529137148053110e-01
