-1.158999999999999986e+01 -1.500000000000000000e+01 -1.110579850236174115e+00
-1.070733406314080582e+01 -1.500000000000000000e+01 -3.610281015994022402e-01
3.859999999999999876e+00 -1.500000000000000000e+01 0.000000000000000000e+00
1.158999999999999986e+01 -1.500000000000000000e+01 -4.277943796801196186e+00
-1.158999999999999986e+01 -5.000000000000000000e+00 -7.774955454379675057e-01
-1.070733406314080582e+01 -5.000000000000000000e+00 -3.610281015994022402e-01
3.859999999999999876e+00 -5.000000000000000000e+00 0.000000000000000000e+00
1.158999999999999986e+01 -5.000000000000000000e+00 -3.611775187204782522e+00
-1.158999999999999986e+01 5.000000000000000000e+00 -9.720562031988044804e-01
-1.070733406314080582e+01 5.000000000000000000e+00 -3.889718984005977598e-01
3.859999999999999876e+00 5.000000000000000000e+00 0.000000000000000000e+00
1.158999999999999986e+01 5.000000000000000000e+00 -2.389718984005977820e+00
-1.158999999999999986e+01 1.500000000000000000e+01 -9.438135721554568036e-01
-1.070733406314080582e+01 1.500000000000000000e+01 -3.889718984005977598e-01
3.859999999999999876e+00 1.500000000000000000e+01 0.000000000000000000e+00
1.158999999999999986e+01 1.500000000000000000e+01 -1.833831390403586781e+00
