-1.111586045290051672e+01 -1.500000000000000000e+01 -2.366372038052326765e+00
-1.159525860452900403e+01 -1.500000000000000000e+01 0.000000000000000000e+00
3.859999999999999432e+00 -1.500000000000000000e+01 -1.314651132251292709e-01
1.158999999999999986e+01 -1.500000000000000000e+01 -2.106902369558138588e+00
-1.158999999999999986e+01 -5.000000000000000000e+00 -2.366372038052326765e+00
-1.159525860452900403e+01 -5.000000000000000000e+00 0.000000000000000000e+00
3.859999999999999432e+00 -5.000000000000000000e+00 -1.314651132251292709e-01
1.158999999999999986e+01 -5.000000000000000000e+00 -2.106902369558138588e+00
-1.206413954709948300e+01 5.000000000000000000e+00 -1.840511585151809903e+00
-1.159525860452900403e+01 5.000000000000000000e+00 0.000000000000000000e+00
3.859999999999999432e+00 5.000000000000000000e+00 -2.629302264502585418e-01
1.158999999999999986e+01 5.000000000000000000e+00 -2.290953528073319312e+00
-1.206413954709948300e+01 1.500000000000000000e+01 -1.314651132251292598e+00
-1.159525860452900403e+01 1.500000000000000000e+01 0.000000000000000000e+00
3.859999999999999432e+00 1.500000000000000000e+01 -2.629302264502585418e-01
1.158999999999999986e+01 1.500000000000000000e+01 -1.949144233687983396e+00
