-1.158999999999999986e+01 -1.500000000000000000e+01 -3.041124511628401361e-01
-1.006943774418579984e+01 -1.500000000000000000e+01 -1.900702819767750573e-01
3.859999999999999876e+00 -1.500000000000000000e+01 0.000000000000000000e+00
1.158999999999999986e+01 -1.500000000000000000e+01 -1.719156616278699312e+00
-1.158999999999999986e+01 -5.000000000000000000e+00 -3.041124511628401361e-01
-1.006943774418579984e+01 -5.000000000000000000e+00 -1.900702819767750573e-01
3.859999999999999876e+00 -5.000000000000000000e+00 0.000000000000000000e+00
1.158999999999999986e+01 -5.000000000000000000e+00 -1.719156616278699312e+00
-1.158999999999999986e+01 5.000000000000000000e+00 -5.702108459303252275e-01
-1.006943774418579984e+01 5.000000000000000000e+00 -3.801405639535501146e-01
3.859999999999999876e+00 5.000000000000000000e+00 0.000000000000000000e+00
1.158999999999999986e+01 5.000000000000000000e+00 -2.859578308139349545e+00
-1.158999999999999986e+01 1.500000000000000000e+01 -7.602811279071003403e-02
-1.006943774418579984e+01 1.500000000000000000e+01 -3.801405639535501146e-01
3.859999999999999876e+00 1.500000000000000000e+01 0.000000000000000000e+00
1.158999999999999986e+01 1.500000000000000000e+01 -4.000000000000000000e+00
