-1.158999999999999986e+01 -1.500000000000000000e+01 -1.777154615496595813e+00
-9.589999999999999858e+00 -1.500000000000000000e+01 -3.885773077482979065e-01
3.859999999999999876e+00 -1.500000000000000000e+01 -5.571134612585104673e-02
1.158999999999999986e+01 -1.500000000000000000e+01 -3.197756615787744838e+00
-1.158999999999999986e+01 -5.000000000000000000e+00 -1.194288653874148842e+00
-9.589999999999999858e+00 -5.000000000000000000e+00 -3.885773077482979065e-01
3.859999999999999876e+00 -5.000000000000000000e+00 -5.571134612585104673e-02
1.158999999999999986e+01 -5.000000000000000000e+00 -2.032024692542851341e+00
-1.158999999999999986e+01 5.000000000000000000e+00 -1.528556730629255345e+00
-9.589999999999999858e+00 5.000000000000000000e+00 -1.942886538741489533e-01
3.859999999999999876e+00 5.000000000000000000e+00 -1.114226922517020935e-01
1.158999999999999986e+01 5.000000000000000000e+00 -9.442886538741489533e-01
-1.158999999999999986e+01 1.500000000000000000e+01 -2.445690769006808374e+00
-9.589999999999999858e+00 1.500000000000000000e+01 -1.942886538741489533e-01
3.859999999999999876e+00 1.500000000000000000e+01 -1.114226922517020935e-01
1.158999999999999986e+01 1.500000000000000000e+01 -7.994391539469362096e-01
