-1.112508877491568526e+01 -1.500000000000000000e+01 -2.407899487120580329e+00
-1.159535088774915579e+01 -1.500000000000000000e+01 0.000000000000000000e+00
3.859999999999999876e+00 -1.500000000000000000e+01 -1.337721937289211294e-01
1.158999999999999986e+01 -1.500000000000000000e+01 -2.073680410303535560e+00
-1.158999999999999986e+01 -5.000000000000000000e+00 -2.407899487120580329e+00
-1.159535088774915579e+01 -5.000000000000000000e+00 0.000000000000000000e+00
3.859999999999999876e+00 -5.000000000000000000e+00 -1.337721937289211294e-01
1.158999999999999986e+01 -5.000000000000000000e+00 -2.073680410303535560e+00
-1.205491122508431445e+01 5.000000000000000000e+00 -1.872810712204895811e+00
-1.159535088774915579e+01 5.000000000000000000e+00 0.000000000000000000e+00
3.859999999999999876e+00 5.000000000000000000e+00 -2.675443874578422587e-01
1.158999999999999986e+01 5.000000000000000000e+00 -2.260961481524025096e+00
-1.205491122508431445e+01 1.500000000000000000e+01 -1.337721937289211294e+00
-1.159535088774915579e+01 1.500000000000000000e+01 0.000000000000000000e+00
3.859999999999999876e+00 1.500000000000000000e+01 -2.675443874578422587e-01
1.158999999999999986e+01 1.500000000000000000e+01 -1.913153777828830338e+00
