-1.158999999999999986e+01 -1.500000000000000000e+01 -4.421478807641492925e-01
-9.610662741545350940e+00 -1.500000000000000000e+01 -2.474300072704787024e-01
3.859999999999999876e+00 -1.500000000000000000e+01 -2.569992729521297647e-03
1.158999999999999986e+01 -1.500000000000000000e+01 -9.938320174491488412e-01
-1.158999999999999986e+01 -5.000000000000000000e+00 -4.421478807641492925e-01
-9.610662741545350940e+00 -5.000000000000000000e+00 -2.474300072704787024e-01
3.859999999999999876e+00 -5.000000000000000000e+00 -2.569992729521297647e-03
1.158999999999999986e+01 -5.000000000000000000e+00 -9.938320174491488412e-01
-1.158999999999999986e+01 5.000000000000000000e+00 -7.782699200247342741e-01
-9.610662741545350940e+00 5.000000000000000000e+00 -4.948600145409574047e-01
3.859999999999999876e+00 5.000000000000000000e+00 -5.139985459042595295e-03
1.158999999999999986e+01 5.000000000000000000e+00 -2.482010050893350694e+00
-1.158999999999999986e+01 1.500000000000000000e+01 -1.246719302034044602e-01
-9.610662741545350940e+00 1.500000000000000000e+01 -4.948600145409574047e-01
3.859999999999999876e+00 1.500000000000000000e+01 -5.139985459042595295e-03
1.158999999999999986e+01 1.500000000000000000e+01 -3.959908113419467579e+00
