-1.158999999999999986e+01 -1.500000000000000000e+01 -7.732670701928641144e-01
-8.289786372161522365e+00 -1.500000000000000000e+01 -9.447205408630660051e-02
3.860000000000000320e+00 -1.500000000000000000e+01 -1.555279459136933995e-01
1.158999999999999986e+01 -1.500000000000000000e+01 -6.267329298071357968e-01
-1.158999999999999986e+01 -5.000000000000000000e+00 -7.732670701928641144e-01
-8.289786372161522365e+00 -5.000000000000000000e+00 -9.447205408630660051e-02
3.860000000000000320e+00 -5.000000000000000000e+00 -1.555279459136933995e-01
1.158999999999999986e+01 -5.000000000000000000e+00 -6.267329298071357968e-01
-1.158999999999999986e+01 5.000000000000000000e+00 -1.838695621395853630e+00
-8.289786372161522365e+00 5.000000000000000000e+00 -1.889441081726132010e-01
3.860000000000000320e+00 5.000000000000000000e+00 -3.110558918273867990e-01
1.158999999999999986e+01 5.000000000000000000e+00 -1.411304378604146148e+00
-1.158999999999999986e+01 1.500000000000000000e+01 -2.526235956253616965e+00
-8.289786372161522365e+00 1.500000000000000000e+01 -1.889441081726132010e-01
3.860000000000000320e+00 1.500000000000000000e+01 -3.110558918273867990e-01
1.158999999999999986e+01 1.500000000000000000e+01 -1.573764043746382901e+00
