-1.158999999999999986e+01 -1.500000000000000000e+01 0.000000000000000000e+00
-9.589999999999999858e+00 -1.500000000000000000e+01 0.000000000000000000e+00
3.859999999999999876e+00 -1.500000000000000000e+01 0.000000000000000000e+00
1.158999999999999986e+01 -1.500000000000000000e+01 -2.593104688738826713e+00
-1.158999999999999986e+01 -5.000000000000000000e+00 0.000000000000000000e+00
-9.589999999999999858e+00 -5.000000000000000000e+00 0.000000000000000000e+00
3.859999999999999876e+00 -5.000000000000000000e+00 0.000000000000000000e+00
1.158999999999999986e+01 -5.000000000000000000e+00 -1.796552344369413134e+00
-1.158999999999999986e+01 5.000000000000000000e+00 0.000000000000000000e+00
-9.589999999999999858e+00 5.000000000000000000e+00 0.000000000000000000e+00
3.859999999999999876e+00 5.000000000000000000e+00 0.000000000000000000e+00
1.158999999999999986e+01 5.000000000000000000e+00 -1.703447655630586866e+00
-1.158999999999999986e+01 1.500000000000000000e+01 0.000000000000000000e+00
-9.589999999999999858e+00 1.500000000000000000e+01 0.000000000000000000e+00
3.859999999999999876e+00 1.500000000000000000e+01 0.000000000000000000e+00
1.158999999999999986e+01 1.500000000000000000e+01 -2.406895311261173287e+00
