-1.158999999999999986e+01 -1.500000000000000000e+01 -3.268537962046534240e+00
-1.159999999999999964e+01 -1.500000000000000000e+01 -7.508914865569912833e-02
3.859999999999999876e+00 -1.500000000000000000e+01 -1.749108513443008717e-01
1.158999999999999986e+01 -1.500000000000000000e+01 -1.631462037953465671e+00
-1.158999999999999986e+01 -5.000000000000000000e+00 -3.268537962046534240e+00
-1.159999999999999964e+01 -5.000000000000000000e+00 -7.508914865569912833e-02
3.859999999999999876e+00 -5.000000000000000000e+00 -1.749108513443008717e-01
1.158999999999999986e+01 -5.000000000000000000e+00 -1.631462037953465671e+00
-1.158999999999999986e+01 5.000000000000000000e+00 -2.674019364787309616e+00
-1.159999999999999964e+01 5.000000000000000000e+00 -1.501782973113982567e-01
3.859999999999999876e+00 5.000000000000000000e+00 -3.498217026886017433e-01
1.158999999999999986e+01 5.000000000000000000e+00 -1.575980635212690384e+00
-1.158999999999999986e+01 1.500000000000000000e+01 -1.779144172905288368e+00
-1.159999999999999964e+01 1.500000000000000000e+01 -1.501782973113982567e-01
3.859999999999999876e+00 1.500000000000000000e+01 -3.498217026886017433e-01
1.158999999999999986e+01 1.500000000000000000e+01 -8.208558270947117208e-01
