-1.158999999999999986e+01 -1.500000000000000000e+01 -2.075134156098752403e-01
-1.055243292195062388e+01 -1.500000000000000000e+01 -1.296958847561720252e-01
3.860000000000000320e+00 -1.500000000000000000e+01 0.000000000000000000e+00
1.158999999999999986e+01 -1.500000000000000000e+01 -1.481216460975312010e+00
-1.158999999999999986e+01 -5.000000000000000000e+00 -2.075134156098752403e-01
-1.055243292195062388e+01 -5.000000000000000000e+00 -1.296958847561720252e-01
3.860000000000000320e+00 -5.000000000000000000e+00 0.000000000000000000e+00
1.158999999999999986e+01 -5.000000000000000000e+00 -1.481216460975312010e+00
-1.158999999999999986e+01 5.000000000000000000e+00 -3.890876542685161033e-01
-1.055243292195062388e+01 5.000000000000000000e+00 -2.593917695123440503e-01
3.860000000000000320e+00 5.000000000000000000e+00 0.000000000000000000e+00
1.158999999999999986e+01 5.000000000000000000e+00 -2.740608230487655561e+00
-1.158999999999999986e+01 1.500000000000000000e+01 -5.187835390246881007e-02
-1.055243292195062388e+01 1.500000000000000000e+01 -2.593917695123440503e-01
3.860000000000000320e+00 1.500000000000000000e+01 0.000000000000000000e+00
1.158999999999999986e+01 1.500000000000000000e+01 -4.000000000000000000e+00
