-1.152045332656169840e+01 -1.500000000000000000e+01 -3.721813306246796405e+00
-9.729093346876602766e+00 -1.500000000000000000e+01 0.000000000000000000e+00
3.859999999999999876e+00 -1.500000000000000000e+01 -4.652266632808495506e-01
1.158999999999999986e+01 -1.500000000000000000e+01 -2.139093346876602020e+00
-1.158999999999999986e+01 -5.000000000000000000e+00 -2.326133316404247697e+00
-9.729093346876602766e+00 -5.000000000000000000e+00 0.000000000000000000e+00
3.859999999999999876e+00 -5.000000000000000000e+00 -4.652266632808495506e-01
1.158999999999999986e+01 -5.000000000000000000e+00 -1.441253351955327444e+00
-1.165954667343829954e+01 5.000000000000000000e+00 -9.304533265616991011e-01
-9.729093346876602766e+00 5.000000000000000000e+00 0.000000000000000000e+00
3.859999999999999876e+00 5.000000000000000000e+00 -2.326133316404247753e-01
1.158999999999999986e+01 5.000000000000000000e+00 -1.441253351955327444e+00
-1.165954667343829954e+01 1.500000000000000000e+01 -9.304533265616991011e-01
-9.729093346876602766e+00 1.500000000000000000e+01 0.000000000000000000e+00
3.859999999999999876e+00 1.500000000000000000e+01 -2.326133316404247753e-01
1.158999999999999986e+01 1.500000000000000000e+01 -2.139093346876602020e+00
