-1.158999999999999986e+01 -1.500000000000000000e+01 -8.186638881033498905e-01
-8.241664697657299143e+00 -1.500000000000000000e+01 0.000000000000000000e+00
3.859999999999999876e+00 -1.500000000000000000e+01 -2.046659720258374726e-01
1.158999999999999986e+01 -1.500000000000000000e+01 -1.052810002827940350e+00
-1.158999999999999986e+01 -5.000000000000000000e+00 -8.186638881033498905e-01
-8.241664697657299143e+00 -5.000000000000000000e+00 0.000000000000000000e+00
3.859999999999999876e+00 -5.000000000000000000e+00 -2.046659720258374726e-01
1.158999999999999986e+01 -5.000000000000000000e+00 -1.052810002827940350e+00
-1.158999999999999986e+01 5.000000000000000000e+00 -2.046659720258374726e+00
-8.241664697657299143e+00 5.000000000000000000e+00 0.000000000000000000e+00
3.859999999999999876e+00 5.000000000000000000e+00 -4.093319440516749452e-01
1.158999999999999986e+01 5.000000000000000000e+00 -1.339342363664112856e+00
-1.158999999999999986e+01 1.500000000000000000e+01 -3.274655552413399562e+00
-8.241664697657299143e+00 1.500000000000000000e+01 0.000000000000000000e+00
3.859999999999999876e+00 1.500000000000000000e+01 -4.093319440516749452e-01
1.158999999999999986e+01 1.500000000000000000e+01 -8.072108363969354716e-01
