-1.158999999999999986e+01 -1.500000000000000000e+01 -4.199065804959765669e-01
-7.526002970772869283e+00 -1.500000000000000000e+01 -2.531104032024963368e-01
3.859999999999999876e+00 -1.500000000000000000e+01 0.000000000000000000e+00
1.158999999999999986e+01 -1.500000000000000000e+01 -1.037324838429956042e+00
-1.158999999999999986e+01 -5.000000000000000000e+00 -4.105753708884875564e-01
-7.526002970772869283e+00 -5.000000000000000000e+00 -2.531104032024963368e-01
3.859999999999999876e+00 -5.000000000000000000e+00 0.000000000000000000e+00
1.158999999999999986e+01 -5.000000000000000000e+00 -1.018662419214978021e+00
-1.158999999999999986e+01 5.000000000000000000e+00 -7.562208064049926737e-01
-7.526002970772869283e+00 5.000000000000000000e+00 -4.968895967975036632e-01
3.859999999999999876e+00 5.000000000000000000e+00 0.000000000000000000e+00
1.158999999999999986e+01 5.000000000000000000e+00 -2.481337580785022201e+00
-1.158999999999999986e+01 1.500000000000000000e+01 -1.236390643389721627e-01
-7.526002970772869283e+00 1.500000000000000000e+01 -4.968895967975036632e-01
3.859999999999999876e+00 1.500000000000000000e+01 0.000000000000000000e+00
1.158999999999999986e+01 1.500000000000000000e+01 -3.962675161570043958e+00
