-1.158999999999999986e+01 -1.500000000000000000e+01 -1.610683127924750879e+00
-9.589999999999999858e+00 -1.500000000000000000e+01 -4.026707819811877198e-01
3.859999999999999876e+00 -1.500000000000000000e+01 0.000000000000000000e+00
1.158999999999999986e+01 -1.500000000000000000e+01 -4.000000000000000000e+00
-1.158999999999999986e+01 -5.000000000000000000e+00 -1.006676954952969272e+00
-9.589999999999999858e+00 -5.000000000000000000e+00 -4.026707819811877198e-01
3.859999999999999876e+00 -5.000000000000000000e+00 0.000000000000000000e+00
1.158999999999999986e+01 -5.000000000000000000e+00 -2.500000000000000000e+00
-1.158999999999999986e+01 5.000000000000000000e+00 -1.006676954952969272e+00
-9.589999999999999858e+00 5.000000000000000000e+00 -2.013353909905938599e-01
3.859999999999999876e+00 5.000000000000000000e+00 0.000000000000000000e+00
1.158999999999999986e+01 5.000000000000000000e+00 -1.000000000000000000e+00
-1.158999999999999986e+01 1.500000000000000000e+01 -1.610683127924750879e+00
-9.589999999999999858e+00 1.500000000000000000e+01 -2.013353909905938599e-01
3.859999999999999876e+00 1.500000000000000000e+01 0.000000000000000000e+00
1.158999999999999986e+01 1.500000000000000000e+01 -1.000000000000000000e+00
