-1.158999999999999986e+01 -1.500000000000000000e+01 -4.208147441407667499e-01
-9.777963919049541985e+00 -1.500000000000000000e+01 0.000000000000000000e+00
3.859999999999999876e+00 -1.500000000000000000e+01 -2.337859689670926389e-02
1.158999999999999986e+01 -1.500000000000000000e+01 -9.438913674478978111e-01
-1.158999999999999986e+01 -5.000000000000000000e+00 -4.208147441407667499e-01
-9.777963919049541985e+00 -5.000000000000000000e+00 0.000000000000000000e+00
3.859999999999999876e+00 -5.000000000000000000e+00 -2.337859689670926389e-02
1.158999999999999986e+01 -5.000000000000000000e+00 -9.438913674478978111e-01
-1.158999999999999986e+01 5.000000000000000000e+00 -3.273003565539296944e-01
-9.777963919049541985e+00 5.000000000000000000e+00 0.000000000000000000e+00
3.859999999999999876e+00 5.000000000000000000e+00 -4.675719379341852777e-02
1.158999999999999986e+01 5.000000000000000000e+00 -2.336349821723035181e+00
-1.158999999999999986e+01 1.500000000000000000e+01 -2.337859689670926389e-01
-9.777963919049541985e+00 1.500000000000000000e+01 0.000000000000000000e+00
3.859999999999999876e+00 1.500000000000000000e+01 -4.675719379341852777e-02
1.158999999999999986e+01 1.500000000000000000e+01 -3.635293888411335494e+00
