-1.158999999999999986e+01 -1.500000000000000000e+01 -3.453064593719754605e+00
-1.099875995239334436e+01 -1.500000000000000000e+01 0.000000000000000000e+00
3.859999999999999876e+00 -1.500000000000000000e+01 -1.752188995514110392e-01
1.158999999999999986e+01 -1.500000000000000000e+01 -2.803502392822576628e-01
-1.158999999999999986e+01 -5.000000000000000000e+00 -3.453064593719754605e+00
-1.099875995239334436e+01 -5.000000000000000000e+00 0.000000000000000000e+00
3.859999999999999876e+00 -5.000000000000000000e+00 -1.752188995514110392e-01
1.158999999999999986e+01 -5.000000000000000000e+00 -2.803502392822576628e-01
-1.158999999999999986e+01 5.000000000000000000e+00 -3.200875598205644046e+00
-1.099875995239334436e+01 5.000000000000000000e+00 0.000000000000000000e+00
3.859999999999999876e+00 5.000000000000000000e+00 -3.504377991028220785e-01
1.158999999999999986e+01 5.000000000000000000e+00 -5.256566986542331454e-01
-1.158999999999999986e+01 1.500000000000000000e+01 -2.948686602691533487e+00
-1.099875995239334436e+01 1.500000000000000000e+01 0.000000000000000000e+00
3.859999999999999876e+00 1.500000000000000000e+01 -3.504377991028220785e-01
1.158999999999999986e+01 1.500000000000000000e+01 -7.008755982056441569e-02
