-1.158999999999999986e+01 -1.500000000000000000e+01 -4.000000000000000000e+00
-1.144853205180333511e+01 -1.500000000000000000e+01 0.000000000000000000e+00
3.859999999999999876e+00 -1.500000000000000000e+01 -3.536698704916590996e-02
1.158999999999999986e+01 -1.500000000000000000e+01 -1.414679481966636398e-01
-1.158999999999999986e+01 -5.000000000000000000e+00 -3.893899038852502326e+00
-1.144853205180333511e+01 -5.000000000000000000e+00 0.000000000000000000e+00
3.859999999999999876e+00 -5.000000000000000000e+00 -3.536698704916590996e-02
1.158999999999999986e+01 -5.000000000000000000e+00 -8.841746762291477491e-02
-1.158999999999999986e+01 5.000000000000000000e+00 -3.787798077705004651e+00
-1.144853205180333511e+01 5.000000000000000000e+00 0.000000000000000000e+00
3.859999999999999876e+00 5.000000000000000000e+00 -1.768349352458295498e-02
1.158999999999999986e+01 5.000000000000000000e+00 -8.841746762291477491e-02
-1.158999999999999986e+01 1.500000000000000000e+01 -3.787798077705004651e+00
-1.144853205180333511e+01 1.500000000000000000e+01 0.000000000000000000e+00
3.859999999999999876e+00 1.500000000000000000e+01 -1.768349352458295498e-02
1.158999999999999986e+01 1.500000000000000000e+01 -1.414679481966636398e-01
