-1.158999999999999986e+01 -1.500000000000000000e+01 -2.733831362557877398e+00
-8.588629727138281211e+00 -1.500000000000000000e+01 0.000000000000000000e+00
3.859999999999999876e+00 -1.500000000000000000e+01 -1.834578406394693217e-01
1.158999999999999986e+01 -1.500000000000000000e+01 -2.935325450231509037e-01
-1.158999999999999986e+01 -5.000000000000000000e+00 -2.733831362557877398e+00
-8.588629727138281211e+00 -5.000000000000000000e+00 0.000000000000000000e+00
3.859999999999999876e+00 -5.000000000000000000e+00 -1.834578406394693217e-01
1.158999999999999986e+01 -5.000000000000000000e+00 -2.935325450231509037e-01
-1.158999999999999986e+01 5.000000000000000000e+00 -3.000000000000000000e+00
-8.588629727138281211e+00 5.000000000000000000e+00 0.000000000000000000e+00
3.859999999999999876e+00 5.000000000000000000e+00 -3.669156812789386435e-01
1.158999999999999986e+01 5.000000000000000000e+00 -5.503735219184079375e-01
-1.158999999999999986e+01 1.500000000000000000e+01 -3.266168637442122602e+00
-8.588629727138281211e+00 1.500000000000000000e+01 0.000000000000000000e+00
3.859999999999999876e+00 1.500000000000000000e+01 -3.669156812789386435e-01
1.158999999999999986e+01 1.500000000000000000e+01 -7.338313625578772592e-02
