-1.158999999999999986e+01 -1.500000000000000000e+01 -1.614901392767402966e+00
-9.999934261844934724e+00 -1.500000000000000000e+01 0.000000000000000000e+00
3.859999999999999876e+00 -1.500000000000000000e+01 -1.987582172693830862e-01
1.158999999999999986e+01 -1.500000000000000000e+01 -3.180131476310129601e-01
-1.158999999999999986e+01 -5.000000000000000000e+00 -1.614901392767402966e+00
-9.999934261844934724e+00 -5.000000000000000000e+00 0.000000000000000000e+00
3.859999999999999876e+00 -5.000000000000000000e+00 -1.987582172693830862e-01
1.158999999999999986e+01 -5.000000000000000000e+00 -3.180131476310129601e-01
-1.158999999999999986e+01 5.000000000000000000e+00 -2.807450696383701594e+00
-9.999934261844934724e+00 5.000000000000000000e+00 0.000000000000000000e+00
3.859999999999999876e+00 5.000000000000000000e+00 -3.975164345387661724e-01
1.158999999999999986e+01 5.000000000000000000e+00 -5.962746518081492031e-01
-1.158999999999999986e+01 1.500000000000000000e+01 -4.000000000000000000e+00
-9.999934261844934724e+00 1.500000000000000000e+01 0.000000000000000000e+00
3.859999999999999876e+00 1.500000000000000000e+01 -3.975164345387661724e-01
1.158999999999999986e+01 1.500000000000000000e+01 -7.950328690775324003e-02
