-1.158999999999999986e+01 -1.500000000000000000e+01 -3.926486901707777477e-01
-9.589999999999999858e+00 -1.500000000000000000e+01 -2.454054313567360923e-01
3.859999999999999876e+00 -1.500000000000000000e+01 0.000000000000000000e+00
1.158999999999999986e+01 -1.500000000000000000e+01 -1.000000000000000000e+00
-1.158999999999999986e+01 -5.000000000000000000e+00 -3.926486901707777477e-01
-9.589999999999999858e+00 -5.000000000000000000e+00 -2.454054313567360923e-01
3.859999999999999876e+00 -5.000000000000000000e+00 0.000000000000000000e+00
1.158999999999999986e+01 -5.000000000000000000e+00 -1.000000000000000000e+00
-1.158999999999999986e+01 5.000000000000000000e+00 -7.362162940702082770e-01
-9.589999999999999858e+00 5.000000000000000000e+00 -4.908108627134721846e-01
3.859999999999999876e+00 5.000000000000000000e+00 0.000000000000000000e+00
1.158999999999999986e+01 5.000000000000000000e+00 -2.500000000000000000e+00
-1.158999999999999986e+01 1.500000000000000000e+01 -9.816217254269443693e-02
-9.589999999999999858e+00 1.500000000000000000e+01 -4.908108627134721846e-01
3.859999999999999876e+00 1.500000000000000000e+01 0.000000000000000000e+00
1.158999999999999986e+01 1.500000000000000000e+01 -4.000000000000000000e+00
