-1.158999999999999986e+01 -1.500000000000000000e+01 -8.677768495946067695e-01
-7.771570448792424202e+00 -1.500000000000000000e+01 -2.175154965559300824e-01
3.859999999999999876e+00 -1.500000000000000000e+01 0.000000000000000000e+00
1.158999999999999986e+01 -1.500000000000000000e+01 -1.740123972447440659e+00
-1.158999999999999986e+01 -5.000000000000000000e+00 -6.728698289301873192e-01
-7.771570448792424202e+00 -5.000000000000000000e+00 -2.175154965559300824e-01
3.859999999999999876e+00 -5.000000000000000000e+00 0.000000000000000000e+00
1.158999999999999986e+01 -5.000000000000000000e+00 -1.740123972447440659e+00
-1.158999999999999986e+01 5.000000000000000000e+00 -7.824845034440699454e-01
-7.771570448792424202e+00 5.000000000000000000e+00 -4.350309931118601647e-01
3.859999999999999876e+00 5.000000000000000000e+00 0.000000000000000000e+00
1.158999999999999986e+01 5.000000000000000000e+00 -2.175154965559300990e+00
-1.158999999999999986e+01 1.500000000000000000e+01 -2.169442123986516924e-01
-7.771570448792424202e+00 1.500000000000000000e+01 -4.350309931118601647e-01
3.859999999999999876e+00 1.500000000000000000e+01 0.000000000000000000e+00
1.158999999999999986e+01 1.500000000000000000e+01 -3.480247944894881318e+00
