-1.158999999999999986e+01 -1.500000000000000000e+01 -1.107656953679174938e+00
-1.071100595194053540e+01 -1.500000000000000000e+01 -3.605713990123711188e-01
3.859999999999999876e+00 -1.500000000000000000e+01 0.000000000000000000e+00
1.158999999999999986e+01 -1.500000000000000000e+01 -4.278857201975258207e+00
-1.158999999999999986e+01 -5.000000000000000000e+00 -7.759427566420618039e-01
-1.071100595194053540e+01 -5.000000000000000000e+00 -3.605713990123711188e-01
3.859999999999999876e+00 -5.000000000000000000e+00 0.000000000000000000e+00
1.158999999999999986e+01 -5.000000000000000000e+00 -3.615428807901031050e+00
-1.158999999999999986e+01 5.000000000000000000e+00 -9.711427980247422376e-01
-1.071100595194053540e+01 5.000000000000000000e+00 -3.894286009876288812e-01
3.859999999999999876e+00 5.000000000000000000e+00 0.000000000000000000e+00
1.158999999999999986e+01 5.000000000000000000e+00 -2.394286009876289256e+00
-1.158999999999999986e+01 1.500000000000000000e+01 -9.403426324940202807e-01
-1.071100595194053540e+01 1.500000000000000000e+01 -3.894286009876288812e-01
3.859999999999999876e+00 1.500000000000000000e+01 0.000000000000000000e+00
1.158999999999999986e+01 1.500000000000000000e+01 -1.836571605925773287e+00
