-1.156622061590110739e+01 -1.500000000000000000e+01 -9.762206159011077578e-01
-9.637558768197783010e+00 -1.500000000000000000e+01 0.000000000000000000e+00
3.859999999999999876e+00 -1.500000000000000000e+01 0.000000000000000000e+00
1.158999999999999986e+01 -1.500000000000000000e+01 -9.511753639556896900e-02
-1.158999999999999986e+01 -5.000000000000000000e+00 -9.762206159011077578e-01
-9.637558768197783010e+00 -5.000000000000000000e+00 0.000000000000000000e+00
3.859999999999999876e+00 -5.000000000000000000e+00 0.000000000000000000e+00
1.158999999999999986e+01 -5.000000000000000000e+00 -9.511753639556896900e-02
-1.161377938409889232e+01 5.000000000000000000e+00 -2.440551539752769283e+00
-9.637558768197783010e+00 5.000000000000000000e+00 0.000000000000000000e+00
3.859999999999999876e+00 5.000000000000000000e+00 0.000000000000000000e+00
1.158999999999999986e+01 5.000000000000000000e+00 -9.511753639556896900e-02
-1.161377938409889232e+01 1.500000000000000000e+01 -3.904882463604431031e+00
-9.637558768197783010e+00 1.500000000000000000e+01 0.000000000000000000e+00
3.859999999999999876e+00 1.500000000000000000e+01 0.000000000000000000e+00
1.158999999999999986e+01 1.500000000000000000e+01 -9.511753639556896900e-02
