-1.224283634800345766e+01 -1.500000000000000000e+01 -2.611345392013828537e+00
-1.089567269600691546e+01 -1.500000000000000000e+01 0.000000000000000000e+00
3.859999999999999876e+00 -1.500000000000000000e+01 0.000000000000000000e+00
1.158999999999999986e+01 -1.500000000000000000e+01 -1.388654607986171463e+00
-1.224283634800345766e+01 -5.000000000000000000e+00 -2.611345392013828537e+00
-1.089567269600691546e+01 -5.000000000000000000e+00 0.000000000000000000e+00
3.859999999999999876e+00 -5.000000000000000000e+00 0.000000000000000000e+00
1.158999999999999986e+01 -5.000000000000000000e+00 -8.679091299913571644e-01
-1.224283634800345766e+01 5.000000000000000000e+00 -2.611345392013828537e+00
-1.089567269600691546e+01 5.000000000000000000e+00 0.000000000000000000e+00
3.859999999999999876e+00 5.000000000000000000e+00 0.000000000000000000e+00
1.158999999999999986e+01 5.000000000000000000e+00 -3.471636519965428658e-01
-1.224283634800345766e+01 1.500000000000000000e+01 -2.611345392013828537e+00
-1.089567269600691546e+01 1.500000000000000000e+01 0.000000000000000000e+00
3.859999999999999876e+00 1.500000000000000000e+01 0.000000000000000000e+00
1.158999999999999986e+01 1.500000000000000000e+01 -3.471636519965428658e-01
