-1.158999999999999986e+01 -1.500000000000000000e+01 -2.586485764084348604e-01
-8.945318306223754234e+00 -1.500000000000000000e+01 -1.616553602552717739e-01
3.859999999999999876e+00 -1.500000000000000000e+01 0.000000000000000000e+00
1.158999999999999986e+01 -1.500000000000000000e+01 -3.353378558978913127e+00
-1.158999999999999986e+01 -5.000000000000000000e+00 -2.586485764084348604e-01
-8.945318306223754234e+00 -5.000000000000000000e+00 -1.616553602552717739e-01
3.859999999999999876e+00 -5.000000000000000000e+00 0.000000000000000000e+00
1.158999999999999986e+01 -5.000000000000000000e+00 -3.353378558978913127e+00
-1.158999999999999986e+01 5.000000000000000000e+00 -4.849660807658153217e-01
-8.945318306223754234e+00 5.000000000000000000e+00 -3.233107205105435478e-01
3.859999999999999876e+00 5.000000000000000000e+00 0.000000000000000000e+00
1.158999999999999986e+01 5.000000000000000000e+00 -3.353378558978913127e+00
-1.158999999999999986e+01 1.500000000000000000e+01 -6.466214410210871510e-02
-8.945318306223754234e+00 1.500000000000000000e+01 -3.233107205105435478e-01
3.859999999999999876e+00 1.500000000000000000e+01 0.000000000000000000e+00
1.158999999999999986e+01 1.500000000000000000e+01 -3.353378558978913127e+00
