-1.158999999999999986e+01 -1.500000000000000000e+01 -2.549828435921596359e+00
-8.113733899026890128e+00 -1.500000000000000000e+01 0.000000000000000000e+00
3.860000000000000320e+00 -1.500000000000000000e+01 -2.124857029934663633e-01
1.158999999999999986e+01 -1.500000000000000000e+01 -9.402058768940844136e-01
-1.158999999999999986e+01 -5.000000000000000000e+00 -2.549828435921596359e+00
-8.113733899026890128e+00 -5.000000000000000000e+00 0.000000000000000000e+00
3.860000000000000320e+00 -5.000000000000000000e+00 -2.124857029934663633e-01
1.158999999999999986e+01 -5.000000000000000000e+00 -9.402058768940844136e-01
-1.158999999999999986e+01 5.000000000000000000e+00 -2.549828435921596359e+00
-8.113733899026890128e+00 5.000000000000000000e+00 0.000000000000000000e+00
3.860000000000000320e+00 5.000000000000000000e+00 -4.249714059869327265e-01
1.158999999999999986e+01 5.000000000000000000e+00 -1.237685861084937278e+00
-1.158999999999999986e+01 1.500000000000000000e+01 -2.549828435921596359e+00
-8.113733899026890128e+00 1.500000000000000000e+01 0.000000000000000000e+00
3.860000000000000320e+00 1.500000000000000000e+01 -4.249714059869327265e-01
1.158999999999999986e+01 1.500000000000000000e+01 -6.852230333019246888e-01
