-1.158999999999999986e+01 -1.500000000000000000e+01 -1.126915863361970027e+00
-8.412372922786740759e+00 -1.500000000000000000e+01 0.000000000000000000e+00
3.859999999999999432e+00 -1.500000000000000000e+01 -1.408644829202462534e-01
1.158999999999999986e+01 -1.500000000000000000e+01 -6.619252409914090363e-01
-1.158999999999999986e+01 -5.000000000000000000e+00 -1.126915863361970027e+00
-8.412372922786740759e+00 -5.000000000000000000e+00 0.000000000000000000e+00
3.859999999999999432e+00 -5.000000000000000000e+00 -1.408644829202462534e-01
1.158999999999999986e+01 -5.000000000000000000e+00 -6.619252409914090363e-01
-1.158999999999999986e+01 5.000000000000000000e+00 -1.408644829202462478e+00
-8.412372922786740759e+00 5.000000000000000000e+00 0.000000000000000000e+00
3.859999999999999432e+00 5.000000000000000000e+00 -2.817289658404925068e-01
1.158999999999999986e+01 5.000000000000000000e+00 -1.513948619558276310e+00
-1.158999999999999986e+01 1.500000000000000000e+01 -2.253831726723940054e+00
-8.412372922786740759e+00 1.500000000000000000e+01 0.000000000000000000e+00
3.859999999999999432e+00 1.500000000000000000e+01 -2.817289658404925068e-01
1.158999999999999986e+01 1.500000000000000000e+01 -1.802514066444158347e+00
