-1.158999999999999986e+01 -1.500000000000000000e+01 -2.752888361839202158e+00
-1.089716020102178007e+01 -1.500000000000000000e+01 -8.660497487227764024e-02
3.859999999999999876e+00 -1.500000000000000000e+01 0.000000000000000000e+00
1.158999999999999986e+01 -1.500000000000000000e+01 -3.464198994891105610e-01
-1.158999999999999986e+01 -5.000000000000000000e+00 -2.752888361839202158e+00
-1.089716020102178007e+01 -5.000000000000000000e+00 -8.660497487227764024e-02
3.859999999999999876e+00 -5.000000000000000000e+00 0.000000000000000000e+00
1.158999999999999986e+01 -5.000000000000000000e+00 -3.464198994891105610e-01
-1.158999999999999986e+01 5.000000000000000000e+00 -2.874135326660390621e+00
-1.089716020102178007e+01 5.000000000000000000e+00 -1.732099497445552805e-01
3.859999999999999876e+00 5.000000000000000000e+00 0.000000000000000000e+00
1.158999999999999986e+01 5.000000000000000000e+00 -8.660497487227764024e-01
-1.158999999999999986e+01 1.500000000000000000e+01 -2.648962391992468746e+00
-1.089716020102178007e+01 1.500000000000000000e+01 -1.732099497445552805e-01
3.859999999999999876e+00 1.500000000000000000e+01 0.000000000000000000e+00
1.158999999999999986e+01 1.500000000000000000e+01 -1.385679597956442244e+00
