-1.158999999999999986e+01 -1.500000000000000000e+01 -5.371717377597491350e-01
-1.132141413112012529e+01 -1.500000000000000000e+01 0.000000000000000000e+00
3.859999999999999432e+00 -1.500000000000000000e+01 -6.714646721996864187e-02
1.158999999999999986e+01 -1.500000000000000000e+01 -3.731414131120125433e+00
-1.158999999999999986e+01 -5.000000000000000000e+00 -3.357323360998432094e-01
-1.132141413112012529e+01 -5.000000000000000000e+00 0.000000000000000000e+00
3.859999999999999432e+00 -5.000000000000000000e+00 -6.714646721996864187e-02
1.158999999999999986e+01 -5.000000000000000000e+00 -3.630694430290172470e+00
-1.158999999999999986e+01 5.000000000000000000e+00 -1.342929344399372837e-01
-1.132141413112012529e+01 5.000000000000000000e+00 0.000000000000000000e+00
3.859999999999999432e+00 5.000000000000000000e+00 -3.357323360998432094e-02
1.158999999999999986e+01 5.000000000000000000e+00 -3.630694430290172470e+00
-1.158999999999999986e+01 1.500000000000000000e+01 -1.342929344399372837e-01
-1.132141413112012529e+01 1.500000000000000000e+01 0.000000000000000000e+00
3.859999999999999432e+00 1.500000000000000000e+01 -3.357323360998432094e-02
1.158999999999999986e+01 1.500000000000000000e+01 -3.731414131120125433e+00
