-1.195785734402116240e+01 -1.500000000000000000e+01 -4.000000000000000000e+00
-1.032571468804232495e+01 -1.500000000000000000e+01 0.000000000000000000e+00
3.860000000000000320e+00 -1.500000000000000000e+01 0.000000000000000000e+00
1.158999999999999986e+01 -1.500000000000000000e+01 0.000000000000000000e+00
-1.195785734402116240e+01 -5.000000000000000000e+00 -3.051786016031743820e+00
-1.032571468804232495e+01 -5.000000000000000000e+00 0.000000000000000000e+00
3.860000000000000320e+00 -5.000000000000000000e+00 0.000000000000000000e+00
1.158999999999999986e+01 -5.000000000000000000e+00 0.000000000000000000e+00
-1.195785734402116240e+01 5.000000000000000000e+00 -2.103572032063487196e+00
-1.032571468804232495e+01 5.000000000000000000e+00 0.000000000000000000e+00
3.860000000000000320e+00 5.000000000000000000e+00 0.000000000000000000e+00
1.158999999999999986e+01 5.000000000000000000e+00 0.000000000000000000e+00
-1.195785734402116240e+01 1.500000000000000000e+01 -2.103572032063487196e+00
-1.032571468804232495e+01 1.500000000000000000e+01 0.000000000000000000e+00
3.860000000000000320e+00 1.500000000000000000e+01 0.000000000000000000e+00
1.158999999999999986e+01 1.500000000000000000e+01 0.000000000000000000e+00
