-1.158999999999999986e+01 -1.500000000000000000e+01 -5.594924589605561049e-01
-1.151095004374702135e+01 -1.500000000000000000e+01 -2.389241347944058291e-01
3.859999999999999876e+00 -1.500000000000000000e+01 -2.215173041118834174e-02
1.158999999999999986e+01 -1.500000000000000000e+01 -4.389241347944057736e+00
-1.158999999999999986e+01 -5.000000000000000000e+00 -4.930372677269910797e-01
-1.151095004374702135e+01 -5.000000000000000000e+00 -2.389241347944058291e-01
3.859999999999999876e+00 -5.000000000000000000e+00 -2.215173041118834174e-02
1.158999999999999986e+01 -5.000000000000000000e+00 -4.356013752327275945e+00
-1.158999999999999986e+01 5.000000000000000000e+00 -7.610758652055942264e-01
-1.151095004374702135e+01 5.000000000000000000e+00 -4.778482695888116583e-01
3.859999999999999876e+00 5.000000000000000000e+00 -1.107586520559417087e-02
1.158999999999999986e+01 5.000000000000000000e+00 -3.400317213149652407e+00
-1.158999999999999986e+01 1.500000000000000000e+01 -1.398731147401390262e-01
-1.151095004374702135e+01 1.500000000000000000e+01 -4.778482695888116583e-01
3.859999999999999876e+00 1.500000000000000000e+01 -1.107586520559417087e-02
1.158999999999999986e+01 1.500000000000000000e+01 -2.477848269588811547e+00
