-1.158999999999999986e+01 -1.500000000000000000e+01 -8.654449792983773815e-01
-9.589999999999999858e+00 -1.500000000000000000e+01 -3.227257780153715006e-01
3.859999999999999876e+00 -1.500000000000000000e+01 0.000000000000000000e+00
1.158999999999999986e+01 -1.500000000000000000e+01 -1.872709336184457563e+00
-1.158999999999999986e+01 -5.000000000000000000e+00 -6.472676452522629909e-01
-9.589999999999999858e+00 -5.000000000000000000e+00 -3.227257780153715006e-01
3.859999999999999876e+00 -5.000000000000000000e+00 0.000000000000000000e+00
1.158999999999999986e+01 -5.000000000000000000e+00 -1.436354668092228781e+00
-1.158999999999999986e+01 5.000000000000000000e+00 -8.954515560307430011e-01
-9.589999999999999858e+00 5.000000000000000000e+00 -4.272742219846284994e-01
3.859999999999999876e+00 5.000000000000000000e+00 0.000000000000000000e+00
1.158999999999999986e+01 5.000000000000000000e+00 -2.063645331907771219e+00
-1.158999999999999986e+01 1.500000000000000000e+01 -6.527159129168231821e-01
-9.589999999999999858e+00 1.500000000000000000e+01 -4.272742219846284994e-01
3.859999999999999876e+00 1.500000000000000000e+01 0.000000000000000000e+00
1.158999999999999986e+01 1.500000000000000000e+01 -3.127290663815542437e+00
