-1.158999999999999986e+01 -1.500000000000000000e+01 -2.311893533578401438e+00
-1.159513754118573026e+01 -1.500000000000000000e+01 0.000000000000000000e+00
3.859999999999999876e+00 -1.500000000000000000e+01 -1.284385296432445367e-01
1.158999999999999986e+01 -1.500000000000000000e+01 -2.150485173137278494e+00
-1.158999999999999986e+01 -5.000000000000000000e+00 -2.311893533578401438e+00
-1.159513754118573026e+01 -5.000000000000000000e+00 0.000000000000000000e+00
3.859999999999999876e+00 -5.000000000000000000e+00 -1.284385296432445367e-01
1.158999999999999986e+01 -5.000000000000000000e+00 -2.150485173137278494e+00
-1.158999999999999986e+01 5.000000000000000000e+00 -1.798139415005423514e+00
-1.159513754118573026e+01 5.000000000000000000e+00 0.000000000000000000e+00
3.859999999999999876e+00 5.000000000000000000e+00 -2.568770592864890734e-01
1.158999999999999986e+01 5.000000000000000000e+00 -2.330299114637821134e+00
-1.158999999999999986e+01 1.500000000000000000e+01 -1.284385296432445367e+00
-1.159513754118573026e+01 1.500000000000000000e+01 0.000000000000000000e+00
3.859999999999999876e+00 1.500000000000000000e+01 -2.568770592864890734e-01
1.158999999999999986e+01 1.500000000000000000e+01 -1.996358937565385183e+00
