-1.158999999999999986e+01 -1.500000000000000000e+01 -2.323879131489192229e+00
-1.159465589130141794e+01 -1.500000000000000000e+01 -1.163972825354727680e-01
3.859999999999999432e+00 -1.500000000000000000e+01 0.000000000000000000e+00
1.158999999999999986e+01 -1.500000000000000000e+01 -2.095151085638510047e+00
-1.158999999999999986e+01 -5.000000000000000000e+00 -2.323879131489192229e+00
-1.159465589130141794e+01 -5.000000000000000000e+00 -1.163972825354727680e-01
3.859999999999999432e+00 -5.000000000000000000e+00 0.000000000000000000e+00
1.158999999999999986e+01 -5.000000000000000000e+00 -2.095151085638510047e+00
-1.158999999999999986e+01 5.000000000000000000e+00 -2.486835327038853904e+00
-1.159465589130141794e+01 5.000000000000000000e+00 -2.327945650709455361e-01
3.859999999999999432e+00 5.000000000000000000e+00 0.000000000000000000e+00
1.158999999999999986e+01 5.000000000000000000e+00 -1.629561955496618753e+00
-1.158999999999999986e+01 1.500000000000000000e+01 -2.184202392446624952e+00
-1.159465589130141794e+01 1.500000000000000000e+01 -2.327945650709455361e-01
3.859999999999999432e+00 1.500000000000000000e+01 0.000000000000000000e+00
1.158999999999999986e+01 1.500000000000000000e+01 -1.163972825354727680e+00
