-1.158999999999999986e+01 -1.500000000000000000e+01 -4.288950900468329053e+00
-1.043997541613605051e+01 -1.500000000000000000e+01 0.000000000000000000e+00
3.859999999999999876e+00 -1.500000000000000000e+01 -1.444754502341644431e-01
1.158999999999999986e+01 -1.500000000000000000e+01 -2.311607203746631201e-01
-1.158999999999999986e+01 -5.000000000000000000e+00 -4.288950900468329053e+00
-1.043997541613605051e+01 -5.000000000000000000e+00 0.000000000000000000e+00
3.859999999999999876e+00 -5.000000000000000000e+00 -1.444754502341644431e-01
1.158999999999999986e+01 -5.000000000000000000e+00 -2.311607203746631201e-01
-1.158999999999999986e+01 5.000000000000000000e+00 -3.711049099531670947e+00
-1.043997541613605051e+01 5.000000000000000000e+00 0.000000000000000000e+00
3.859999999999999876e+00 5.000000000000000000e+00 -2.889509004683288862e-01
1.158999999999999986e+01 5.000000000000000000e+00 -4.334263507024933570e-01
-1.158999999999999986e+01 1.500000000000000000e+01 -3.133147298595013286e+00
-1.043997541613605051e+01 1.500000000000000000e+01 0.000000000000000000e+00
3.859999999999999876e+00 1.500000000000000000e+01 -2.889509004683288862e-01
1.158999999999999986e+01 1.500000000000000000e+01 -5.779018009366578001e-02
