-1.158999999999999986e+01 -1.500000000000000000e+01 -4.000000000000000222e-01
-9.595470612858257198e+00 -1.500000000000000000e+01 -2.500000000000000000e-01
3.859999999999999432e+00 -1.500000000000000000e+01 0.000000000000000000e+00
1.158999999999999986e+01 -1.500000000000000000e+01 -2.914714500389851359e+00
-1.158999999999999986e+01 -5.000000000000000000e+00 -4.000000000000000222e-01
-9.595470612858257198e+00 -5.000000000000000000e+00 -2.500000000000000000e-01
3.859999999999999432e+00 -5.000000000000000000e+00 0.000000000000000000e+00
1.158999999999999986e+01 -5.000000000000000000e+00 -2.914714500389851359e+00
-1.158999999999999986e+01 5.000000000000000000e+00 -7.500000000000000000e-01
-9.595470612858257198e+00 5.000000000000000000e+00 -5.000000000000000000e-01
3.859999999999999432e+00 5.000000000000000000e+00 0.000000000000000000e+00
1.158999999999999986e+01 5.000000000000000000e+00 -3.047061285825671817e+00
-1.158999999999999986e+01 1.500000000000000000e+01 -1.000000000000000056e-01
-9.595470612858257198e+00 1.500000000000000000e+01 -5.000000000000000000e-01
3.859999999999999432e+00 1.500000000000000000e+01 0.000000000000000000e+00
1.158999999999999986e+01 1.500000000000000000e+01 -3.179408071261492275e+00
