-1.158999999999999986e+01 -1.500000000000000000e+01 -1.766012500034053412e+00
-1.099186945321204867e+01 -1.500000000000000000e+01 -3.656054686967916134e-02
3.859999999999999876e+00 -1.500000000000000000e+01 0.000000000000000000e+00
1.158999999999999986e+01 -1.500000000000000000e+01 -3.853757812521283466e+00
-1.158999999999999986e+01 -5.000000000000000000e+00 -1.766012500034053412e+00
-1.099186945321204867e+01 -5.000000000000000000e+00 -3.656054686967916134e-02
3.859999999999999876e+00 -5.000000000000000000e+00 0.000000000000000000e+00
1.158999999999999986e+01 -5.000000000000000000e+00 -3.853757812521283466e+00
-1.158999999999999986e+01 5.000000000000000000e+00 -1.817197265651604221e+00
-1.099186945321204867e+01 5.000000000000000000e+00 -7.312109373935832268e-02
3.859999999999999876e+00 5.000000000000000000e+00 0.000000000000000000e+00
1.158999999999999986e+01 5.000000000000000000e+00 -3.853757812521283466e+00
-1.158999999999999986e+01 1.500000000000000000e+01 -1.722139843790438274e+00
-1.099186945321204867e+01 1.500000000000000000e+01 -7.312109373935832268e-02
3.859999999999999876e+00 1.500000000000000000e+01 0.000000000000000000e+00
1.158999999999999986e+01 1.500000000000000000e+01 -3.853757812521283466e+00
