-1.158999999999999986e+01 -1.500000000000000000e+01 -3.322940817727696228e+00
-8.174946309050884707e+00 -1.500000000000000000e+01 0.000000000000000000e+00
3.859999999999999432e+00 -1.500000000000000000e+01 -1.692647955680759986e-01
1.158999999999999986e+01 -1.500000000000000000e+01 -2.708236729089216199e-01
-1.158999999999999986e+01 -5.000000000000000000e+00 -2.838529591136152330e+00
-8.174946309050884707e+00 -5.000000000000000000e+00 0.000000000000000000e+00
3.859999999999999432e+00 -5.000000000000000000e+00 -1.692647955680759986e-01
1.158999999999999986e+01 -5.000000000000000000e+00 -2.708236729089216199e-01
-1.158999999999999986e+01 5.000000000000000000e+00 -2.354118364544608433e+00
-8.174946309050884707e+00 5.000000000000000000e+00 0.000000000000000000e+00
3.859999999999999432e+00 5.000000000000000000e+00 -3.385295911361519972e-01
1.158999999999999986e+01 5.000000000000000000e+00 -5.077943867042280512e-01
-1.158999999999999986e+01 1.500000000000000000e+01 -2.354118364544608433e+00
-8.174946309050884707e+00 1.500000000000000000e+01 0.000000000000000000e+00
3.859999999999999432e+00 1.500000000000000000e+01 -3.385295911361519972e-01
1.158999999999999986e+01 1.500000000000000000e+01 -6.770591822723040498e-02
