-1.158999999999999986e+01 -1.500000000000000000e+01 -4.520307644108936262e-01
-9.117627851190615473e+00 -1.500000000000000000e+01 0.000000000000000000e+00
3.860000000000000320e+00 -1.500000000000000000e+01 -5.650384555136170328e-02
1.158999999999999986e+01 -1.500000000000000000e+01 -8.643907706767319787e-01
-1.158999999999999986e+01 -5.000000000000000000e+00 -4.520307644108936262e-01
-9.117627851190615473e+00 -5.000000000000000000e+00 0.000000000000000000e+00
3.860000000000000320e+00 -5.000000000000000000e+00 -5.650384555136170328e-02
1.158999999999999986e+01 -5.000000000000000000e+00 -8.643907706767319787e-01
-1.158999999999999986e+01 5.000000000000000000e+00 -5.650384555136169773e-01
-9.117627851190615473e+00 5.000000000000000000e+00 0.000000000000000000e+00
3.860000000000000320e+00 5.000000000000000000e+00 -1.130076911027234066e-01
1.158999999999999986e+01 5.000000000000000000e+00 -2.104473081140468160e+00
-1.158999999999999986e+01 1.500000000000000000e+01 -9.040615288217872525e-01
-9.117627851190615473e+00 1.500000000000000000e+01 0.000000000000000000e+00
3.860000000000000320e+00 1.500000000000000000e+01 -1.130076911027234066e-01
1.158999999999999986e+01 1.500000000000000000e+01 -3.118540009398757640e+00
