-1.158999999999999986e+01 -1.500000000000000000e+01 -3.788909302850053118e-01
-7.610294889260847739e+00 -1.500000000000000000e+01 -2.368068314281283060e-01
3.859999999999999876e+00 -1.500000000000000000e+01 0.000000000000000000e+00
1.158999999999999986e+01 -1.500000000000000000e+01 -1.947227325712513224e+00
-1.158999999999999986e+01 -5.000000000000000000e+00 -3.788909302850053118e-01
-7.610294889260847739e+00 -5.000000000000000000e+00 -2.368068314281283060e-01
3.859999999999999876e+00 -5.000000000000000000e+00 0.000000000000000000e+00
1.158999999999999986e+01 -5.000000000000000000e+00 -1.947227325712513224e+00
-1.158999999999999986e+01 5.000000000000000000e+00 -7.104204942843849180e-01
-7.610294889260847739e+00 5.000000000000000000e+00 -4.736136628562566120e-01
3.859999999999999876e+00 5.000000000000000000e+00 0.000000000000000000e+00
1.158999999999999986e+01 5.000000000000000000e+00 -2.500000000000000000e+00
-1.158999999999999986e+01 1.500000000000000000e+01 -9.472273257125132795e-02
-7.610294889260847739e+00 1.500000000000000000e+01 -4.736136628562566120e-01
3.859999999999999876e+00 1.500000000000000000e+01 0.000000000000000000e+00
1.158999999999999986e+01 1.500000000000000000e+01 -4.000000000000000000e+00
