-1.158999999999999986e+01 -1.500000000000000000e+01 -3.063312568565425664e+00
-8.611161634150869659e+00 -1.500000000000000000e+01 0.000000000000000000e+00
3.859999999999999432e+00 -1.500000000000000000e+01 -3.829140710706782080e-01
1.158999999999999986e+01 -1.500000000000000000e+01 -1.250650054852340265e+00
-1.158999999999999986e+01 -5.000000000000000000e+00 -2.265828142141356416e+00
-8.611161634150869659e+00 -5.000000000000000000e+00 0.000000000000000000e+00
3.859999999999999432e+00 -5.000000000000000000e+00 -3.829140710706782080e-01
1.158999999999999986e+01 -5.000000000000000000e+00 -8.519078416403058629e-01
-1.158999999999999986e+01 5.000000000000000000e+00 -1.702515573575930752e+00
-8.611161634150869659e+00 5.000000000000000000e+00 0.000000000000000000e+00
3.859999999999999432e+00 5.000000000000000000e+00 -3.670859289293217920e-01
1.158999999999999986e+01 5.000000000000000000e+00 -1.015828142141356416e+00
-1.158999999999999986e+01 1.500000000000000000e+01 -2.405031147151861948e+00
-8.611161634150869659e+00 1.500000000000000000e+01 0.000000000000000000e+00
3.859999999999999432e+00 1.500000000000000000e+01 -3.670859289293217920e-01
1.158999999999999986e+01 1.500000000000000000e+01 -1.110146940137154203e+00
