-1.158999999999999986e+01 -1.500000000000000000e+01 -5.256970741026052441e-01
-8.491293115125555957e+00 -1.500000000000000000e+01 0.000000000000000000e+00
3.859999999999999876e+00 -1.500000000000000000e+01 -1.314242685256513110e-01
1.158999999999999986e+01 -1.500000000000000000e+01 -2.107490533230621299e+00
-1.158999999999999986e+01 -5.000000000000000000e+00 -5.256970741026052441e-01
-8.491293115125555957e+00 -5.000000000000000000e+00 0.000000000000000000e+00
3.859999999999999876e+00 -5.000000000000000000e+00 -1.314242685256513110e-01
1.158999999999999986e+01 -5.000000000000000000e+00 -1.396036144384529054e+00
-1.158999999999999986e+01 5.000000000000000000e+00 -1.314242685256512999e+00
-8.491293115125555957e+00 5.000000000000000000e+00 0.000000000000000000e+00
3.859999999999999876e+00 5.000000000000000000e+00 -2.628485370513026220e-01
1.158999999999999986e+01 5.000000000000000000e+00 -8.685757314743487445e-01
-1.158999999999999986e+01 1.500000000000000000e+01 -2.102788296410420976e+00
-8.491293115125555957e+00 1.500000000000000000e+01 0.000000000000000000e+00
3.859999999999999876e+00 1.500000000000000000e+01 -2.628485370513026220e-01
1.158999999999999986e+01 1.500000000000000000e+01 -5.268726333076553248e-01
