-1.158999999999999986e+01 -1.500000000000000000e+01 -4.203151544090133029e+00
-1.078145685452127012e+01 -1.500000000000000000e+01 0.000000000000000000e+00
3.859999999999999876e+00 -1.500000000000000000e+01 -1.015757720450666257e-01
1.158999999999999986e+01 -1.500000000000000000e+01 -1.625212352721066011e-01
-1.158999999999999986e+01 -5.000000000000000000e+00 -4.203151544090133029e+00
-1.078145685452127012e+01 -5.000000000000000000e+00 0.000000000000000000e+00
3.859999999999999876e+00 -5.000000000000000000e+00 -1.015757720450666257e-01
1.158999999999999986e+01 -5.000000000000000000e+00 -1.625212352721066011e-01
-1.158999999999999986e+01 5.000000000000000000e+00 -3.796848455909866971e+00
-1.078145685452127012e+01 5.000000000000000000e+00 0.000000000000000000e+00
3.859999999999999876e+00 5.000000000000000000e+00 -2.031515440901332514e-01
1.158999999999999986e+01 5.000000000000000000e+00 -3.047273161351998771e-01
-1.158999999999999986e+01 1.500000000000000000e+01 -3.390545367729600024e+00
-1.078145685452127012e+01 1.500000000000000000e+01 0.000000000000000000e+00
3.859999999999999876e+00 1.500000000000000000e+01 -2.031515440901332514e-01
1.158999999999999986e+01 1.500000000000000000e+01 -4.063030881802665029e-02
