-1.158999999999999986e+01 -1.500000000000000000e+01 -1.780051097676156768e+00
-8.880051097676156857e+00 -1.500000000000000000e+01 -1.658505428246245805e-01
3.859999999999999876e+00 -1.500000000000000000e+01 -8.414945717537541947e-02
1.158999999999999986e+01 -1.500000000000000000e+01 -2.124845645376095771e+00
-1.158999999999999986e+01 -5.000000000000000000e+00 -1.780051097676156768e+00
-8.880051097676156857e+00 -5.000000000000000000e+00 -1.658505428246245805e-01
3.859999999999999876e+00 -5.000000000000000000e+00 -8.414945717537541947e-02
1.158999999999999986e+01 -5.000000000000000000e+00 -2.124845645376095771e+00
-1.158999999999999986e+01 5.000000000000000000e+00 -1.675644028929129670e+00
-8.880051097676156857e+00 5.000000000000000000e+00 -3.317010856492491611e-01
3.859999999999999876e+00 5.000000000000000000e+00 -1.682989143507508389e-01
1.158999999999999986e+01 5.000000000000000000e+00 -2.242654885421621280e+00
-1.158999999999999986e+01 1.500000000000000000e+01 -9.078347888836040269e-01
-8.880051097676156857e+00 1.500000000000000000e+01 -3.317010856492491611e-01
3.859999999999999876e+00 1.500000000000000000e+01 -1.682989143507508389e-01
1.158999999999999986e+01 1.500000000000000000e+01 -2.023866296765645334e+00
