-1.086826653609290894e+01 -1.500000000000000000e+01 -8.347996082787279004e-01
-1.045188986738000025e+01 -1.500000000000000000e+01 0.000000000000000000e+00
3.859999999999999432e+00 -1.500000000000000000e+01 -6.956663402322732503e-02
1.158999999999999986e+01 -1.500000000000000000e+01 -2.998240470065526520e+00
-1.158999999999999986e+01 -5.000000000000000000e+00 -8.347996082787279004e-01
-1.045188986738000025e+01 -5.000000000000000000e+00 0.000000000000000000e+00
3.859999999999999432e+00 -5.000000000000000000e+00 -6.956663402322732503e-02
1.158999999999999986e+01 -5.000000000000000000e+00 -2.998240470065526520e+00
-1.231173346390709078e+01 5.000000000000000000e+00 -8.347996082787279004e-01
-1.045188986738000025e+01 5.000000000000000000e+00 0.000000000000000000e+00
3.859999999999999432e+00 5.000000000000000000e+00 -1.391332680464546501e-01
1.158999999999999986e+01 5.000000000000000000e+00 -3.095633757698044608e+00
-1.231173346390709078e+01 1.500000000000000000e+01 -8.347996082787279004e-01
-1.045188986738000025e+01 1.500000000000000000e+01 0.000000000000000000e+00
3.859999999999999432e+00 1.500000000000000000e+01 -1.391332680464546501e-01
1.158999999999999986e+01 1.500000000000000000e+01 -2.914760509237653618e+00
