-1.158999999999999986e+01 -1.500000000000000000e+01 -3.243086801233306282e+00
-1.055807500568140789e+01 -1.500000000000000000e+01 0.000000000000000000e+00
3.859999999999999876e+00 -1.500000000000000000e+01 -6.307609989722445798e-02
1.158999999999999986e+01 -1.500000000000000000e+01 -1.009217598355591355e-01
-1.158999999999999986e+01 -5.000000000000000000e+00 -3.243086801233306282e+00
-1.055807500568140789e+01 -5.000000000000000000e+00 0.000000000000000000e+00
3.859999999999999876e+00 -5.000000000000000000e+00 -6.307609989722445798e-02
1.158999999999999986e+01 -5.000000000000000000e+00 -1.009217598355591355e-01
-1.158999999999999986e+01 5.000000000000000000e+00 -3.621543400616653141e+00
-1.055807500568140789e+01 5.000000000000000000e+00 0.000000000000000000e+00
3.859999999999999876e+00 5.000000000000000000e+00 -1.261521997944489160e-01
1.158999999999999986e+01 5.000000000000000000e+00 -1.892282996916733739e-01
-1.158999999999999986e+01 1.500000000000000000e+01 -4.000000000000000000e+00
-1.055807500568140789e+01 1.500000000000000000e+01 0.000000000000000000e+00
3.859999999999999876e+00 1.500000000000000000e+01 -1.261521997944489160e-01
1.158999999999999986e+01 1.500000000000000000e+01 -2.523043995888978389e-02
