-1.158999999999999986e+01 -1.500000000000000000e+01 -1.382736976391969907e+00
-9.589999999999999858e+00 -1.500000000000000000e+01 0.000000000000000000e+00
3.859999999999999876e+00 -1.500000000000000000e+01 -1.728421220489962384e-01
1.158999999999999986e+01 -1.500000000000000000e+01 -1.345684244097992366e+00
-1.158999999999999986e+01 -5.000000000000000000e+00 -8.642106102449811367e-01
-9.589999999999999858e+00 -5.000000000000000000e+00 0.000000000000000000e+00
3.859999999999999876e+00 -5.000000000000000000e+00 -1.728421220489962384e-01
1.158999999999999986e+01 -5.000000000000000000e+00 -1.086421061024497980e+00
-1.158999999999999986e+01 5.000000000000000000e+00 -3.456842440979924769e-01
-9.589999999999999858e+00 5.000000000000000000e+00 0.000000000000000000e+00
3.859999999999999876e+00 5.000000000000000000e+00 -8.642106102449811922e-02
1.158999999999999986e+01 5.000000000000000000e+00 -2.067894694877509210e+00
-1.158999999999999986e+01 1.500000000000000000e+01 -3.456842440979924769e-01
-9.589999999999999858e+00 1.500000000000000000e+01 0.000000000000000000e+00
3.859999999999999876e+00 1.500000000000000000e+01 -8.642106102449811922e-02
1.158999999999999986e+01 1.500000000000000000e+01 -3.308631511804015268e+00
