-1.158999999999999986e+01 -1.500000000000000000e+01 -2.103165148902128134e+00
-1.043081226775713688e+01 -1.500000000000000000e+01 -1.461484665303580399e-01
3.860000000000000320e+00 -1.500000000000000000e+01 -1.038515334696419601e-01
1.158999999999999986e+01 -1.500000000000000000e+01 -2.796834851097871777e+00
-1.158999999999999986e+01 -5.000000000000000000e+00 -2.103165148902128134e+00
-1.043081226775713688e+01 -5.000000000000000000e+00 -1.461484665303580399e-01
3.860000000000000320e+00 -5.000000000000000000e+00 -1.038515334696419601e-01
1.158999999999999986e+01 -5.000000000000000000e+00 -2.796834851097871777e+00
-1.158999999999999986e+01 5.000000000000000000e+00 -1.892366868166061700e+00
-1.043081226775713688e+01 5.000000000000000000e+00 -2.922969330607160798e-01
3.860000000000000320e+00 5.000000000000000000e+00 -2.077030669392839202e-01
1.158999999999999986e+01 5.000000000000000000e+00 -2.357633131833938300e+00
-1.158999999999999986e+01 1.500000000000000000e+01 -1.096974721308562772e+00
-1.043081226775713688e+01 1.500000000000000000e+01 -2.922969330607160798e-01
3.860000000000000320e+00 1.500000000000000000e+01 -2.077030669392839202e-01
1.158999999999999986e+01 1.500000000000000000e+01 -1.503025278691437316e+00
