-1.158999999999999986e+01 -1.500000000000000000e+01 -4.000000000000000222e-01
-8.888396617465078364e+00 -1.500000000000000000e+01 -2.500000000000000000e-01
3.859999999999999432e+00 -1.500000000000000000e+01 0.000000000000000000e+00
1.158999999999999986e+01 -1.500000000000000000e+01 -3.507949981999418654e+00
-1.158999999999999986e+01 -5.000000000000000000e+00 -4.000000000000000222e-01
-8.888396617465078364e+00 -5.000000000000000000e+00 -2.500000000000000000e-01
3.859999999999999432e+00 -5.000000000000000000e+00 0.000000000000000000e+00
1.158999999999999986e+01 -5.000000000000000000e+00 -3.507949981999418654e+00
-1.158999999999999986e+01 5.000000000000000000e+00 -7.500000000000000000e-01
-8.888396617465078364e+00 5.000000000000000000e+00 -5.000000000000000000e-01
3.859999999999999432e+00 5.000000000000000000e+00 0.000000000000000000e+00
1.158999999999999986e+01 5.000000000000000000e+00 -3.169316660666472885e+00
-1.158999999999999986e+01 1.500000000000000000e+01 -1.000000000000000056e-01
-8.888396617465078364e+00 1.500000000000000000e+01 -5.000000000000000000e-01
3.859999999999999432e+00 1.500000000000000000e+01 0.000000000000000000e+00
1.158999999999999986e+01 1.500000000000000000e+01 -2.830683339333527115e+00
