-1.158999999999999986e+01 -1.500000000000000000e+01 -2.930504701972179160e-01
-1.159732626175492953e+01 -1.500000000000000000e+01 -1.831565438732611906e-01
3.859999999999999432e+00 -1.500000000000000000e+01 0.000000000000000000e+00
1.158999999999999986e+01 -1.500000000000000000e+01 -3.831565438732611906e+00
-1.158999999999999986e+01 -5.000000000000000000e+00 -2.930504701972179160e-01
-1.159732626175492953e+01 -5.000000000000000000e+00 -1.831565438732611906e-01
3.859999999999999432e+00 -5.000000000000000000e+00 0.000000000000000000e+00
1.158999999999999986e+01 -5.000000000000000000e+00 -3.831565438732611906e+00
-1.158999999999999986e+01 5.000000000000000000e+00 -5.494696316197835717e-01
-1.159732626175492953e+01 5.000000000000000000e+00 -3.663130877465223811e-01
3.859999999999999432e+00 5.000000000000000000e+00 0.000000000000000000e+00
1.158999999999999986e+01 5.000000000000000000e+00 -3.366313087746522381e+00
-1.158999999999999986e+01 1.500000000000000000e+01 -7.326261754930447900e-02
-1.159732626175492953e+01 1.500000000000000000e+01 -3.663130877465223811e-01
3.859999999999999432e+00 1.500000000000000000e+01 0.000000000000000000e+00
1.158999999999999986e+01 1.500000000000000000e+01 -2.901060736760432857e+00
