-1.158999999999999986e+01 -1.500000000000000000e+01 -8.272927306073845077e-01
-1.136142822541087583e+01 -1.500000000000000000e+01 -2.203268937078205203e-01
3.859999999999999876e+00 -1.500000000000000000e+01 -5.934621258435895941e-02
1.158999999999999986e+01 -1.500000000000000000e+01 -4.203268937078204814e+00
-1.158999999999999986e+01 -5.000000000000000000e+00 -6.492540928543075740e-01
-1.136142822541087583e+01 -5.000000000000000000e+00 -2.203268937078205203e-01
3.859999999999999876e+00 -5.000000000000000000e+00 -5.934621258435895941e-02
1.158999999999999986e+01 -5.000000000000000000e+00 -4.114249618201666792e+00
-1.158999999999999986e+01 5.000000000000000000e+00 -7.796731062921794519e-01
-1.136142822541087583e+01 5.000000000000000000e+00 -4.406537874156410406e-01
3.859999999999999876e+00 5.000000000000000000e+00 -2.967310629217947970e-02
1.158999999999999986e+01 5.000000000000000000e+00 -3.232942043370385043e+00
-1.158999999999999986e+01 1.500000000000000000e+01 -2.068231826518461269e-01
-1.136142822541087583e+01 1.500000000000000000e+01 -4.406537874156410406e-01
3.859999999999999876e+00 1.500000000000000000e+01 -2.967310629217947970e-02
1.158999999999999986e+01 1.500000000000000000e+01 -2.440653787415641318e+00
