-1.158999999999999986e+01 -1.500000000000000000e+01 -1.474390916633447013e+00
-9.906260611088963941e+00 -1.500000000000000000e+01 0.000000000000000000e+00
3.859999999999999876e+00 -1.500000000000000000e+01 -2.104674236138794063e-01
1.158999999999999986e+01 -1.500000000000000000e+01 -6.530084888711717994e-01
-1.158999999999999986e+01 -5.000000000000000000e+00 -1.474390916633447013e+00
-9.906260611088963941e+00 -5.000000000000000000e+00 0.000000000000000000e+00
3.859999999999999876e+00 -5.000000000000000000e+00 -2.104674236138794063e-01
1.158999999999999986e+01 -5.000000000000000000e+00 -6.530084888711717994e-01
-1.158999999999999986e+01 5.000000000000000000e+00 -2.737195458316723506e+00
-9.906260611088963941e+00 5.000000000000000000e+00 0.000000000000000000e+00
3.859999999999999876e+00 5.000000000000000000e+00 -4.209348472277588127e-01
1.158999999999999986e+01 5.000000000000000000e+00 -9.476628819306029961e-01
-1.158999999999999986e+01 1.500000000000000000e+01 -4.000000000000000000e+00
-9.906260611088963941e+00 1.500000000000000000e+01 0.000000000000000000e+00
3.859999999999999876e+00 1.500000000000000000e+01 -4.209348472277588127e-01
1.158999999999999986e+01 1.500000000000000000e+01 -4.004475805345165118e-01
