-1.158999999999999986e+01 -1.500000000000000000e+01 -3.612389763170040791e+00
-1.137573767464121666e+01 -1.500000000000000000e+01 -2.691737755763606854e-02
3.859999999999999876e+00 -1.500000000000000000e+01 0.000000000000000000e+00
1.158999999999999986e+01 -1.500000000000000000e+01 -4.845127960374492337e-01
-1.158999999999999986e+01 -5.000000000000000000e+00 -3.612389763170040791e+00
-1.137573767464121666e+01 -5.000000000000000000e+00 -2.691737755763606854e-02
3.859999999999999876e+00 -5.000000000000000000e+00 0.000000000000000000e+00
1.158999999999999986e+01 -5.000000000000000000e+00 -4.845127960374492337e-01
-1.158999999999999986e+01 5.000000000000000000e+00 -3.650074091750731053e+00
-1.137573767464121666e+01 5.000000000000000000e+00 -5.383475511527213708e-02
3.859999999999999876e+00 5.000000000000000000e+00 0.000000000000000000e+00
1.158999999999999986e+01 5.000000000000000000e+00 -3.768432858069049596e-01
-1.158999999999999986e+01 1.500000000000000000e+01 -3.580088910100877264e+00
-1.137573767464121666e+01 1.500000000000000000e+01 -5.383475511527213708e-02
3.859999999999999876e+00 1.500000000000000000e+01 0.000000000000000000e+00
1.158999999999999986e+01 1.500000000000000000e+01 -2.691737755763606854e-01
