-1.158999999999999986e+01 -1.500000000000000000e+01 -3.180516066393562075e-02
-1.159079512901659825e+01 -1.500000000000000000e+01 -1.987822541495976036e-02
3.859999999999999876e+00 -1.500000000000000000e+01 0.000000000000000000e+00
1.158999999999999986e+01 -1.500000000000000000e+01 -2.198782254149597826e+00
-1.158999999999999986e+01 -5.000000000000000000e+00 -3.180516066393562075e-02
-1.159079512901659825e+01 -5.000000000000000000e+00 -1.987822541495976036e-02
3.859999999999999876e+00 -5.000000000000000000e+00 0.000000000000000000e+00
1.158999999999999986e+01 -5.000000000000000000e+00 -2.198782254149597826e+00
-1.158999999999999986e+01 5.000000000000000000e+00 -5.963467624487928109e-02
-1.159079512901659825e+01 5.000000000000000000e+00 -3.975645082991952073e-02
3.859999999999999876e+00 5.000000000000000000e+00 0.000000000000000000e+00
1.158999999999999986e+01 5.000000000000000000e+00 -3.039756450829919743e+00
-1.158999999999999986e+01 1.500000000000000000e+01 -7.951290165983905187e-03
-1.159079512901659825e+01 1.500000000000000000e+01 -3.975645082991952073e-02
3.859999999999999876e+00 1.500000000000000000e+01 0.000000000000000000e+00
1.158999999999999986e+01 1.500000000000000000e+01 -3.880730647510241660e+00
