-1.202621467264709665e+01 -1.500000000000000000e+01 -1.744858690588384498e+00
-1.046242934529419344e+01 -1.500000000000000000e+01 0.000000000000000000e+00
3.859999999999999432e+00 -1.500000000000000000e+01 0.000000000000000000e+00
1.158999999999999986e+01 -1.500000000000000000e+01 -5.637853273529038756e-01
-1.202621467264709665e+01 -5.000000000000000000e+00 -1.744858690588384498e+00
-1.046242934529419344e+01 -5.000000000000000000e+00 0.000000000000000000e+00
3.859999999999999432e+00 -5.000000000000000000e+00 0.000000000000000000e+00
1.158999999999999986e+01 -5.000000000000000000e+00 -5.637853273529038756e-01
-1.202621467264709665e+01 5.000000000000000000e+00 -1.744858690588384498e+00
-1.046242934529419344e+01 5.000000000000000000e+00 0.000000000000000000e+00
3.859999999999999432e+00 5.000000000000000000e+00 0.000000000000000000e+00
1.158999999999999986e+01 5.000000000000000000e+00 -1.409463318382259800e+00
-1.202621467264709665e+01 1.500000000000000000e+01 -1.744858690588384498e+00
-1.046242934529419344e+01 1.500000000000000000e+01 0.000000000000000000e+00
3.859999999999999432e+00 1.500000000000000000e+01 0.000000000000000000e+00
1.158999999999999986e+01 1.500000000000000000e+01 -2.255141309411615502e+00
