-1.158999999999999986e+01 -1.500000000000000000e+01 -1.819963000253498109e+00
-1.013664200016899919e+01 -1.500000000000000000e+01 0.000000000000000000e+00
3.859999999999999876e+00 -1.500000000000000000e+01 -1.816697499788751669e-01
1.158999999999999986e+01 -1.500000000000000000e+01 -8.373136001351989544e-01
-1.158999999999999986e+01 -5.000000000000000000e+00 -1.819963000253498109e+00
-1.013664200016899919e+01 -5.000000000000000000e+00 0.000000000000000000e+00
3.859999999999999876e+00 -5.000000000000000000e+00 -1.816697499788751669e-01
1.158999999999999986e+01 -5.000000000000000000e+00 -8.373136001351989544e-01
-1.158999999999999986e+01 5.000000000000000000e+00 -2.909981500126749054e+00
-1.013664200016899919e+01 5.000000000000000000e+00 0.000000000000000000e+00
3.859999999999999876e+00 5.000000000000000000e+00 -3.633394999577503337e-01
1.158999999999999986e+01 5.000000000000000000e+00 -1.091651250105624138e+00
-1.158999999999999986e+01 1.500000000000000000e+01 -4.000000000000000000e+00
-1.013664200016899919e+01 1.500000000000000000e+01 0.000000000000000000e+00
3.859999999999999876e+00 1.500000000000000000e+01 -3.633394999577503337e-01
1.158999999999999986e+01 1.500000000000000000e+01 -6.193099001605487652e-01
