-1.158999999999999986e+01 -1.500000000000000000e+01 -2.974000198447026122e+00
-7.535446396117221113e+00 -1.500000000000000000e+01 0.000000000000000000e+00
3.859999999999999876e+00 -1.500000000000000000e+01 -2.478333498705855009e-01
1.158999999999999986e+01 -1.500000000000000000e+01 -4.311997618635687868e-01
-1.158999999999999986e+01 -5.000000000000000000e+00 -2.974000198447026122e+00
-7.535446396117221113e+00 -5.000000000000000000e+00 0.000000000000000000e+00
3.859999999999999876e+00 -5.000000000000000000e+00 -2.478333498705855009e-01
1.158999999999999986e+01 -5.000000000000000000e+00 -4.311997618635687868e-01
-1.158999999999999986e+01 5.000000000000000000e+00 -2.974000198447026122e+00
-7.535446396117221113e+00 5.000000000000000000e+00 0.000000000000000000e+00
3.859999999999999876e+00 5.000000000000000000e+00 -4.956666997411710018e-01
1.158999999999999986e+01 5.000000000000000000e+00 -7.781664516823885158e-01
-1.158999999999999986e+01 1.500000000000000000e+01 -2.974000198447026122e+00
-7.535446396117221113e+00 1.500000000000000000e+01 0.000000000000000000e+00
3.859999999999999876e+00 1.500000000000000000e+01 -4.956666997411710018e-01
1.158999999999999986e+01 1.500000000000000000e+01 -1.337997420188661857e-01
