-1.158999999999999986e+01 -1.500000000000000000e+01 -7.602764882600010488e-01
-7.970611162789626114e+00 -1.500000000000000000e+01 -3.062932012906251500e-01
3.860000000000000320e+00 -1.500000000000000000e+01 0.000000000000000000e+00
1.158999999999999986e+01 -1.500000000000000000e+01 -1.675518415487501800e+00
-1.158999999999999986e+01 -5.000000000000000000e+00 -5.913968843881255433e-01
-7.970611162789626114e+00 -5.000000000000000000e+00 -3.062932012906251500e-01
3.860000000000000320e+00 -5.000000000000000000e+00 0.000000000000000000e+00
1.158999999999999986e+01 -5.000000000000000000e+00 -1.337759207743750789e+00
-1.158999999999999986e+01 5.000000000000000000e+00 -8.625864025812504110e-01
-7.970611162789626114e+00 5.000000000000000000e+00 -4.437067987093748500e-01
3.860000000000000320e+00 5.000000000000000000e+00 0.000000000000000000e+00
1.158999999999999986e+01 5.000000000000000000e+00 -2.162240792256248767e+00
-1.158999999999999986e+01 1.500000000000000000e+01 -5.278283298087511621e-01
-7.970611162789626114e+00 1.500000000000000000e+01 -4.437067987093748500e-01
3.860000000000000320e+00 1.500000000000000000e+01 0.000000000000000000e+00
1.158999999999999986e+01 1.500000000000000000e+01 -3.324481584512498422e+00
