-1.245350847600569288e+01 -1.500000000000000000e+01 -5.459660959772270061e-01
-1.131701695201138591e+01 -1.500000000000000000e+01 0.000000000000000000e+00
3.859999999999999432e+00 -1.500000000000000000e+01 0.000000000000000000e+00
1.158999999999999986e+01 -1.500000000000000000e+01 -3.454033904022772994e+00
-1.245350847600569288e+01 -5.000000000000000000e+00 -3.412288099857668788e-01
-1.131701695201138591e+01 -5.000000000000000000e+00 0.000000000000000000e+00
3.859999999999999432e+00 -5.000000000000000000e+00 0.000000000000000000e+00
1.158999999999999986e+01 -5.000000000000000000e+00 -3.454033904022772994e+00
-1.245350847600569288e+01 5.000000000000000000e+00 -1.364915239943067515e-01
-1.131701695201138591e+01 5.000000000000000000e+00 0.000000000000000000e+00
3.859999999999999432e+00 5.000000000000000000e+00 0.000000000000000000e+00
1.158999999999999986e+01 5.000000000000000000e+00 -3.454033904022772994e+00
-1.245350847600569288e+01 1.500000000000000000e+01 -1.364915239943067515e-01
-1.131701695201138591e+01 1.500000000000000000e+01 0.000000000000000000e+00
3.859999999999999432e+00 1.500000000000000000e+01 0.000000000000000000e+00
1.158999999999999986e+01 1.500000000000000000e+01 -3.454033904022772994e+00
