-1.158999999999999986e+01 -1.500000000000000000e+01 0.000000000000000000e+00
-1.086360611492650818e+01 -1.500000000000000000e+01 0.000000000000000000e+00
3.860000000000000320e+00 -1.500000000000000000e+01 0.000000000000000000e+00
1.158999999999999986e+01 -1.500000000000000000e+01 -2.910409172389762045e+00
-1.158999999999999986e+01 -5.000000000000000000e+00 0.000000000000000000e+00
-1.086360611492650818e+01 -5.000000000000000000e+00 0.000000000000000000e+00
3.860000000000000320e+00 -5.000000000000000000e+00 0.000000000000000000e+00
1.158999999999999986e+01 -5.000000000000000000e+00 -2.910409172389762045e+00
-1.158999999999999986e+01 5.000000000000000000e+00 0.000000000000000000e+00
-1.086360611492650818e+01 5.000000000000000000e+00 0.000000000000000000e+00
3.860000000000000320e+00 5.000000000000000000e+00 0.000000000000000000e+00
1.158999999999999986e+01 5.000000000000000000e+00 -3.455204586194881244e+00
-1.158999999999999986e+01 1.500000000000000000e+01 0.000000000000000000e+00
-1.086360611492650818e+01 1.500000000000000000e+01 0.000000000000000000e+00
3.860000000000000320e+00 1.500000000000000000e+01 0.000000000000000000e+00
1.158999999999999986e+01 1.500000000000000000e+01 -4.000000000000000000e+00
