-1.158999999999999986e+01 -1.500000000000000000e+01 -2.529558844021444930e+00
-1.158999999999999986e+01 -1.500000000000000000e+01 0.000000000000000000e+00
3.860000000000000320e+00 -1.500000000000000000e+01 0.000000000000000000e+00
1.158999999999999986e+01 -1.500000000000000000e+01 -2.940882311957110140e+00
-1.158999999999999986e+01 -5.000000000000000000e+00 -2.529558844021444930e+00
-1.158999999999999986e+01 -5.000000000000000000e+00 0.000000000000000000e+00
3.860000000000000320e+00 -5.000000000000000000e+00 0.000000000000000000e+00
1.158999999999999986e+01 -5.000000000000000000e+00 -2.940882311957110140e+00
-1.158999999999999986e+01 5.000000000000000000e+00 -2.529558844021444930e+00
-1.158999999999999986e+01 5.000000000000000000e+00 0.000000000000000000e+00
3.860000000000000320e+00 5.000000000000000000e+00 0.000000000000000000e+00
1.158999999999999986e+01 5.000000000000000000e+00 -2.940882311957110140e+00
-1.158999999999999986e+01 1.500000000000000000e+01 -2.529558844021444930e+00
-1.158999999999999986e+01 1.500000000000000000e+01 0.000000000000000000e+00
3.860000000000000320e+00 1.500000000000000000e+01 0.000000000000000000e+00
1.158999999999999986e+01 1.500000000000000000e+01 -2.940882311957110140e+00
