-1.158999999999999986e+01 -1.500000000000000000e+01 -3.106484146462483498e+00
-1.047961325375583641e+01 -1.500000000000000000e+01 -2.787031707075032783e-01
3.860000000000000320e+00 -1.500000000000000000e+01 -1.106484146462483609e-01
1.158999999999999986e+01 -1.500000000000000000e+01 -2.406662829094023515e+00
-1.158999999999999986e+01 -5.000000000000000000e+00 -2.688429390401228858e+00
-1.047961325375583641e+01 -5.000000000000000000e+00 -2.787031707075032783e-01
3.860000000000000320e+00 -5.000000000000000000e+00 -1.106484146462483609e-01
1.158999999999999986e+01 -5.000000000000000000e+00 -1.570553316971513791e+00
-1.158999999999999986e+01 5.000000000000000000e+00 -2.245835731816235636e+00
-1.047961325375583641e+01 5.000000000000000000e+00 -1.393515853537516391e-01
3.860000000000000320e+00 5.000000000000000000e+00 -2.212968292924967217e-01
1.158999999999999986e+01 5.000000000000000000e+00 -8.893515853537516946e-01
-1.158999999999999986e+01 1.500000000000000000e+01 -2.221296829292496611e+00
-1.047961325375583641e+01 1.500000000000000000e+01 -1.393515853537516391e-01
3.860000000000000320e+00 1.500000000000000000e+01 -2.212968292924967217e-01
1.158999999999999986e+01 1.500000000000000000e+01 -6.016657072735058787e-01
