-1.158999999999999986e+01 -1.500000000000000000e+01 -1.952004186290230980e-01
-1.061399790685488398e+01 -1.500000000000000000e+01 -1.220002616431394293e-01
3.859999999999999876e+00 -1.500000000000000000e+01 0.000000000000000000e+00
1.158999999999999986e+01 -1.500000000000000000e+01 -2.535996860282327070e+00
-1.158999999999999986e+01 -5.000000000000000000e+00 -1.952004186290230980e-01
-1.061399790685488398e+01 -5.000000000000000000e+00 -1.220002616431394293e-01
3.859999999999999876e+00 -5.000000000000000000e+00 0.000000000000000000e+00
1.158999999999999986e+01 -5.000000000000000000e+00 -2.535996860282327070e+00
-1.158999999999999986e+01 5.000000000000000000e+00 -3.660007849294182880e-01
-1.061399790685488398e+01 5.000000000000000000e+00 -2.440005232862788587e-01
3.859999999999999876e+00 5.000000000000000000e+00 0.000000000000000000e+00
1.158999999999999986e+01 5.000000000000000000e+00 -3.267998430141163535e+00
-1.158999999999999986e+01 1.500000000000000000e+01 -4.880010465725577451e-02
-1.061399790685488398e+01 1.500000000000000000e+01 -2.440005232862788587e-01
3.859999999999999876e+00 1.500000000000000000e+01 0.000000000000000000e+00
1.158999999999999986e+01 1.500000000000000000e+01 -4.000000000000000000e+00
