-1.158999999999999986e+01 -1.500000000000000000e+01 -2.922499060328501042e+00
-9.589999999999999858e+00 -1.500000000000000000e+01 0.000000000000000000e+00
3.859999999999999876e+00 -1.500000000000000000e+01 -3.204165100547501921e-01
1.158999999999999986e+01 -1.500000000000000000e+01 -1.281666040219000768e+00
-1.158999999999999986e+01 -5.000000000000000000e+00 -1.961249530164250743e+00
-9.589999999999999858e+00 -5.000000000000000000e+00 0.000000000000000000e+00
3.859999999999999876e+00 -5.000000000000000000e+00 -3.204165100547501921e-01
1.158999999999999986e+01 -5.000000000000000000e+00 -8.010412751368755080e-01
-1.158999999999999986e+01 5.000000000000000000e+00 -1.538750469835749257e+00
-9.589999999999999858e+00 5.000000000000000000e+00 0.000000000000000000e+00
3.859999999999999876e+00 5.000000000000000000e+00 -1.602082550273750960e-01
1.158999999999999986e+01 5.000000000000000000e+00 -8.010412751368755080e-01
-1.158999999999999986e+01 1.500000000000000000e+01 -2.077500939671498958e+00
-9.589999999999999858e+00 1.500000000000000000e+01 0.000000000000000000e+00
3.859999999999999876e+00 1.500000000000000000e+01 -1.602082550273750960e-01
1.158999999999999986e+01 1.500000000000000000e+01 -1.281666040219000768e+00
