-1.151251602563416476e+01 -1.500000000000000000e+01 -2.154967948731671967e+00
-1.158999999999999986e+01 -1.500000000000000000e+01 0.000000000000000000e+00
3.860000000000000320e+00 -1.500000000000000000e+01 0.000000000000000000e+00
1.158999999999999986e+01 -1.500000000000000000e+01 -3.690064102536656065e+00
-1.158999999999999986e+01 -5.000000000000000000e+00 -2.154967948731671967e+00
-1.158999999999999986e+01 -5.000000000000000000e+00 0.000000000000000000e+00
3.860000000000000320e+00 -5.000000000000000000e+00 0.000000000000000000e+00
1.158999999999999986e+01 -5.000000000000000000e+00 -3.690064102536656065e+00
-1.166748397436583673e+01 5.000000000000000000e+00 -2.154967948731671967e+00
-1.158999999999999986e+01 5.000000000000000000e+00 0.000000000000000000e+00
3.860000000000000320e+00 5.000000000000000000e+00 0.000000000000000000e+00
1.158999999999999986e+01 5.000000000000000000e+00 -3.690064102536656065e+00
-1.166748397436583673e+01 1.500000000000000000e+01 -2.154967948731671967e+00
-1.158999999999999986e+01 1.500000000000000000e+01 0.000000000000000000e+00
3.860000000000000320e+00 1.500000000000000000e+01 0.000000000000000000e+00
1.158999999999999986e+01 1.500000000000000000e+01 -3.690064102536656065e+00
