-1.197397008709918964e+01 -1.500000000000000000e+01 -1.535880348396756911e+00
-1.035794017419837942e+01 -1.500000000000000000e+01 0.000000000000000000e+00
3.859999999999999876e+00 -1.500000000000000000e+01 0.000000000000000000e+00
1.158999999999999986e+01 -1.500000000000000000e+01 -6.160299129008107721e-01
-1.197397008709918964e+01 -5.000000000000000000e+00 -1.535880348396756911e+00
-1.035794017419837942e+01 -5.000000000000000000e+00 0.000000000000000000e+00
3.859999999999999876e+00 -5.000000000000000000e+00 0.000000000000000000e+00
1.158999999999999986e+01 -5.000000000000000000e+00 -6.160299129008107721e-01
-1.197397008709918964e+01 5.000000000000000000e+00 -1.535880348396756911e+00
-1.035794017419837942e+01 5.000000000000000000e+00 0.000000000000000000e+00
3.859999999999999876e+00 5.000000000000000000e+00 0.000000000000000000e+00
1.158999999999999986e+01 5.000000000000000000e+00 -1.540074782252026875e+00
-1.197397008709918964e+01 1.500000000000000000e+01 -1.535880348396756911e+00
-1.035794017419837942e+01 1.500000000000000000e+01 0.000000000000000000e+00
3.859999999999999876e+00 1.500000000000000000e+01 0.000000000000000000e+00
1.158999999999999986e+01 1.500000000000000000e+01 -2.464119651603243089e+00
