-1.158999999999999986e+01 -1.500000000000000000e+01 -4.000000000000000222e-01
-8.223857597147079090e+00 -1.500000000000000000e+01 -2.500000000000000000e-01
3.859999999999999876e+00 -1.500000000000000000e+01 0.000000000000000000e+00
1.158999999999999986e+01 -1.500000000000000000e+01 -2.441376583626268193e+00
-1.158999999999999986e+01 -5.000000000000000000e+00 -4.000000000000000222e-01
-8.223857597147079090e+00 -5.000000000000000000e+00 -2.500000000000000000e-01
3.859999999999999876e+00 -5.000000000000000000e+00 0.000000000000000000e+00
1.158999999999999986e+01 -5.000000000000000000e+00 -2.441376583626268193e+00
-1.158999999999999986e+01 5.000000000000000000e+00 -7.500000000000000000e-01
-8.223857597147079090e+00 5.000000000000000000e+00 -5.000000000000000000e-01
3.859999999999999876e+00 5.000000000000000000e+00 0.000000000000000000e+00
1.158999999999999986e+01 5.000000000000000000e+00 -2.676550633450506922e+00
-1.158999999999999986e+01 1.500000000000000000e+01 -1.000000000000000056e-01
-8.223857597147079090e+00 1.500000000000000000e+01 -5.000000000000000000e-01
3.859999999999999876e+00 1.500000000000000000e+01 0.000000000000000000e+00
1.158999999999999986e+01 1.500000000000000000e+01 -3.735174049824239173e+00
