-1.089335728440045514e+01 -1.500000000000000000e+01 -1.365107779802050336e+00
-1.098631900404309292e+01 -1.500000000000000000e+01 0.000000000000000000e+00
3.859999999999999432e+00 -1.500000000000000000e+01 -7.583932110011390448e-02
1.158999999999999986e+01 -1.500000000000000000e+01 -2.907913776158359553e+00
-1.158999999999999986e+01 -5.000000000000000000e+00 -1.365107779802050336e+00
-1.098631900404309292e+01 -5.000000000000000000e+00 0.000000000000000000e+00
3.859999999999999432e+00 -5.000000000000000000e+00 -7.583932110011390448e-02
1.158999999999999986e+01 -5.000000000000000000e+00 -2.907913776158359553e+00
-1.228664271559954457e+01 5.000000000000000000e+00 -1.061750495401594607e+00
-1.098631900404309292e+01 5.000000000000000000e+00 0.000000000000000000e+00
3.859999999999999432e+00 5.000000000000000000e+00 -1.516786422002278090e-01
1.158999999999999986e+01 5.000000000000000000e+00 -3.014088825698519436e+00
-1.228664271559954457e+01 1.500000000000000000e+01 -7.583932110011391003e-01
-1.098631900404309292e+01 1.500000000000000000e+01 0.000000000000000000e+00
3.859999999999999432e+00 1.500000000000000000e+01 -1.516786422002278090e-01
1.158999999999999986e+01 1.500000000000000000e+01 -2.816906590838223146e+00
