-1.158999999999999986e+01 -1.500000000000000000e+01 -7.622670784130645139e-01
-7.500000000000000000e+00 -1.500000000000000000e+01 -9.905538399455646181e-02
3.859999999999999432e+00 -1.500000000000000000e+01 -1.509446160054435382e-01
1.158999999999999986e+01 -1.500000000000000000e+01 -1.033954457565161356e+00
-1.158999999999999986e+01 -5.000000000000000000e+00 -7.622670784130645139e-01
-7.500000000000000000e+00 -5.000000000000000000e+00 -9.905538399455646181e-02
3.859999999999999432e+00 -5.000000000000000000e+00 -1.509446160054435382e-01
1.158999999999999986e+01 -5.000000000000000000e+00 -1.033954457565161356e+00
-1.158999999999999986e+01 5.000000000000000000e+00 -1.806612312038104573e+00
-7.500000000000000000e+00 5.000000000000000000e+00 -1.981107679891129236e-01
3.859999999999999432e+00 5.000000000000000000e+00 -3.018892320108870764e-01
1.158999999999999986e+01 5.000000000000000000e+00 -1.443387687961895427e+00
-1.158999999999999986e+01 1.500000000000000000e+01 -2.454736009684919118e+00
-7.500000000000000000e+00 1.500000000000000000e+01 -1.981107679891129236e-01
3.859999999999999432e+00 1.500000000000000000e+01 -3.018892320108870764e-01
1.158999999999999986e+01 1.500000000000000000e+01 -1.645263990315080749e+00
