-1.158999999999999986e+01 -1.500000000000000000e+01 -2.742400520336570890e-01
-9.596856001300841044e+00 -1.500000000000000000e+01 -1.714000325210356668e-01
3.859999999999999876e+00 -1.500000000000000000e+01 0.000000000000000000e+00
1.158999999999999986e+01 -1.500000000000000000e+01 -4.342800065042071722e+00
-1.158999999999999986e+01 -5.000000000000000000e+00 -2.742400520336570890e-01
-9.596856001300841044e+00 -5.000000000000000000e+00 -1.714000325210356668e-01
3.859999999999999876e+00 -5.000000000000000000e+00 0.000000000000000000e+00
1.158999999999999986e+01 -5.000000000000000000e+00 -3.871200260168285112e+00
-1.158999999999999986e+01 5.000000000000000000e+00 -5.142000975631070281e-01
-9.596856001300841044e+00 5.000000000000000000e+00 -3.428000650420713336e-01
3.859999999999999876e+00 5.000000000000000000e+00 0.000000000000000000e+00
1.158999999999999986e+01 5.000000000000000000e+00 -2.714000325210356834e+00
-1.158999999999999986e+01 1.500000000000000000e+01 -6.856001300841427226e-02
-9.596856001300841044e+00 1.500000000000000000e+01 -3.428000650420713336e-01
3.859999999999999876e+00 1.500000000000000000e+01 0.000000000000000000e+00
1.158999999999999986e+01 1.500000000000000000e+01 -2.028400195126213834e+00
