-1.158999999999999986e+01 -1.500000000000000000e+01 -3.267964210375288836e+00
-1.118534688295745205e+01 -1.500000000000000000e+01 -5.083581872393827528e-02
3.859999999999999876e+00 -1.500000000000000000e+01 0.000000000000000000e+00
1.158999999999999986e+01 -1.500000000000000000e+01 -2.508358187239382531e+00
-1.158999999999999986e+01 -5.000000000000000000e+00 -3.267964210375288836e+00
-1.118534688295745205e+01 -5.000000000000000000e+00 -5.083581872393827528e-02
3.859999999999999876e+00 -5.000000000000000000e+00 0.000000000000000000e+00
1.158999999999999986e+01 -5.000000000000000000e+00 -2.508358187239382531e+00
-1.158999999999999986e+01 5.000000000000000000e+00 -3.339134356588802532e+00
-1.118534688295745205e+01 5.000000000000000000e+00 -1.016716374478765506e-01
3.859999999999999876e+00 5.000000000000000000e+00 0.000000000000000000e+00
1.158999999999999986e+01 5.000000000000000000e+00 -2.305014912343629874e+00
-1.158999999999999986e+01 1.500000000000000000e+01 -3.206961227906562684e+00
-1.118534688295745205e+01 1.500000000000000000e+01 -1.016716374478765506e-01
3.859999999999999876e+00 1.500000000000000000e+01 0.000000000000000000e+00
1.158999999999999986e+01 1.500000000000000000e+01 -2.101671637447876329e+00
