-1.158999999999999986e+01 -1.500000000000000000e+01 -2.000000000000000000e+00
-1.051724456117053919e+01 -1.500000000000000000e+01 -2.681888597073648350e-01
3.859999999999999876e+00 -1.500000000000000000e+01 0.000000000000000000e+00
1.158999999999999986e+01 -1.500000000000000000e+01 -4.000000000000000000e+00
-1.158999999999999986e+01 -5.000000000000000000e+00 -1.597716710438952692e+00
-1.051724456117053919e+01 -5.000000000000000000e+00 -2.681888597073648350e-01
3.859999999999999876e+00 -5.000000000000000000e+00 0.000000000000000000e+00
1.158999999999999986e+01 -5.000000000000000000e+00 -3.195433420877905384e+00
-1.158999999999999986e+01 5.000000000000000000e+00 -1.597716710438952692e+00
-1.051724456117053919e+01 5.000000000000000000e+00 -1.340944298536824175e-01
3.859999999999999876e+00 5.000000000000000000e+00 0.000000000000000000e+00
1.158999999999999986e+01 5.000000000000000000e+00 -2.390866841755810768e+00
-1.158999999999999986e+01 1.500000000000000000e+01 -2.000000000000000000e+00
-1.051724456117053919e+01 1.500000000000000000e+01 -1.340944298536824175e-01
3.859999999999999876e+00 1.500000000000000000e+01 0.000000000000000000e+00
1.158999999999999986e+01 1.500000000000000000e+01 -2.390866841755810768e+00
