-1.158999999999999986e+01 -1.500000000000000000e+01 -2.413575562090462867e+00
-8.725627075230931951e+00 -1.500000000000000000e+01 -2.932122189547687330e-01
3.860000000000000320e+00 -1.500000000000000000e+01 -1.033938905226156335e-01
1.158999999999999986e+01 -1.500000000000000000e+01 -2.511127976474334833e+00
-1.158999999999999986e+01 -5.000000000000000000e+00 -1.973757233658309573e+00
-8.725627075230931951e+00 -5.000000000000000000e+00 -2.932122189547687330e-01
3.860000000000000320e+00 -5.000000000000000000e+00 -1.033938905226156335e-01
1.158999999999999986e+01 -5.000000000000000000e+00 -1.631491319610028690e+00
-1.158999999999999986e+01 5.000000000000000000e+00 -1.973757233658309573e+00
-8.725627075230931951e+00 5.000000000000000000e+00 -1.466061094773843665e-01
3.860000000000000320e+00 5.000000000000000000e+00 -2.067877810452312670e-01
1.158999999999999986e+01 5.000000000000000000e+00 -8.966061094773843942e-01
-1.158999999999999986e+01 1.500000000000000000e+01 -2.413575562090462867e+00
-8.725627075230931951e+00 1.500000000000000000e+01 -1.466061094773843665e-01
3.860000000000000320e+00 1.500000000000000000e+01 -2.067877810452312670e-01
1.158999999999999986e+01 1.500000000000000000e+01 -6.277819941185837083e-01
