-1.158999999999999986e+01 -1.500000000000000000e+01 -2.247120400567002907e+00
-8.108095061080497601e+00 -1.500000000000000000e+01 -7.239226917624971835e-02
3.860000000000000320e+00 -1.500000000000000000e+01 -1.776077308237502816e-01
1.158999999999999986e+01 -1.500000000000000000e+01 -1.587233214490495481e+00
-1.158999999999999986e+01 -5.000000000000000000e+00 -2.247120400567002907e+00
-8.108095061080497601e+00 -5.000000000000000000e+00 -7.239226917624971835e-02
3.860000000000000320e+00 -5.000000000000000000e+00 -1.776077308237502816e-01
1.158999999999999986e+01 -5.000000000000000000e+00 -1.587233214490495481e+00
-1.158999999999999986e+01 5.000000000000000000e+00 -2.348469577413752507e+00
-8.108095061080497601e+00 5.000000000000000000e+00 -1.447845383524994367e-01
3.860000000000000320e+00 5.000000000000000000e+00 -3.552154616475005633e-01
1.158999999999999986e+01 5.000000000000000000e+00 -1.546314960938746985e+00
-1.158999999999999986e+01 1.500000000000000000e+01 -2.160249677555503567e+00
-8.108095061080497601e+00 1.500000000000000000e+01 -1.447845383524994367e-01
3.860000000000000320e+00 1.500000000000000000e+01 -3.552154616475005633e-01
1.158999999999999986e+01 1.500000000000000000e+01 -7.949657840919973628e-01
