-1.158999999999999986e+01 -1.500000000000000000e+01 -5.231405601830596552e-01
-7.500000000000000000e+00 -1.500000000000000000e+01 -2.381595615208596528e-01
3.859999999999999876e+00 -1.500000000000000000e+01 -1.184043847914034719e-02
1.158999999999999986e+01 -1.500000000000000000e+01 -2.876859439816940700e+00
-1.158999999999999986e+01 -5.000000000000000000e+00 -5.231405601830596552e-01
-7.500000000000000000e+00 -5.000000000000000000e+00 -2.381595615208596528e-01
3.859999999999999876e+00 -5.000000000000000000e+00 -1.184043847914034719e-02
1.158999999999999986e+01 -5.000000000000000000e+00 -2.876859439816940700e+00
-1.158999999999999986e+01 5.000000000000000000e+00 -8.565639463122631803e-01
-7.500000000000000000e+00 5.000000000000000000e+00 -4.763191230417193056e-01
3.859999999999999876e+00 5.000000000000000000e+00 -2.368087695828069439e-02
1.158999999999999986e+01 5.000000000000000000e+00 -2.893436053687737264e+00
-1.158999999999999986e+01 1.500000000000000000e+01 -2.373490863580280386e-01
-7.500000000000000000e+00 1.500000000000000000e+01 -4.763191230417193056e-01
3.859999999999999876e+00 1.500000000000000000e+01 -2.368087695828069439e-02
1.158999999999999986e+01 1.500000000000000000e+01 -2.862650913641972217e+00
