-1.158999999999999986e+01 -1.500000000000000000e+01 -4.277489882082875283e+00
-1.149091577146014131e+01 -1.500000000000000000e+01 -1.356769011689787363e-02
3.859999999999999876e+00 -1.500000000000000000e+01 -2.364323098831021264e-01
1.158999999999999986e+01 -1.500000000000000000e+01 -4.325624562805548967e-01
-1.158999999999999986e+01 -5.000000000000000000e+00 -4.277489882082875283e+00
-1.149091577146014131e+01 -5.000000000000000000e+00 -1.356769011689787363e-02
3.859999999999999876e+00 -5.000000000000000000e+00 -2.364323098831021264e-01
1.158999999999999986e+01 -5.000000000000000000e+00 -4.325624562805548967e-01
-1.158999999999999986e+01 5.000000000000000000e+00 -3.350755408714123362e+00
-1.149091577146014131e+01 5.000000000000000000e+00 -2.713538023379574726e-02
3.859999999999999876e+00 5.000000000000000000e+00 -4.728646197662042527e-01
1.158999999999999986e+01 5.000000000000000000e+00 -8.449738308182850322e-01
-1.158999999999999986e+01 1.500000000000000000e+01 -2.369750174877780502e+00
-1.149091577146014131e+01 1.500000000000000000e+01 -2.713538023379574726e-02
3.859999999999999876e+00 1.500000000000000000e+01 -4.728646197662042527e-01
1.158999999999999986e+01 1.500000000000000000e+01 -3.116559658236068286e-01
