-1.158999999999999986e+01 -1.500000000000000000e+01 -1.351314844176490504e-01
-1.091772086502219707e+01 -1.500000000000000000e+01 -8.445717776103064955e-02
3.860000000000000320e+00 -1.500000000000000000e+01 0.000000000000000000e+00
1.158999999999999986e+01 -1.500000000000000000e+01 -4.168914355522061577e+00
-1.158999999999999986e+01 -5.000000000000000000e+00 -1.351314844176490504e-01
-1.091772086502219707e+01 -5.000000000000000000e+00 -8.445717776103064955e-02
3.860000000000000320e+00 -5.000000000000000000e+00 0.000000000000000000e+00
1.158999999999999986e+01 -5.000000000000000000e+00 -4.168914355522061577e+00
-1.158999999999999986e+01 5.000000000000000000e+00 -2.533715332830919209e-01
-1.091772086502219707e+01 5.000000000000000000e+00 -1.689143555220612991e-01
3.860000000000000320e+00 5.000000000000000000e+00 0.000000000000000000e+00
1.158999999999999986e+01 5.000000000000000000e+00 -3.831085644477938423e+00
-1.158999999999999986e+01 1.500000000000000000e+01 -3.378287110441226260e-02
-1.091772086502219707e+01 1.500000000000000000e+01 -1.689143555220612991e-01
3.860000000000000320e+00 1.500000000000000000e+01 0.000000000000000000e+00
1.158999999999999986e+01 1.500000000000000000e+01 -3.493256933433816158e+00
