-1.158999999999999986e+01 -1.500000000000000000e+01 -3.682732779538856249e+00
-1.122954918564275673e+01 -1.500000000000000000e+01 -2.203244586535721417e-02
3.859999999999999876e+00 -1.500000000000000000e+01 0.000000000000000000e+00
1.158999999999999986e+01 -1.500000000000000000e+01 -1.762595669228577133e-01
-1.158999999999999986e+01 -5.000000000000000000e+00 -3.682732779538856249e+00
-1.122954918564275673e+01 -5.000000000000000000e+00 -2.203244586535721417e-02
3.859999999999999876e+00 -5.000000000000000000e+00 0.000000000000000000e+00
1.158999999999999986e+01 -5.000000000000000000e+00 -1.762595669228577133e-01
-1.158999999999999986e+01 5.000000000000000000e+00 -3.713578203750356188e+00
-1.122954918564275673e+01 5.000000000000000000e+00 -4.406489173071442833e-02
3.859999999999999876e+00 5.000000000000000000e+00 0.000000000000000000e+00
1.158999999999999986e+01 5.000000000000000000e+00 -2.203244586535721417e-01
-1.158999999999999986e+01 1.500000000000000000e+01 -3.656293844500427603e+00
-1.122954918564275673e+01 1.500000000000000000e+01 -4.406489173071442833e-02
3.859999999999999876e+00 1.500000000000000000e+01 0.000000000000000000e+00
1.158999999999999986e+01 1.500000000000000000e+01 -3.525191338457154266e-01
