-1.070343424838739388e+01 -1.500000000000000000e+01 -4.537369935495760842e-01
-1.136313150322521182e+01 -1.500000000000000000e+01 0.000000000000000000e+00
3.859999999999999876e+00 -1.500000000000000000e+01 0.000000000000000000e+00
1.158999999999999986e+01 -1.500000000000000000e+01 -3.546263006450423916e+00
-1.158999999999999986e+01 -5.000000000000000000e+00 -2.835856209684850526e-01
-1.136313150322521182e+01 -5.000000000000000000e+00 0.000000000000000000e+00
3.859999999999999876e+00 -5.000000000000000000e+00 0.000000000000000000e+00
1.158999999999999986e+01 -5.000000000000000000e+00 -3.546263006450423916e+00
-1.247656575161260584e+01 5.000000000000000000e+00 -1.134342483873940211e-01
-1.136313150322521182e+01 5.000000000000000000e+00 0.000000000000000000e+00
3.859999999999999876e+00 5.000000000000000000e+00 0.000000000000000000e+00
1.158999999999999986e+01 5.000000000000000000e+00 -3.546263006450423916e+00
-1.247656575161260584e+01 1.500000000000000000e+01 -1.134342483873940211e-01
-1.136313150322521182e+01 1.500000000000000000e+01 0.000000000000000000e+00
3.859999999999999876e+00 1.500000000000000000e+01 0.000000000000000000e+00
1.158999999999999986e+01 1.500000000000000000e+01 -3.546263006450423916e+00
