-1.158999999999999986e+01 -1.500000000000000000e+01 -3.388889261163652855e-01
-1.159847222315290871e+01 -1.500000000000000000e+01 -2.118055788227282965e-01
3.859999999999999876e+00 -1.500000000000000000e+01 0.000000000000000000e+00
1.158999999999999986e+01 -1.500000000000000000e+01 -4.118055788227282576e+00
-1.158999999999999986e+01 -5.000000000000000000e+00 -3.388889261163652855e-01
-1.159847222315290871e+01 -5.000000000000000000e+00 -2.118055788227282965e-01
3.859999999999999876e+00 -5.000000000000000000e+00 0.000000000000000000e+00
1.158999999999999986e+01 -5.000000000000000000e+00 -4.118055788227282576e+00
-1.158999999999999986e+01 5.000000000000000000e+00 -6.354167364681848618e-01
-1.159847222315290871e+01 5.000000000000000000e+00 -4.236111576454565930e-01
3.859999999999999876e+00 5.000000000000000000e+00 0.000000000000000000e+00
1.158999999999999986e+01 5.000000000000000000e+00 -3.423611157645456871e+00
-1.158999999999999986e+01 1.500000000000000000e+01 -8.472223152909132138e-02
-1.159847222315290871e+01 1.500000000000000000e+01 -4.236111576454565930e-01
3.859999999999999876e+00 1.500000000000000000e+01 0.000000000000000000e+00
1.158999999999999986e+01 1.500000000000000000e+01 -2.729166527063630276e+00
