-1.158999999999999986e+01 -1.500000000000000000e+01 -4.000000000000000222e-01
-9.347486221087867975e+00 -1.500000000000000000e+01 -2.500000000000000000e-01
3.859999999999999876e+00 -1.500000000000000000e+01 0.000000000000000000e+00
1.158999999999999986e+01 -1.500000000000000000e+01 -4.319633015062763981e+00
-1.158999999999999986e+01 -5.000000000000000000e+00 -4.000000000000000222e-01
-9.347486221087867975e+00 -5.000000000000000000e+00 -2.500000000000000000e-01
3.859999999999999876e+00 -5.000000000000000000e+00 0.000000000000000000e+00
1.158999999999999986e+01 -5.000000000000000000e+00 -4.319633015062763981e+00
-1.158999999999999986e+01 5.000000000000000000e+00 -7.500000000000000000e-01
-9.347486221087867975e+00 5.000000000000000000e+00 -5.000000000000000000e-01
3.859999999999999876e+00 5.000000000000000000e+00 0.000000000000000000e+00
1.158999999999999986e+01 5.000000000000000000e+00 -3.439877671687587846e+00
-1.158999999999999986e+01 1.500000000000000000e+01 -1.000000000000000056e-01
-9.347486221087867975e+00 1.500000000000000000e+01 -5.000000000000000000e-01
3.859999999999999876e+00 1.500000000000000000e+01 0.000000000000000000e+00
1.158999999999999986e+01 1.500000000000000000e+01 -2.560122328312412154e+00
