-1.158999999999999986e+01 -1.500000000000000000e+01 -8.528505774504655523e-01
-9.591895223505444434e+00 -1.500000000000000000e+01 0.000000000000000000e+00
3.860000000000000320e+00 -1.500000000000000000e+01 -4.738058763613697821e-02
1.158999999999999986e+01 -1.500000000000000000e+01 -3.317719538039627380e+00
-1.158999999999999986e+01 -5.000000000000000000e+00 -8.528505774504655523e-01
-9.591895223505444434e+00 -5.000000000000000000e+00 0.000000000000000000e+00
3.860000000000000320e+00 -5.000000000000000000e+00 -4.738058763613697821e-02
1.158999999999999986e+01 -5.000000000000000000e+00 -2.102003063856449305e+00
-1.158999999999999986e+01 5.000000000000000000e+00 -6.633282269059177505e-01
-9.591895223505444434e+00 5.000000000000000000e+00 0.000000000000000000e+00
3.860000000000000320e+00 5.000000000000000000e+00 -9.476117527227395643e-02
1.158999999999999986e+01 5.000000000000000000e+00 -9.526194123638630495e-01
-1.158999999999999986e+01 1.500000000000000000e+01 -4.738058763613697821e-01
-9.591895223505444434e+00 1.500000000000000000e+01 0.000000000000000000e+00
3.860000000000000320e+00 1.500000000000000000e+01 -9.476117527227395643e-02
1.158999999999999986e+01 1.500000000000000000e+01 -8.294298845099068451e-01
