-1.156893883876546525e+01 -1.500000000000000000e+01 -1.063183483703601828e+00
-7.586140149449244419e+00 -1.500000000000000000e+01 0.000000000000000000e+00
3.859999999999999876e+00 -1.500000000000000000e+01 -2.447347096913665143e-01
1.158999999999999986e+01 -1.500000000000000000e+01 -3.915755355061864562e-01
-1.158999999999999986e+01 -5.000000000000000000e+00 -1.063183483703601828e+00
-7.586140149449244419e+00 -5.000000000000000000e+00 0.000000000000000000e+00
3.859999999999999876e+00 -5.000000000000000000e+00 -2.447347096913665143e-01
1.158999999999999986e+01 -5.000000000000000000e+00 -3.915755355061864562e-01
-1.161106116123453269e+01 5.000000000000000000e+00 -2.531591741851801025e+00
-7.586140149449244419e+00 5.000000000000000000e+00 0.000000000000000000e+00
3.859999999999999876e+00 5.000000000000000000e+00 -4.894694193827330286e-01
1.158999999999999986e+01 5.000000000000000000e+00 -7.342041290740994874e-01
-1.161106116123453269e+01 1.500000000000000000e+01 -4.000000000000000000e+00
-7.586140149449244419e+00 1.500000000000000000e+01 0.000000000000000000e+00
3.859999999999999876e+00 1.500000000000000000e+01 -4.894694193827330286e-01
1.158999999999999986e+01 1.500000000000000000e+01 -9.789388387654661405e-02
