-1.158999999999999986e+01 -1.500000000000000000e+01 -1.169069183632117870e+00
-9.199253519472318175e+00 -1.500000000000000000e+01 0.000000000000000000e+00
3.859999999999999876e+00 -1.500000000000000000e+01 -1.461336479540147337e-01
1.158999999999999986e+01 -1.500000000000000000e+01 -1.895675469462187790e+00
-1.158999999999999986e+01 -5.000000000000000000e+00 -1.169069183632117870e+00
-9.199253519472318175e+00 -5.000000000000000000e+00 0.000000000000000000e+00
3.859999999999999876e+00 -5.000000000000000000e+00 -1.461336479540147337e-01
1.158999999999999986e+01 -5.000000000000000000e+00 -1.895675469462187790e+00
-1.158999999999999986e+01 5.000000000000000000e+00 -1.461336479540147337e+00
-9.199253519472318175e+00 5.000000000000000000e+00 0.000000000000000000e+00
3.859999999999999876e+00 5.000000000000000000e+00 -2.922672959080294675e-01
1.158999999999999986e+01 5.000000000000000000e+00 -2.100262576597808462e+00
-1.158999999999999986e+01 1.500000000000000000e+01 -2.338138367264235740e+00
-9.199253519472318175e+00 1.500000000000000000e+01 0.000000000000000000e+00
3.859999999999999876e+00 1.500000000000000000e+01 -2.922672959080294675e-01
1.158999999999999986e+01 1.500000000000000000e+01 -1.720315091917370198e+00
