-1.158999999999999986e+01 -1.500000000000000000e+01 -2.699529377833599142e+00
-8.930537577669710458e+00 -1.500000000000000000e+01 0.000000000000000000e+00
3.859999999999999876e+00 -1.500000000000000000e+01 -1.625588277708000795e-01
1.158999999999999986e+01 -1.500000000000000000e+01 -2.600941244332801161e-01
-1.158999999999999986e+01 -5.000000000000000000e+00 -2.699529377833599142e+00
-8.930537577669710458e+00 -5.000000000000000000e+00 0.000000000000000000e+00
3.859999999999999876e+00 -5.000000000000000000e+00 -1.625588277708000795e-01
1.158999999999999986e+01 -5.000000000000000000e+00 -2.600941244332801161e-01
-1.158999999999999986e+01 5.000000000000000000e+00 -3.024647033375199356e+00
-8.930537577669710458e+00 5.000000000000000000e+00 0.000000000000000000e+00
3.859999999999999876e+00 5.000000000000000000e+00 -3.251176555416001590e-01
1.158999999999999986e+01 5.000000000000000000e+00 -4.876764833124002108e-01
-1.158999999999999986e+01 1.500000000000000000e+01 -4.000000000000000000e+00
-8.930537577669710458e+00 1.500000000000000000e+01 0.000000000000000000e+00
3.859999999999999876e+00 1.500000000000000000e+01 -3.251176555416001590e-01
1.158999999999999986e+01 1.500000000000000000e+01 -6.502353110832002903e-02
