-1.206798679767790716e+01 -1.500000000000000000e+01 -2.088052809288375722e-01
-1.159522013202322022e+01 -1.500000000000000000e+01 -1.305033005805234791e-01
3.860000000000000320e+00 -1.500000000000000000e+01 0.000000000000000000e+00
1.158999999999999986e+01 -1.500000000000000000e+01 -4.261006601161046348e+00
-1.206798679767790716e+01 -5.000000000000000000e+00 -2.088052809288375722e-01
-1.159522013202322022e+01 -5.000000000000000000e+00 -1.305033005805234791e-01
3.860000000000000320e+00 -5.000000000000000000e+00 0.000000000000000000e+00
1.158999999999999986e+01 -5.000000000000000000e+00 -4.261006601161046348e+00
-1.206798679767790716e+01 5.000000000000000000e+00 -3.915099017415704097e-01
-1.159522013202322022e+01 5.000000000000000000e+00 -2.610066011610469583e-01
3.860000000000000320e+00 5.000000000000000000e+00 0.000000000000000000e+00
1.158999999999999986e+01 5.000000000000000000e+00 -3.738993398838952764e+00
-1.206798679767790716e+01 1.500000000000000000e+01 -5.220132023220939305e-02
-1.159522013202322022e+01 1.500000000000000000e+01 -2.610066011610469583e-01
3.860000000000000320e+00 1.500000000000000000e+01 0.000000000000000000e+00
1.158999999999999986e+01 1.500000000000000000e+01 -3.216980196516859181e+00
