-1.218728581399055599e+01 -1.500000000000000000e+01 -3.597285813990557468e+00
-9.942898979221379108e+00 -1.500000000000000000e+01 0.000000000000000000e+00
3.859999999999999876e+00 -1.500000000000000000e+01 -1.006785465023606607e-01
1.158999999999999986e+01 -1.500000000000000000e+01 -1.610856744037770794e-01
-1.218728581399055599e+01 -5.000000000000000000e+00 -3.597285813990557468e+00
-9.942898979221379108e+00 -5.000000000000000000e+00 0.000000000000000000e+00
3.859999999999999876e+00 -5.000000000000000000e+00 -1.006785465023606607e-01
1.158999999999999986e+01 -5.000000000000000000e+00 -1.610856744037770794e-01
-1.218728581399055599e+01 5.000000000000000000e+00 -3.597285813990557468e+00
-9.942898979221379108e+00 5.000000000000000000e+00 0.000000000000000000e+00
3.859999999999999876e+00 5.000000000000000000e+00 -2.013570930047213214e-01
1.158999999999999986e+01 5.000000000000000000e+00 -3.020356395070820099e-01
-1.218728581399055599e+01 1.500000000000000000e+01 -3.597285813990557468e+00
-9.942898979221379108e+00 1.500000000000000000e+01 0.000000000000000000e+00
3.859999999999999876e+00 1.500000000000000000e+01 -2.013570930047213214e-01
1.158999999999999986e+01 1.500000000000000000e+01 -4.027141860094426984e-02
