-1.158999999999999986e+01 -1.500000000000000000e+01 -7.378143775123453540e-01
-8.676720081668003459e+00 -1.500000000000000000e+01 -1.092440093698560932e-01
3.859999999999999876e+00 -1.500000000000000000e+01 0.000000000000000000e+00
1.158999999999999986e+01 -1.500000000000000000e+01 -4.369760374794243729e-01
-1.158999999999999986e+01 -5.000000000000000000e+00 -7.378143775123453540e-01
-8.676720081668003459e+00 -5.000000000000000000e+00 -1.092440093698560932e-01
3.859999999999999876e+00 -5.000000000000000000e+00 0.000000000000000000e+00
1.158999999999999986e+01 -5.000000000000000000e+00 -4.369760374794243729e-01
-1.158999999999999986e+01 5.000000000000000000e+00 -1.735291934411007375e+00
-8.676720081668003459e+00 5.000000000000000000e+00 -2.184880187397121865e-01
3.859999999999999876e+00 5.000000000000000000e+00 0.000000000000000000e+00
1.158999999999999986e+01 5.000000000000000000e+00 -1.092440093698560988e+00
-1.158999999999999986e+01 1.500000000000000000e+01 -2.295793453830245134e+00
-8.676720081668003459e+00 1.500000000000000000e+01 -2.184880187397121865e-01
3.859999999999999876e+00 1.500000000000000000e+01 0.000000000000000000e+00
1.158999999999999986e+01 1.500000000000000000e+01 -1.747904149917697492e+00
