-1.158999999999999986e+01 -1.500000000000000000e+01 -3.579176666647781335e+00
-1.001082333335221897e+01 -1.500000000000000000e+01 0.000000000000000000e+00
3.859999999999999876e+00 -1.500000000000000000e+01 -3.947941666619453338e-01
1.158999999999999986e+01 -1.500000000000000000e+01 -2.420823333352218665e+00
-1.158999999999999986e+01 -5.000000000000000000e+00 -2.394794166661945223e+00
-1.001082333335221897e+01 -5.000000000000000000e+00 0.000000000000000000e+00
3.859999999999999876e+00 -5.000000000000000000e+00 -3.947941666619453338e-01
1.158999999999999986e+01 -5.000000000000000000e+00 -1.828632083359300609e+00
-1.158999999999999986e+01 5.000000000000000000e+00 -1.210411666676109332e+00
-1.001082333335221897e+01 5.000000000000000000e+00 0.000000000000000000e+00
3.859999999999999876e+00 5.000000000000000000e+00 -1.973970833309726669e-01
1.158999999999999986e+01 5.000000000000000000e+00 -1.828632083359300609e+00
-1.158999999999999986e+01 1.500000000000000000e+01 -1.210411666676109332e+00
-1.001082333335221897e+01 1.500000000000000000e+01 0.000000000000000000e+00
3.859999999999999876e+00 1.500000000000000000e+01 -1.973970833309726669e-01
1.158999999999999986e+01 1.500000000000000000e+01 -2.420823333352218665e+00
