-1.158999999999999986e+01 -1.500000000000000000e+01 -3.902111812382080380e+00
-9.521804562626183355e+00 -1.500000000000000000e+01 0.000000000000000000e+00
3.859999999999999876e+00 -1.500000000000000000e+01 -8.157348968159949809e-03
1.158999999999999986e+01 -1.500000000000000000e+01 -1.305175834905591969e-02
-1.158999999999999986e+01 -5.000000000000000000e+00 -2.451055906191040634e+00
-9.521804562626183355e+00 -5.000000000000000000e+00 0.000000000000000000e+00
3.859999999999999876e+00 -5.000000000000000000e+00 -8.157348968159949809e-03
1.158999999999999986e+01 -5.000000000000000000e+00 -1.305175834905591969e-02
-1.158999999999999986e+01 5.000000000000000000e+00 -1.048944093808959810e+00
-9.521804562626183355e+00 5.000000000000000000e+00 0.000000000000000000e+00
3.859999999999999876e+00 5.000000000000000000e+00 -1.631469793631989962e-02
1.158999999999999986e+01 5.000000000000000000e+00 -2.447204690447984943e-02
-1.158999999999999986e+01 1.500000000000000000e+01 -1.097888187617919398e+00
-9.521804562626183355e+00 1.500000000000000000e+01 0.000000000000000000e+00
3.859999999999999876e+00 1.500000000000000000e+01 -1.631469793631989962e-02
1.158999999999999986e+01 1.500000000000000000e+01 -3.262939587263979924e-03
