-1.158999999999999986e+01 -1.500000000000000000e+01 -8.568297454530132695e-01
-9.589999999999999858e+00 -1.500000000000000000e+01 0.000000000000000000e+00
3.859999999999999432e+00 -1.500000000000000000e+01 0.000000000000000000e+00
1.158999999999999986e+01 -1.500000000000000000e+01 -5.726810181879469219e-01
-1.158999999999999986e+01 -5.000000000000000000e+00 -8.568297454530132695e-01
-9.589999999999999858e+00 -5.000000000000000000e+00 0.000000000000000000e+00
3.859999999999999432e+00 -5.000000000000000000e+00 0.000000000000000000e+00
1.158999999999999986e+01 -5.000000000000000000e+00 -3.579256363674668262e-01
-1.158999999999999986e+01 5.000000000000000000e+00 -2.142074363632533007e+00
-9.589999999999999858e+00 5.000000000000000000e+00 0.000000000000000000e+00
3.859999999999999432e+00 5.000000000000000000e+00 0.000000000000000000e+00
1.158999999999999986e+01 5.000000000000000000e+00 -1.431702545469867305e-01
-1.158999999999999986e+01 1.500000000000000000e+01 -3.427318981812053078e+00
-9.589999999999999858e+00 1.500000000000000000e+01 0.000000000000000000e+00
3.859999999999999432e+00 1.500000000000000000e+01 0.000000000000000000e+00
1.158999999999999986e+01 1.500000000000000000e+01 -1.431702545469867305e-01
