-1.158999999999999986e+01 -1.500000000000000000e+01 -9.535158695387084826e-01
-1.006675793476935432e+01 -1.500000000000000000e+01 0.000000000000000000e+00
3.859999999999999876e+00 -1.500000000000000000e+01 0.000000000000000000e+00
1.158999999999999986e+01 -1.500000000000000000e+01 -3.046484130461291517e+00
-1.158999999999999986e+01 -5.000000000000000000e+00 -9.535158695387084826e-01
-1.006675793476935432e+01 -5.000000000000000000e+00 0.000000000000000000e+00
3.859999999999999876e+00 -5.000000000000000000e+00 0.000000000000000000e+00
1.158999999999999986e+01 -5.000000000000000000e+00 -1.904052581538307143e+00
-1.158999999999999986e+01 5.000000000000000000e+00 -9.535158695387084826e-01
-1.006675793476935432e+01 5.000000000000000000e+00 0.000000000000000000e+00
3.859999999999999876e+00 5.000000000000000000e+00 0.000000000000000000e+00
1.158999999999999986e+01 5.000000000000000000e+00 -7.616210326153228793e-01
-1.158999999999999986e+01 1.500000000000000000e+01 -9.535158695387084826e-01
-1.006675793476935432e+01 1.500000000000000000e+01 0.000000000000000000e+00
3.859999999999999876e+00 1.500000000000000000e+01 0.000000000000000000e+00
1.158999999999999986e+01 1.500000000000000000e+01 -7.616210326153228793e-01
