-1.158999999999999986e+01 -1.500000000000000000e+01 -2.749456238795989993e+00
-8.524723983324401289e+00 -1.500000000000000000e+01 0.000000000000000000e+00
3.859999999999999876e+00 -1.500000000000000000e+01 -1.873640596989974982e-01
1.158999999999999986e+01 -1.500000000000000000e+01 -2.997824955183960305e-01
-1.158999999999999986e+01 -5.000000000000000000e+00 -2.749456238795989993e+00
-8.524723983324401289e+00 -5.000000000000000000e+00 0.000000000000000000e+00
3.859999999999999876e+00 -5.000000000000000000e+00 -1.873640596989974982e-01
1.158999999999999986e+01 -5.000000000000000000e+00 -2.997824955183960305e-01
-1.158999999999999986e+01 5.000000000000000000e+00 -3.000000000000000000e+00
-8.524723983324401289e+00 5.000000000000000000e+00 0.000000000000000000e+00
3.859999999999999876e+00 5.000000000000000000e+00 -3.747281193979949965e-01
1.158999999999999986e+01 5.000000000000000000e+00 -5.620921790969924947e-01
-1.158999999999999986e+01 1.500000000000000000e+01 -3.250543761204010007e+00
-8.524723983324401289e+00 1.500000000000000000e+01 0.000000000000000000e+00
3.859999999999999876e+00 1.500000000000000000e+01 -3.747281193979949965e-01
1.158999999999999986e+01 1.500000000000000000e+01 -7.494562387959900762e-02
