-1.158999999999999986e+01 -1.500000000000000000e+01 -1.841259737500218874e+00
-1.143125973750021984e+01 -1.500000000000000000e+01 0.000000000000000000e+00
3.859999999999999876e+00 -1.500000000000000000e+01 0.000000000000000000e+00
1.158999999999999986e+01 -1.500000000000000000e+01 -4.000000000000000000e+00
-1.158999999999999986e+01 -5.000000000000000000e+00 -1.841259737500218874e+00
-1.143125973750021984e+01 -5.000000000000000000e+00 0.000000000000000000e+00
3.859999999999999876e+00 -5.000000000000000000e+00 0.000000000000000000e+00
1.158999999999999986e+01 -5.000000000000000000e+00 -3.880944803125164100e+00
-1.158999999999999986e+01 5.000000000000000000e+00 -1.841259737500218874e+00
-1.143125973750021984e+01 5.000000000000000000e+00 0.000000000000000000e+00
3.859999999999999876e+00 5.000000000000000000e+00 0.000000000000000000e+00
1.158999999999999986e+01 5.000000000000000000e+00 -3.761889606250328200e+00
-1.158999999999999986e+01 1.500000000000000000e+01 -1.841259737500218874e+00
-1.143125973750021984e+01 1.500000000000000000e+01 0.000000000000000000e+00
3.859999999999999876e+00 1.500000000000000000e+01 0.000000000000000000e+00
1.158999999999999986e+01 1.500000000000000000e+01 -3.761889606250328200e+00
