-1.158999999999999986e+01 -1.500000000000000000e+01 -2.491930795082057060e+00
-1.008193079508205692e+01 -1.500000000000000000e+01 -3.770173012294856796e-01
3.859999999999999876e+00 -1.500000000000000000e+01 0.000000000000000000e+00
1.158999999999999986e+01 -1.500000000000000000e+01 -3.016138409835885437e+00
-1.158999999999999986e+01 -5.000000000000000000e+00 -1.926404843237828679e+00
-1.008193079508205692e+01 -5.000000000000000000e+00 -3.770173012294856796e-01
3.859999999999999876e+00 -5.000000000000000000e+00 0.000000000000000000e+00
1.158999999999999986e+01 -5.000000000000000000e+00 -1.885086506147428453e+00
-1.158999999999999986e+01 5.000000000000000000e+00 -1.926404843237828679e+00
-1.008193079508205692e+01 5.000000000000000000e+00 -1.885086506147428398e-01
3.859999999999999876e+00 5.000000000000000000e+00 0.000000000000000000e+00
1.158999999999999986e+01 5.000000000000000000e+00 -7.540346024589713592e-01
-1.158999999999999986e+01 1.500000000000000000e+01 -2.491930795082057060e+00
-1.008193079508205692e+01 1.500000000000000000e+01 -1.885086506147428398e-01
3.859999999999999876e+00 1.500000000000000000e+01 0.000000000000000000e+00
1.158999999999999986e+01 1.500000000000000000e+01 -7.540346024589713592e-01
