-1.158999999999999986e+01 -1.500000000000000000e+01 -1.233295319831317488e-01
-1.159308323829957743e+01 -1.500000000000000000e+01 -7.708095748945734127e-02
3.859999999999999876e+00 -1.500000000000000000e+01 0.000000000000000000e+00
1.158999999999999986e+01 -1.500000000000000000e+01 -4.154161914978914183e+00
-1.158999999999999986e+01 -5.000000000000000000e+00 -1.233295319831317488e-01
-1.159308323829957743e+01 -5.000000000000000000e+00 -7.708095748945734127e-02
3.859999999999999876e+00 -5.000000000000000000e+00 0.000000000000000000e+00
1.158999999999999986e+01 -5.000000000000000000e+00 -4.154161914978914183e+00
-1.158999999999999986e+01 5.000000000000000000e+00 -2.312428724683720238e-01
-1.159308323829957743e+01 5.000000000000000000e+00 -1.541619149789146825e-01
3.859999999999999876e+00 5.000000000000000000e+00 0.000000000000000000e+00
1.158999999999999986e+01 5.000000000000000000e+00 -3.845838085021085373e+00
-1.158999999999999986e+01 1.500000000000000000e+01 -3.083238299578293720e-02
-1.159308323829957743e+01 1.500000000000000000e+01 -1.541619149789146825e-01
3.859999999999999876e+00 1.500000000000000000e+01 0.000000000000000000e+00
1.158999999999999986e+01 1.500000000000000000e+01 -3.537514255063255675e+00
