-1.158999999999999986e+01 -1.500000000000000000e+01 -1.636071256274219454e+00
-9.592274554648286156e+00 -1.500000000000000000e+01 -4.431361337928467758e-01
3.859999999999999876e+00 -1.500000000000000000e+01 0.000000000000000000e+00
1.158999999999999986e+01 -1.500000000000000000e+01 -4.113727732414306004e+00
-1.158999999999999986e+01 -5.000000000000000000e+00 -1.056662854895679127e+00
-9.592274554648286156e+00 -5.000000000000000000e+00 -4.431361337928467758e-01
3.859999999999999876e+00 -5.000000000000000000e+00 0.000000000000000000e+00
1.158999999999999986e+01 -5.000000000000000000e+00 -2.954910929657225793e+00
-1.158999999999999986e+01 5.000000000000000000e+00 -1.136272267585693552e+00
-9.592274554648286156e+00 5.000000000000000000e+00 -3.068638662071532242e-01
3.859999999999999876e+00 5.000000000000000000e+00 0.000000000000000000e+00
1.158999999999999986e+01 5.000000000000000000e+00 -1.568638662071532242e+00
-1.158999999999999986e+01 1.500000000000000000e+01 -1.567834616825635408e+00
-9.592274554648286156e+00 1.500000000000000000e+01 -3.068638662071532242e-01
3.859999999999999876e+00 1.500000000000000000e+01 0.000000000000000000e+00
1.158999999999999986e+01 1.500000000000000000e+01 -1.341183197242919345e+00
