-1.158999999999999986e+01 -1.500000000000000000e+01 -4.425777156182741479e+00
-1.159851554312365529e+01 -1.500000000000000000e+01 0.000000000000000000e+00
3.859999999999999876e+00 -1.500000000000000000e+01 -2.128885780913708226e-01
1.158999999999999986e+01 -1.500000000000000000e+01 -6.375131002152267801e-01
-1.158999999999999986e+01 -5.000000000000000000e+00 -4.425777156182741479e+00
-1.159851554312365529e+01 -5.000000000000000000e+00 0.000000000000000000e+00
3.859999999999999876e+00 -5.000000000000000000e+00 -2.128885780913708226e-01
1.158999999999999986e+01 -5.000000000000000000e+00 -6.375131002152267801e-01
-1.158999999999999986e+01 5.000000000000000000e+00 -3.574222843817258521e+00
-1.159851554312365529e+01 5.000000000000000000e+00 0.000000000000000000e+00
3.859999999999999876e+00 5.000000000000000000e+00 -4.257771561827416451e-01
1.158999999999999986e+01 5.000000000000000000e+00 -9.355571095431458595e-01
-1.158999999999999986e+01 1.500000000000000000e+01 -2.722668531451775120e+00
-1.159851554312365529e+01 1.500000000000000000e+01 0.000000000000000000e+00
3.859999999999999876e+00 1.500000000000000000e+01 -4.257771561827416451e-01
1.158999999999999986e+01 1.500000000000000000e+01 -3.820468065055817597e-01
