-1.158999999999999986e+01 -1.500000000000000000e+01 -1.565160000732133266e-02
-9.668649290036789523e+00 -1.500000000000000000e+01 -9.782250004575832047e-03
3.859999999999999876e+00 -1.500000000000000000e+01 0.000000000000000000e+00
1.158999999999999986e+01 -1.500000000000000000e+01 -1.136951500064061538e+00
-1.158999999999999986e+01 -5.000000000000000000e+00 -1.565160000732133266e-02
-9.668649290036789523e+00 -5.000000000000000000e+00 -9.782250004575832047e-03
3.859999999999999876e+00 -5.000000000000000000e+00 0.000000000000000000e+00
1.158999999999999986e+01 -5.000000000000000000e+00 -1.136951500064061538e+00
-1.158999999999999986e+01 5.000000000000000000e+00 -2.934675001372749614e-02
-9.668649290036789523e+00 5.000000000000000000e+00 -1.956450000915166409e-02
3.859999999999999876e+00 5.000000000000000000e+00 0.000000000000000000e+00
1.158999999999999986e+01 5.000000000000000000e+00 -2.539129000018303106e+00
-1.158999999999999986e+01 1.500000000000000000e+01 -3.912900001830333166e-03
-9.668649290036789523e+00 1.500000000000000000e+01 -1.956450000915166409e-02
3.859999999999999876e+00 1.500000000000000000e+01 0.000000000000000000e+00
1.158999999999999986e+01 1.500000000000000000e+01 -3.941306499972545119e+00
