-1.158999999999999986e+01 -1.500000000000000000e+01 -3.647326751019295266e+00
-9.598105170557820642e+00 -1.500000000000000000e+01 0.000000000000000000e+00
3.859999999999999876e+00 -1.500000000000000000e+01 -2.026292639455163913e-01
1.158999999999999986e+01 -1.500000000000000000e+01 -1.082138599184564010e+00
-1.158999999999999986e+01 -5.000000000000000000e+00 -3.647326751019295266e+00
-9.598105170557820642e+00 -5.000000000000000000e+00 0.000000000000000000e+00
3.859999999999999876e+00 -5.000000000000000000e+00 -2.026292639455163913e-01
1.158999999999999986e+01 -5.000000000000000000e+00 -7.979141828576623574e-01
-1.158999999999999986e+01 5.000000000000000000e+00 -2.836809695237229256e+00
-9.598105170557820642e+00 5.000000000000000000e+00 0.000000000000000000e+00
3.859999999999999876e+00 5.000000000000000000e+00 -4.052585278910327826e-01
1.158999999999999986e+01 5.000000000000000000e+00 -7.973707360544836087e-01
-1.158999999999999986e+01 1.500000000000000000e+01 -2.026292639455164135e+00
-9.598105170557820642e+00 1.500000000000000000e+01 0.000000000000000000e+00
3.859999999999999876e+00 1.500000000000000000e+01 -4.052585278910327826e-01
1.158999999999999986e+01 1.500000000000000000e+01 -2.705346497961410024e-01
