-1.158999999999999986e+01 -1.500000000000000000e+01 -5.731274789220355270e-01
-1.044374504215592836e+01 -1.500000000000000000e+01 0.000000000000000000e+00
3.859999999999999876e+00 -1.500000000000000000e+01 0.000000000000000000e+00
1.158999999999999986e+01 -1.500000000000000000e+01 -8.537450421559289460e-01
-1.158999999999999986e+01 -5.000000000000000000e+00 -5.731274789220355270e-01
-1.044374504215592836e+01 -5.000000000000000000e+00 0.000000000000000000e+00
3.859999999999999876e+00 -5.000000000000000000e+00 0.000000000000000000e+00
1.158999999999999986e+01 -5.000000000000000000e+00 -8.537450421559289460e-01
-1.158999999999999986e+01 5.000000000000000000e+00 -1.432818697305088929e+00
-1.044374504215592836e+01 5.000000000000000000e+00 0.000000000000000000e+00
3.859999999999999876e+00 5.000000000000000000e+00 0.000000000000000000e+00
1.158999999999999986e+01 5.000000000000000000e+00 -1.280617563233893419e+00
-1.158999999999999986e+01 1.500000000000000000e+01 -2.292509915688142108e+00
-1.044374504215592836e+01 1.500000000000000000e+01 0.000000000000000000e+00
3.859999999999999876e+00 1.500000000000000000e+01 0.000000000000000000e+00
1.158999999999999986e+01 1.500000000000000000e+01 -1.707490084311857892e+00
