-1.158999999999999986e+01 -1.500000000000000000e+01 -1.123243860629951740e+00
-1.159799098927602756e+01 -1.500000000000000000e+01 -1.997747319006978051e-01
3.859999999999999876e+00 -1.500000000000000000e+01 0.000000000000000000e+00
1.158999999999999986e+01 -1.500000000000000000e+01 -3.595945174212560325e+00
-1.158999999999999986e+01 -5.000000000000000000e+00 -1.123243860629951740e+00
-1.159799098927602756e+01 -5.000000000000000000e+00 -1.997747319006978051e-01
3.859999999999999876e+00 -5.000000000000000000e+00 0.000000000000000000e+00
1.158999999999999986e+01 -5.000000000000000000e+00 -3.595945174212560325e+00
-1.158999999999999986e+01 5.000000000000000000e+00 -1.402928485290928506e+00
-1.159799098927602756e+01 5.000000000000000000e+00 -3.995494638013956101e-01
3.859999999999999876e+00 5.000000000000000000e+00 0.000000000000000000e+00
1.158999999999999986e+01 5.000000000000000000e+00 -2.796846246609769437e+00
-1.158999999999999986e+01 1.500000000000000000e+01 -8.835141823491142743e-01
-1.159799098927602756e+01 1.500000000000000000e+01 -3.995494638013956101e-01
3.859999999999999876e+00 1.500000000000000000e+01 0.000000000000000000e+00
1.158999999999999986e+01 1.500000000000000000e+01 -1.997747319006978106e+00
