-1.158999999999999986e+01 -1.500000000000000000e+01 -9.288030056774077003e-01
-9.589999999999999858e+00 -1.500000000000000000e+01 0.000000000000000000e+00
3.859999999999999876e+00 -1.500000000000000000e+01 0.000000000000000000e+00
1.158999999999999986e+01 -1.500000000000000000e+01 -7.677992485806480749e-01
-1.158999999999999986e+01 -5.000000000000000000e+00 -5.805018785483797572e-01
-9.589999999999999858e+00 -5.000000000000000000e+00 0.000000000000000000e+00
3.859999999999999876e+00 -5.000000000000000000e+00 0.000000000000000000e+00
1.158999999999999986e+01 -5.000000000000000000e+00 -7.677992485806480749e-01
-1.158999999999999986e+01 5.000000000000000000e+00 -2.322007514193519251e-01
-9.589999999999999858e+00 5.000000000000000000e+00 0.000000000000000000e+00
3.859999999999999876e+00 5.000000000000000000e+00 0.000000000000000000e+00
1.158999999999999986e+01 5.000000000000000000e+00 -1.919498121451620243e+00
-1.158999999999999986e+01 1.500000000000000000e+01 -2.322007514193519251e-01
-9.589999999999999858e+00 1.500000000000000000e+01 0.000000000000000000e+00
3.859999999999999876e+00 1.500000000000000000e+01 0.000000000000000000e+00
1.158999999999999986e+01 1.500000000000000000e+01 -3.071196994322592300e+00
