-1.158999999999999986e+01 -1.500000000000000000e+01 -4.356131335568804275e+00
-1.017259728443615963e+01 -1.500000000000000000e+01 0.000000000000000000e+00
3.860000000000000320e+00 -1.500000000000000000e+01 -1.780656677844019986e-01
1.158999999999999986e+01 -1.500000000000000000e+01 -2.849050684550432089e-01
-1.158999999999999986e+01 -5.000000000000000000e+00 -4.356131335568804275e+00
-1.017259728443615963e+01 -5.000000000000000000e+00 0.000000000000000000e+00
3.860000000000000320e+00 -5.000000000000000000e+00 -1.780656677844019986e-01
1.158999999999999986e+01 -5.000000000000000000e+00 -2.849050684550432089e-01
-1.158999999999999986e+01 5.000000000000000000e+00 -3.643868664431196169e+00
-1.017259728443615963e+01 5.000000000000000000e+00 0.000000000000000000e+00
3.860000000000000320e+00 5.000000000000000000e+00 -3.561313355688039972e-01
1.158999999999999986e+01 5.000000000000000000e+00 -5.341970033532059681e-01
-1.158999999999999986e+01 1.500000000000000000e+01 -2.931605993293588064e+00
-1.017259728443615963e+01 1.500000000000000000e+01 0.000000000000000000e+00
3.860000000000000320e+00 1.500000000000000000e+01 -3.561313355688039972e-01
1.158999999999999986e+01 1.500000000000000000e+01 -7.122626711376080222e-02
