-1.158999999999999986e+01 -1.500000000000000000e+01 -3.776406135925912455e+00
-1.136640613592591187e+01 -1.500000000000000000e+01 -5.589846601852188623e-02
3.859999999999999876e+00 -1.500000000000000000e+01 0.000000000000000000e+00
1.158999999999999986e+01 -1.500000000000000000e+01 -4.471877281481750899e-01
-1.158999999999999986e+01 -5.000000000000000000e+00 -3.692558436898129681e+00
-1.136640613592591187e+01 -5.000000000000000000e+00 -5.589846601852188623e-02
3.859999999999999876e+00 -5.000000000000000000e+00 0.000000000000000000e+00
1.158999999999999986e+01 -5.000000000000000000e+00 -2.794923300926094312e-01
-1.158999999999999986e+01 5.000000000000000000e+00 -3.692558436898129681e+00
-1.136640613592591187e+01 5.000000000000000000e+00 -2.794923300926094312e-02
3.859999999999999876e+00 5.000000000000000000e+00 0.000000000000000000e+00
1.158999999999999986e+01 5.000000000000000000e+00 -1.117969320370437725e-01
-1.158999999999999986e+01 1.500000000000000000e+01 -3.776406135925912455e+00
-1.136640613592591187e+01 1.500000000000000000e+01 -2.794923300926094312e-02
3.859999999999999876e+00 1.500000000000000000e+01 0.000000000000000000e+00
1.158999999999999986e+01 1.500000000000000000e+01 -1.117969320370437725e-01
