-1.158999999999999986e+01 -1.500000000000000000e+01 -5.512834368687111741e-01
-8.026970638426011107e+00 -1.500000000000000000e+01 -1.869652346380370478e-01
3.860000000000000320e+00 -1.500000000000000000e+01 0.000000000000000000e+00
1.158999999999999986e+01 -1.500000000000000000e+01 -7.478609385521481911e-01
-1.158999999999999986e+01 -5.000000000000000000e+00 -5.512834368687111741e-01
-8.026970638426011107e+00 -5.000000000000000000e+00 -1.869652346380370478e-01
3.860000000000000320e+00 -5.000000000000000000e+00 0.000000000000000000e+00
1.158999999999999986e+01 -5.000000000000000000e+00 -7.478609385521481911e-01
-1.158999999999999986e+01 5.000000000000000000e+00 -1.191243357533740665e+00
-8.026970638426011107e+00 5.000000000000000000e+00 -3.739304692760740956e-01
3.860000000000000320e+00 5.000000000000000000e+00 0.000000000000000000e+00
1.158999999999999986e+01 5.000000000000000000e+00 -1.869652346380370478e+00
-1.158999999999999986e+01 1.500000000000000000e+01 -1.083342339646621966e+00
-8.026970638426011107e+00 1.500000000000000000e+01 -3.739304692760740956e-01
3.860000000000000320e+00 1.500000000000000000e+01 0.000000000000000000e+00
1.158999999999999986e+01 1.500000000000000000e+01 -2.991443754208592765e+00
