-1.158999999999999986e+01 -1.500000000000000000e+01 -1.401272971589598404e+00
-9.034238010301653077e+00 -1.500000000000000000e+01 -9.355109818912524244e-02
3.860000000000000320e+00 -1.500000000000000000e+01 -1.564489018108747576e-01
1.158999999999999986e+01 -1.500000000000000000e+01 -1.934238010301653876e+00
-1.158999999999999986e+01 -5.000000000000000000e+00 -1.401272971589598404e+00
-9.034238010301653077e+00 -5.000000000000000000e+00 -9.355109818912524244e-02
3.860000000000000320e+00 -5.000000000000000000e+00 -1.564489018108747576e-01
1.158999999999999986e+01 -5.000000000000000000e+00 -1.934238010301653876e+00
-1.158999999999999986e+01 5.000000000000000000e+00 -1.845142312676123275e+00
-9.034238010301653077e+00 5.000000000000000000e+00 -1.871021963782504849e-01
3.860000000000000320e+00 5.000000000000000000e+00 -3.128978036217495151e-01
1.158999999999999986e+01 5.000000000000000000e+00 -1.779062080080377584e+00
-1.158999999999999986e+01 1.500000000000000000e+01 -2.540602868249646207e+00
-9.034238010301653077e+00 1.500000000000000000e+01 -1.871021963782504849e-01
3.860000000000000320e+00 1.500000000000000000e+01 -3.128978036217495151e-01
1.158999999999999986e+01 1.500000000000000000e+01 -9.980905426156022608e-01
