-1.158999999999999986e+01 -1.500000000000000000e+01 -8.126938158546628266e-01
-8.554948566778481478e+00 -1.500000000000000000e+01 -1.855165912727089472e-01
3.859999999999999876e+00 -1.500000000000000000e+01 0.000000000000000000e+00
1.158999999999999986e+01 -1.500000000000000000e+01 -1.484132730181671578e+00
-1.158999999999999986e+01 -5.000000000000000000e+00 -8.126938158546628266e-01
-8.554948566778481478e+00 -5.000000000000000000e+00 -1.855165912727089472e-01
3.859999999999999876e+00 -5.000000000000000000e+00 0.000000000000000000e+00
1.158999999999999986e+01 -5.000000000000000000e+00 -1.484132730181671578e+00
-1.158999999999999986e+01 5.000000000000000000e+00 -1.330350678545619392e+00
-8.554948566778481478e+00 5.000000000000000000e+00 -3.710331825454178944e-01
3.859999999999999876e+00 5.000000000000000000e+00 0.000000000000000000e+00
1.158999999999999986e+01 5.000000000000000000e+00 -1.855165912727089417e+00
-1.158999999999999986e+01 1.500000000000000000e+01 -1.105941176145740501e+00
-8.554948566778481478e+00 1.500000000000000000e+01 -3.710331825454178944e-01
3.859999999999999876e+00 1.500000000000000000e+01 0.000000000000000000e+00
1.158999999999999986e+01 1.500000000000000000e+01 -2.968265460363343156e+00
