-1.158999999999999986e+01 -1.500000000000000000e+01 -1.631390550386781824e+00
-1.159362531233419347e+01 -1.500000000000000000e+01 0.000000000000000000e+00
3.859999999999999876e+00 -1.500000000000000000e+01 -9.063280835482120934e-02
1.158999999999999986e+01 -1.500000000000000000e+01 -1.419950026529144260e+00
-1.158999999999999986e+01 -5.000000000000000000e+00 -1.631390550386781824e+00
-1.159362531233419347e+01 -5.000000000000000000e+00 0.000000000000000000e+00
3.859999999999999876e+00 -5.000000000000000000e+00 -9.063280835482120934e-02
1.158999999999999986e+01 -5.000000000000000000e+00 -1.419950026529144260e+00
-1.158999999999999986e+01 5.000000000000000000e+00 -1.268859316967496875e+00
-1.159362531233419347e+01 5.000000000000000000e+00 0.000000000000000000e+00
3.859999999999999876e+00 5.000000000000000000e+00 -1.812656167096424187e-01
1.158999999999999986e+01 5.000000000000000000e+00 -2.184304724806609421e+00
-1.158999999999999986e+01 1.500000000000000000e+01 -9.063280835482121489e-01
-1.159362531233419347e+01 1.500000000000000000e+01 0.000000000000000000e+00
3.859999999999999876e+00 1.500000000000000000e+01 -1.812656167096424187e-01
1.158999999999999986e+01 1.500000000000000000e+01 -2.586128189664789190e+00
