-1.158999999999999986e+01 -1.500000000000000000e+01 -3.816609469149183198e+00
-1.129475222955330160e+01 -1.500000000000000000e+01 0.000000000000000000e+00
3.859999999999999876e+00 -1.500000000000000000e+01 -2.120338593971768382e-01
1.158999999999999986e+01 -1.500000000000000000e+01 -9.467124246806535304e-01
-1.158999999999999986e+01 -5.000000000000000000e+00 -3.816609469149183198e+00
-1.129475222955330160e+01 -5.000000000000000000e+00 0.000000000000000000e+00
3.859999999999999876e+00 -5.000000000000000000e+00 -2.120338593971768382e-01
1.158999999999999986e+01 -5.000000000000000000e+00 -7.189155810637145594e-01
-1.158999999999999986e+01 5.000000000000000000e+00 -2.968474031560475623e+00
-1.129475222955330160e+01 5.000000000000000000e+00 0.000000000000000000e+00
3.859999999999999876e+00 5.000000000000000000e+00 -4.240677187943536763e-01
1.158999999999999986e+01 5.000000000000000000e+00 -7.879661406028231063e-01
-1.158999999999999986e+01 1.500000000000000000e+01 -2.120338593971768493e+00
-1.129475222955330160e+01 1.500000000000000000e+01 0.000000000000000000e+00
3.859999999999999876e+00 1.500000000000000000e+01 -4.240677187943536763e-01
1.158999999999999986e+01 1.500000000000000000e+01 -2.366781061701633826e-01
