-1.158999999999999986e+01 -1.500000000000000000e+01 -2.129059522197029430e+00
-1.044344366936440416e+01 -1.500000000000000000e+01 -1.445695413294494358e-01
3.859999999999999876e+00 -1.500000000000000000e+01 -1.054304586705505642e-01
1.158999999999999986e+01 -1.500000000000000000e+01 -2.770940477802970925e+00
-1.158999999999999986e+01 -5.000000000000000000e+00 -2.129059522197029430e+00
-1.044344366936440416e+01 -5.000000000000000000e+00 -1.445695413294494358e-01
3.859999999999999876e+00 -5.000000000000000000e+00 -1.054304586705505642e-01
1.158999999999999986e+01 -5.000000000000000000e+00 -2.770940477802970925e+00
-1.158999999999999986e+01 5.000000000000000000e+00 -1.909735045376056206e+00
-1.044344366936440416e+01 5.000000000000000000e+00 -2.891390826588988716e-01
3.859999999999999876e+00 5.000000000000000000e+00 -2.108609173411011284e-01
1.158999999999999986e+01 5.000000000000000000e+00 -2.340264954623943794e+00
-1.158999999999999986e+01 1.500000000000000000e+01 -1.112132403237285461e+00
-1.044344366936440416e+01 1.500000000000000000e+01 -2.891390826588988716e-01
3.859999999999999876e+00 1.500000000000000000e+01 -2.108609173411011284e-01
1.158999999999999986e+01 1.500000000000000000e+01 -1.487867596762714628e+00
