-1.158999999999999986e+01 -1.500000000000000000e+01 -8.311270089491365476e-02
-1.117443649552543228e+01 -1.500000000000000000e+01 -5.194543805932103075e-02
3.860000000000000320e+00 -1.500000000000000000e+01 0.000000000000000000e+00
1.158999999999999986e+01 -1.500000000000000000e+01 -3.376654743288147742e+00
-1.158999999999999986e+01 -5.000000000000000000e+00 -8.311270089491365476e-02
-1.117443649552543228e+01 -5.000000000000000000e+00 -5.194543805932103075e-02
3.860000000000000320e+00 -5.000000000000000000e+00 0.000000000000000000e+00
1.158999999999999986e+01 -5.000000000000000000e+00 -3.376654743288147742e+00
-1.158999999999999986e+01 5.000000000000000000e+00 -1.558363141779630923e-01
-1.117443649552543228e+01 5.000000000000000000e+00 -1.038908761186420615e-01
3.860000000000000320e+00 5.000000000000000000e+00 0.000000000000000000e+00
1.158999999999999986e+01 5.000000000000000000e+00 -3.688327371644073871e+00
-1.158999999999999986e+01 1.500000000000000000e+01 -2.077817522372841369e-02
-1.117443649552543228e+01 1.500000000000000000e+01 -1.038908761186420615e-01
3.860000000000000320e+00 1.500000000000000000e+01 0.000000000000000000e+00
1.158999999999999986e+01 1.500000000000000000e+01 -4.000000000000000000e+00
