-1.158999999999999986e+01 -1.500000000000000000e+01 -9.777262244778902600e-01
-9.634547551044219560e+00 -1.500000000000000000e+01 0.000000000000000000e+00
3.859999999999999876e+00 -1.500000000000000000e+01 -2.444315561194725650e-01
1.158999999999999986e+01 -1.500000000000000000e+01 -4.801855918795950862e-01
-1.158999999999999986e+01 -5.000000000000000000e+00 -9.777262244778902600e-01
-9.634547551044219560e+00 -5.000000000000000000e+00 0.000000000000000000e+00
3.859999999999999876e+00 -5.000000000000000000e+00 -2.444315561194725650e-01
1.158999999999999986e+01 -5.000000000000000000e+00 -4.801855918795950862e-01
-1.158999999999999986e+01 5.000000000000000000e+00 -2.444315561194725817e+00
-9.634547551044219560e+00 5.000000000000000000e+00 0.000000000000000000e+00
3.859999999999999876e+00 5.000000000000000000e+00 -4.888631122389451300e-01
1.158999999999999986e+01 5.000000000000000000e+00 -8.223897704468566827e-01
-1.158999999999999986e+01 1.500000000000000000e+01 -3.910904897911561040e+00
-9.634547551044219560e+00 1.500000000000000000e+01 0.000000000000000000e+00
3.859999999999999876e+00 1.500000000000000000e+01 -4.888631122389451300e-01
1.158999999999999986e+01 1.500000000000000000e+01 -1.868677245362279915e-01
