-1.158999999999999986e+01 -1.500000000000000000e+01 -4.488556009256052248e-01
-9.599185739984573473e+00 -1.500000000000000000e+01 -2.296434996143311702e-01
3.859999999999999876e+00 -1.500000000000000000e+01 -2.035650038566882980e-02
1.158999999999999986e+01 -1.500000000000000000e+01 -4.166153393675030792e+00
-1.158999999999999986e+01 -5.000000000000000000e+00 -4.488556009256052248e-01
-9.599185739984573473e+00 -5.000000000000000000e+00 -2.296434996143311702e-01
3.859999999999999876e+00 -5.000000000000000000e+00 -2.035650038566882980e-02
1.158999999999999986e+01 -5.000000000000000000e+00 -4.166153393675030792e+00
-1.158999999999999986e+01 5.000000000000000000e+00 -8.924955026996818086e-01
-9.599185739984573473e+00 5.000000000000000000e+00 -4.592869992286623404e-01
3.859999999999999876e+00 5.000000000000000000e+00 -4.071300077133765960e-02
1.158999999999999986e+01 5.000000000000000000e+00 -3.276078495757642983e+00
-1.158999999999999986e+01 1.500000000000000000e+01 -4.175614060164337671e-01
-9.599185739984573473e+00 1.500000000000000000e+01 -4.592869992286623404e-01
3.859999999999999876e+00 1.500000000000000000e+01 -4.071300077133765960e-02
1.158999999999999986e+01 1.500000000000000000e+01 -2.304577596297578967e+00
