-1.106477319811978433e+01 -1.500000000000000000e+01 -9.495463962395693791e-01
-1.158999999999999986e+01 -1.500000000000000000e+01 0.000000000000000000e+00
3.859999999999999432e+00 -1.500000000000000000e+01 0.000000000000000000e+00
1.158999999999999986e+01 -1.500000000000000000e+01 -4.000000000000000000e+00
-1.158999999999999986e+01 -5.000000000000000000e+00 -9.495463962395693791e-01
-1.158999999999999986e+01 -5.000000000000000000e+00 0.000000000000000000e+00
3.859999999999999432e+00 -5.000000000000000000e+00 0.000000000000000000e+00
1.158999999999999986e+01 -5.000000000000000000e+00 -4.000000000000000000e+00
-1.211522680188021539e+01 5.000000000000000000e+00 -9.495463962395693791e-01
-1.158999999999999986e+01 5.000000000000000000e+00 0.000000000000000000e+00
3.859999999999999432e+00 5.000000000000000000e+00 0.000000000000000000e+00
1.158999999999999986e+01 5.000000000000000000e+00 -4.000000000000000000e+00
-1.211522680188021539e+01 1.500000000000000000e+01 -9.495463962395693791e-01
-1.158999999999999986e+01 1.500000000000000000e+01 0.000000000000000000e+00
3.859999999999999432e+00 1.500000000000000000e+01 0.000000000000000000e+00
1.158999999999999986e+01 1.500000000000000000e+01 -4.000000000000000000e+00
