-1.158999999999999986e+01 -1.500000000000000000e+01 -4.025441177585010522e+00
-1.148874411321165923e+01 -1.500000000000000000e+01 0.000000000000000000e+00
3.859999999999999876e+00 -1.500000000000000000e+01 -1.272058879250503871e-02
1.158999999999999986e+01 -1.500000000000000000e+01 -1.918588231727967663e+00
-1.158999999999999986e+01 -5.000000000000000000e+00 -4.025441177585010522e+00
-1.148874411321165923e+01 -5.000000000000000000e+00 0.000000000000000000e+00
3.859999999999999876e+00 -5.000000000000000000e+00 -1.272058879250503871e-02
1.158999999999999986e+01 -5.000000000000000000e+00 -1.918588231727967663e+00
-1.158999999999999986e+01 5.000000000000000000e+00 -3.974558822414989923e+00
-1.148874411321165923e+01 5.000000000000000000e+00 0.000000000000000000e+00
3.859999999999999876e+00 5.000000000000000000e+00 -2.544117758501007742e-02
1.158999999999999986e+01 5.000000000000000000e+00 -1.936397056037474806e+00
-1.158999999999999986e+01 1.500000000000000000e+01 -3.923676467244969768e+00
-1.148874411321165923e+01 1.500000000000000000e+01 0.000000000000000000e+00
3.859999999999999876e+00 1.500000000000000000e+01 -2.544117758501007742e-02
1.158999999999999986e+01 1.500000000000000000e+01 -1.903323525176961795e+00
