-1.158999999999999986e+01 -1.500000000000000000e+01 -1.890339584363028624e+00
-1.148033958436302804e+01 -1.500000000000000000e+01 0.000000000000000000e+00
3.859999999999999876e+00 -1.500000000000000000e+01 0.000000000000000000e+00
1.158999999999999986e+01 -1.500000000000000000e+01 -2.193208312739427512e-01
-1.158999999999999986e+01 -5.000000000000000000e+00 -1.890339584363028624e+00
-1.148033958436302804e+01 -5.000000000000000000e+00 0.000000000000000000e+00
3.859999999999999876e+00 -5.000000000000000000e+00 0.000000000000000000e+00
1.158999999999999986e+01 -5.000000000000000000e+00 -1.370755195462142195e-01
-1.158999999999999986e+01 5.000000000000000000e+00 -2.835509376544543159e+00
-1.148033958436302804e+01 5.000000000000000000e+00 0.000000000000000000e+00
3.859999999999999876e+00 5.000000000000000000e+00 0.000000000000000000e+00
1.158999999999999986e+01 5.000000000000000000e+00 -5.483020781848568781e-02
-1.158999999999999986e+01 1.500000000000000000e+01 -3.780679168726057249e+00
-1.148033958436302804e+01 1.500000000000000000e+01 0.000000000000000000e+00
3.859999999999999876e+00 1.500000000000000000e+01 0.000000000000000000e+00
1.158999999999999986e+01 1.500000000000000000e+01 -5.483020781848568781e-02
