-1.158999999999999986e+01 -1.500000000000000000e+01 -1.780350199580008619e+00
-9.303082448201386967e+00 -1.500000000000000000e+01 -4.656797186843763536e-01
3.859999999999999876e+00 -1.500000000000000000e+01 0.000000000000000000e+00
1.158999999999999986e+01 -1.500000000000000000e+01 -3.725437749475010829e+00
-1.158999999999999986e+01 -5.000000000000000000e+00 -1.133311043526879613e+00
-9.303082448201386967e+00 -5.000000000000000000e+00 -4.656797186843763536e-01
3.859999999999999876e+00 -5.000000000000000000e+00 0.000000000000000000e+00
1.158999999999999986e+01 -5.000000000000000000e+00 -2.431359437368752818e+00
-1.158999999999999986e+01 5.000000000000000000e+00 -1.181359437368752818e+00
-9.303082448201386967e+00 5.000000000000000000e+00 -2.843202813156236464e-01
3.859999999999999876e+00 5.000000000000000000e+00 0.000000000000000000e+00
1.158999999999999986e+01 5.000000000000000000e+00 -1.205921687893741989e+00
-1.158999999999999986e+01 1.500000000000000000e+01 -1.739165862001260221e+00
-9.303082448201386967e+00 1.500000000000000000e+01 -2.843202813156236464e-01
3.859999999999999876e+00 1.500000000000000000e+01 0.000000000000000000e+00
1.158999999999999986e+01 1.500000000000000000e+01 -1.411843375787483756e+00
