-1.158999999999999986e+01 -1.500000000000000000e+01 -2.604640713855447487e+00
-1.159387599801706870e+01 -1.500000000000000000e+01 -9.689995042670504488e-02
3.859999999999999876e+00 -1.500000000000000000e+01 0.000000000000000000e+00
1.158999999999999986e+01 -1.500000000000000000e+01 -1.744199107680690863e+00
-1.158999999999999986e+01 -5.000000000000000000e+00 -2.604640713855447487e+00
-1.159387599801706870e+01 -5.000000000000000000e+00 -9.689995042670504488e-02
3.859999999999999876e+00 -5.000000000000000000e+00 0.000000000000000000e+00
1.158999999999999986e+01 -5.000000000000000000e+00 -1.744199107680690863e+00
-1.158999999999999986e+01 5.000000000000000000e+00 -2.740300644452834611e+00
-1.159387599801706870e+01 5.000000000000000000e+00 -1.937999008534100898e-01
3.859999999999999876e+00 5.000000000000000000e+00 0.000000000000000000e+00
1.158999999999999986e+01 5.000000000000000000e+00 -1.356599305973870573e+00
-1.158999999999999986e+01 1.500000000000000000e+01 -2.488360773343401444e+00
-1.159387599801706870e+01 1.500000000000000000e+01 -1.937999008534100898e-01
3.859999999999999876e+00 1.500000000000000000e+01 0.000000000000000000e+00
1.158999999999999986e+01 1.500000000000000000e+01 -9.689995042670505043e-01
