-1.158999999999999986e+01 -1.500000000000000000e+01 -4.030135907921835181e-01
-9.601470044288868522e+00 -1.500000000000000000e+01 -2.498162444638912516e-01
3.859999999999999876e+00 -1.500000000000000000e+01 -1.837555361087483963e-04
1.158999999999999986e+01 -1.500000000000000000e+01 -4.496986409207816671e+00
-1.158999999999999986e+01 -5.000000000000000000e+00 -4.030135907921835181e-01
-9.601470044288868522e+00 -5.000000000000000000e+00 -2.498162444638912516e-01
3.859999999999999876e+00 -5.000000000000000000e+00 -1.837555361087483963e-04
1.158999999999999986e+01 -5.000000000000000000e+00 -4.496986409207816671e+00
-1.158999999999999986e+01 5.000000000000000000e+00 -7.520213108971962601e-01
-9.601470044288868522e+00 5.000000000000000000e+00 -4.996324889277825032e-01
3.859999999999999876e+00 5.000000000000000000e+00 -3.675110722174967925e-04
1.158999999999999986e+01 5.000000000000000000e+00 -3.497978689102803962e+00
-1.158999999999999986e+01 1.500000000000000000e+01 -1.017640531466439957e-01
-9.601470044288868522e+00 1.500000000000000000e+01 -4.996324889277825032e-01
3.859999999999999876e+00 1.500000000000000000e+01 -3.675110722174967925e-04
1.158999999999999986e+01 1.500000000000000000e+01 -2.498235946853355927e+00
