-1.158999999999999986e+01 -1.500000000000000000e+01 -9.167090084252894622e-01
-7.790130287318575597e+00 -1.500000000000000000e+01 -3.470457982279606668e-02
3.859999999999999876e+00 -1.500000000000000000e+01 -2.152954201772039333e-01
1.158999999999999986e+01 -1.500000000000000000e+01 -4.832909915747105600e-01
-1.158999999999999986e+01 -5.000000000000000000e+00 -9.167090084252894622e-01
-7.790130287318575597e+00 -5.000000000000000000e+00 -3.470457982279606668e-02
3.859999999999999876e+00 -5.000000000000000000e+00 -2.152954201772039333e-01
1.158999999999999986e+01 -5.000000000000000000e+00 -4.832909915747105600e-01
-1.158999999999999986e+01 5.000000000000000000e+00 -2.257067941240427533e+00
-7.790130287318575597e+00 5.000000000000000000e+00 -6.940915964559213336e-02
3.859999999999999876e+00 5.000000000000000000e+00 -4.305908403544078666e-01
1.158999999999999986e+01 5.000000000000000000e+00 -9.929320587595724668e-01
-1.158999999999999986e+01 1.500000000000000000e+01 -3.458608554764381449e+00
-7.790130287318575597e+00 1.500000000000000000e+01 -6.940915964559213336e-02
3.859999999999999876e+00 1.500000000000000000e+01 -4.305908403544078666e-01
1.158999999999999986e+01 1.500000000000000000e+01 -6.413914452356186402e-01
