-1.158999999999999986e+01 -1.500000000000000000e+01 -1.094733030887656833e+00
-8.407495021597000573e+00 -1.500000000000000000e+01 -3.585520360761963454e-01
3.859999999999999876e+00 -1.500000000000000000e+01 0.000000000000000000e+00
1.158999999999999986e+01 -1.500000000000000000e+01 -3.434208144304785382e+00
-1.158999999999999986e+01 -5.000000000000000000e+00 -7.690769226590676855e-01
-8.407495021597000573e+00 -5.000000000000000000e+00 -3.585520360761963454e-01
3.859999999999999876e+00 -5.000000000000000000e+00 0.000000000000000000e+00
1.158999999999999986e+01 -5.000000000000000000e+00 -2.782895927847607087e+00
-1.158999999999999986e+01 5.000000000000000000e+00 -9.671040721523926909e-01
-8.407495021597000573e+00 5.000000000000000000e+00 -3.914479639238036546e-01
3.859999999999999876e+00 5.000000000000000000e+00 0.000000000000000000e+00
1.158999999999999986e+01 5.000000000000000000e+00 -2.131583711390428792e+00
-1.158999999999999986e+01 1.500000000000000000e+01 -9.249954741790924473e-01
-8.407495021597000573e+00 1.500000000000000000e+01 -3.914479639238036546e-01
3.859999999999999876e+00 1.500000000000000000e+01 0.000000000000000000e+00
1.158999999999999986e+01 1.500000000000000000e+01 -2.131583711390428792e+00
