-1.158999999999999986e+01 -1.500000000000000000e+01 -2.944487297068190124e+00
-1.011775635146590524e+01 -1.500000000000000000e+01 0.000000000000000000e+00
3.859999999999999876e+00 -1.500000000000000000e+01 0.000000000000000000e+00
1.158999999999999986e+01 -1.500000000000000000e+01 -1.055512702931809876e+00
-1.158999999999999986e+01 -5.000000000000000000e+00 -1.840304560667618716e+00
-1.011775635146590524e+01 -5.000000000000000000e+00 0.000000000000000000e+00
3.859999999999999876e+00 -5.000000000000000000e+00 0.000000000000000000e+00
1.158999999999999986e+01 -5.000000000000000000e+00 -1.055512702931809876e+00
-1.158999999999999986e+01 5.000000000000000000e+00 -7.361218242670475309e-01
-1.011775635146590524e+01 5.000000000000000000e+00 0.000000000000000000e+00
3.859999999999999876e+00 5.000000000000000000e+00 0.000000000000000000e+00
1.158999999999999986e+01 5.000000000000000000e+00 -1.055512702931809876e+00
-1.158999999999999986e+01 1.500000000000000000e+01 -7.361218242670475309e-01
-1.011775635146590524e+01 1.500000000000000000e+01 0.000000000000000000e+00
3.859999999999999876e+00 1.500000000000000000e+01 0.000000000000000000e+00
1.158999999999999986e+01 1.500000000000000000e+01 -1.055512702931809876e+00
