-1.091759599535129333e+01 -1.500000000000000000e+01 -3.017212013946119598e+00
-1.025013237901320906e+01 -1.500000000000000000e+01 0.000000000000000000e+00
3.860000000000000320e+00 -1.500000000000000000e+01 -8.189899883782336687e-02
1.158999999999999986e+01 -1.500000000000000000e+01 -1.310383981405174036e-01
-1.158999999999999986e+01 -5.000000000000000000e+00 -3.017212013946119598e+00
-1.025013237901320906e+01 -5.000000000000000000e+00 0.000000000000000000e+00
3.860000000000000320e+00 -5.000000000000000000e+00 -8.189899883782336687e-02
1.158999999999999986e+01 -5.000000000000000000e+00 -1.310383981405174036e-01
-1.226240400464870639e+01 5.000000000000000000e+00 -3.508606006973059799e+00
-1.025013237901320906e+01 5.000000000000000000e+00 0.000000000000000000e+00
3.860000000000000320e+00 5.000000000000000000e+00 -1.637979976756467337e-01
1.158999999999999986e+01 5.000000000000000000e+00 -2.456969965134701006e-01
-1.226240400464870639e+01 1.500000000000000000e+01 -4.000000000000000000e+00
-1.025013237901320906e+01 1.500000000000000000e+01 0.000000000000000000e+00
3.860000000000000320e+00 1.500000000000000000e+01 -1.637979976756467337e-01
1.158999999999999986e+01 1.500000000000000000e+01 -3.275959953512935091e-02
