-1.158999999999999986e+01 -1.500000000000000000e+01 -5.976640903541594607e-01
-1.018766409035415954e+01 -1.500000000000000000e+01 0.000000000000000000e+00
3.859999999999999876e+00 -1.500000000000000000e+01 0.000000000000000000e+00
1.158999999999999986e+01 -1.500000000000000000e+01 -4.000000000000000000e+00
-1.158999999999999986e+01 -5.000000000000000000e+00 -5.976640903541594607e-01
-1.018766409035415954e+01 -5.000000000000000000e+00 0.000000000000000000e+00
3.859999999999999876e+00 -5.000000000000000000e+00 0.000000000000000000e+00
1.158999999999999986e+01 -5.000000000000000000e+00 -2.948248067765619318e+00
-1.158999999999999986e+01 5.000000000000000000e+00 -5.976640903541594607e-01
-1.018766409035415954e+01 5.000000000000000000e+00 0.000000000000000000e+00
3.859999999999999876e+00 5.000000000000000000e+00 0.000000000000000000e+00
1.158999999999999986e+01 5.000000000000000000e+00 -1.896496135531239080e+00
-1.158999999999999986e+01 1.500000000000000000e+01 -5.976640903541594607e-01
-1.018766409035415954e+01 1.500000000000000000e+01 0.000000000000000000e+00
3.859999999999999876e+00 1.500000000000000000e+01 0.000000000000000000e+00
1.158999999999999986e+01 1.500000000000000000e+01 -1.896496135531239080e+00
