-1.158999999999999986e+01 -1.500000000000000000e+01 -3.870387362046656676e+00
-1.146038736204665653e+01 -1.500000000000000000e+01 -3.240315948833583093e-02
3.859999999999999432e+00 -1.500000000000000000e+01 0.000000000000000000e+00
1.158999999999999986e+01 -1.500000000000000000e+01 -2.129612637953343324e+00
-1.158999999999999986e+01 -5.000000000000000000e+00 -3.821782622814152930e+00
-1.146038736204665653e+01 -5.000000000000000000e+00 -3.240315948833583093e-02
3.859999999999999432e+00 -5.000000000000000000e+00 0.000000000000000000e+00
1.158999999999999986e+01 -5.000000000000000000e+00 -2.032403159488335831e+00
-1.158999999999999986e+01 5.000000000000000000e+00 -3.821782622814152930e+00
-1.146038736204665653e+01 5.000000000000000000e+00 -1.620157974416791546e-02
3.859999999999999432e+00 5.000000000000000000e+00 0.000000000000000000e+00
1.158999999999999986e+01 5.000000000000000000e+00 -1.935193681023328338e+00
-1.158999999999999986e+01 1.500000000000000000e+01 -3.870387362046656676e+00
-1.146038736204665653e+01 1.500000000000000000e+01 -1.620157974416791546e-02
3.859999999999999432e+00 1.500000000000000000e+01 0.000000000000000000e+00
1.158999999999999986e+01 1.500000000000000000e+01 -1.935193681023328338e+00
