-1.189338684566506288e+01 -1.500000000000000000e+01 -2.786452617339750248e-01
-1.019677369133012590e+01 -1.500000000000000000e+01 -1.741532885837343836e-01
3.859999999999999876e+00 -1.500000000000000000e+01 0.000000000000000000e+00
1.158999999999999986e+01 -1.500000000000000000e+01 -1.910160536995187286e+00
-1.189338684566506288e+01 -5.000000000000000000e+00 -2.786452617339750248e-01
-1.019677369133012590e+01 -5.000000000000000000e+00 -1.741532885837343836e-01
3.859999999999999876e+00 -5.000000000000000000e+00 0.000000000000000000e+00
1.158999999999999986e+01 -5.000000000000000000e+00 -1.910160536995187286e+00
-1.189338684566506288e+01 5.000000000000000000e+00 -5.224598657512031785e-01
-1.019677369133012590e+01 5.000000000000000000e+00 -3.483065771674687672e-01
3.859999999999999876e+00 5.000000000000000000e+00 0.000000000000000000e+00
1.158999999999999986e+01 5.000000000000000000e+00 -2.955080268497593643e+00
-1.189338684566506288e+01 1.500000000000000000e+01 -6.966131543349375621e-02
-1.019677369133012590e+01 1.500000000000000000e+01 -3.483065771674687672e-01
3.859999999999999876e+00 1.500000000000000000e+01 0.000000000000000000e+00
1.158999999999999986e+01 1.500000000000000000e+01 -4.000000000000000000e+00
