-1.158999999999999986e+01 -1.500000000000000000e+01 -7.058783475293266552e-01
-1.159999999999999964e+01 -1.500000000000000000e+01 -2.313488812482117907e-01
3.859999999999999876e+00 -1.500000000000000000e+01 -1.865111875178820933e-02
1.158999999999999986e+01 -1.500000000000000000e+01 -4.194121652470673922e+00
-1.158999999999999986e+01 -5.000000000000000000e+00 -7.058783475293266552e-01
-1.159999999999999964e+01 -5.000000000000000000e+00 -2.313488812482117907e-01
3.859999999999999876e+00 -5.000000000000000000e+00 -1.865111875178820933e-02
1.158999999999999986e+01 -5.000000000000000000e+00 -4.194121652470673922e+00
-1.158999999999999986e+01 5.000000000000000000e+00 -9.551623062696702471e-01
-1.159999999999999964e+01 5.000000000000000000e+00 -4.626977624964235813e-01
3.859999999999999876e+00 5.000000000000000000e+00 -3.730223750357641865e-02
1.158999999999999986e+01 5.000000000000000000e+00 -3.294837693730329420e+00
-1.158999999999999986e+01 1.500000000000000000e+01 -2.790507400171667873e-01
-1.159999999999999964e+01 1.500000000000000000e+01 -4.626977624964235813e-01
3.859999999999999876e+00 1.500000000000000000e+01 -3.730223750357641865e-02
1.158999999999999986e+01 1.500000000000000000e+01 -2.320949259982833190e+00
