-1.235652344118901524e+01 -1.500000000000000000e+01 -3.159484388280453970e+00
-1.063508087446307115e+01 -1.500000000000000000e+01 -5.836913970274626440e-02
3.859999999999999876e+00 -1.500000000000000000e+01 0.000000000000000000e+00
1.158999999999999986e+01 -1.500000000000000000e+01 -4.669531176219701152e-01
-1.235652344118901524e+01 -5.000000000000000000e+00 -3.159484388280453970e+00
-1.063508087446307115e+01 -5.000000000000000000e+00 -5.836913970274626440e-02
3.859999999999999876e+00 -5.000000000000000000e+00 0.000000000000000000e+00
1.158999999999999986e+01 -5.000000000000000000e+00 -4.669531176219701152e-01
-1.235652344118901524e+01 5.000000000000000000e+00 -3.241201183864298674e+00
-1.063508087446307115e+01 5.000000000000000000e+00 -1.167382794054925288e-01
3.859999999999999876e+00 5.000000000000000000e+00 0.000000000000000000e+00
1.158999999999999986e+01 5.000000000000000000e+00 -5.836913970274626440e-01
-1.235652344118901524e+01 1.500000000000000000e+01 -3.089441420637158320e+00
-1.063508087446307115e+01 1.500000000000000000e+01 -1.167382794054925288e-01
3.859999999999999876e+00 1.500000000000000000e+01 0.000000000000000000e+00
1.158999999999999986e+01 1.500000000000000000e+01 -9.339062352439402304e-01
