-1.255055120135227753e+01 -1.500000000000000000e+01 -3.857984324868200865e+00
-1.159039448798647776e+01 -1.500000000000000000e+01 -9.862199661930498573e-03
3.859999999999999876e+00 -1.500000000000000000e+01 0.000000000000000000e+00
1.158999999999999986e+01 -1.500000000000000000e+01 -1.775195939147489743e-01
-1.255055120135227753e+01 -5.000000000000000000e+00 -3.857984324868200865e+00
-1.159039448798647776e+01 -5.000000000000000000e+00 -9.862199661930498573e-03
3.859999999999999876e+00 -5.000000000000000000e+00 0.000000000000000000e+00
1.158999999999999986e+01 -5.000000000000000000e+00 -1.775195939147489743e-01
-1.255055120135227753e+01 5.000000000000000000e+00 -3.871791404394903324e+00
-1.159039448798647776e+01 5.000000000000000000e+00 -1.972439932386099715e-02
3.859999999999999876e+00 5.000000000000000000e+00 0.000000000000000000e+00
1.158999999999999986e+01 5.000000000000000000e+00 -1.380707952670269800e-01
-1.255055120135227753e+01 1.500000000000000000e+01 -3.846149685273884344e+00
-1.159039448798647776e+01 1.500000000000000000e+01 -1.972439932386099715e-02
3.859999999999999876e+00 1.500000000000000000e+01 0.000000000000000000e+00
1.158999999999999986e+01 1.500000000000000000e+01 -9.862199661930498573e-02
