-1.135356448678568242e+01 -1.500000000000000000e+01 -3.236435513214318327e+00
-8.467021249046560172e+00 -1.500000000000000000e+01 0.000000000000000000e+00
3.859999999999999876e+00 -1.500000000000000000e+01 -1.908911216964204460e-01
1.158999999999999986e+01 -1.500000000000000000e+01 -3.054257947142727248e-01
-1.158999999999999986e+01 -5.000000000000000000e+00 -3.236435513214318327e+00
-8.467021249046560172e+00 -5.000000000000000000e+00 0.000000000000000000e+00
3.859999999999999876e+00 -5.000000000000000000e+00 -1.908911216964204460e-01
1.158999999999999986e+01 -5.000000000000000000e+00 -3.054257947142727248e-01
-1.182643551321431730e+01 5.000000000000000000e+00 -3.236435513214318327e+00
-8.467021249046560172e+00 5.000000000000000000e+00 0.000000000000000000e+00
3.859999999999999876e+00 5.000000000000000000e+00 -3.817822433928408921e-01
1.158999999999999986e+01 5.000000000000000000e+00 -5.726733650892613658e-01
-1.182643551321431730e+01 1.500000000000000000e+01 -3.236435513214318327e+00
-8.467021249046560172e+00 1.500000000000000000e+01 0.000000000000000000e+00
3.859999999999999876e+00 1.500000000000000000e+01 -3.817822433928408921e-01
1.158999999999999986e+01 1.500000000000000000e+01 -7.635644867856818119e-02
