-1.158999999999999986e+01 -1.500000000000000000e+01 -2.946667496192691527e+00
-1.039329723873002997e+01 -1.500000000000000000e+01 -7.314809054217419337e-02
3.859999999999999876e+00 -1.500000000000000000e+01 0.000000000000000000e+00
1.158999999999999986e+01 -1.500000000000000000e+01 -2.925923621686967735e-01
-1.158999999999999986e+01 -5.000000000000000000e+00 -2.946667496192691527e+00
-1.039329723873002997e+01 -5.000000000000000000e+00 -7.314809054217419337e-02
3.859999999999999876e+00 -5.000000000000000000e+00 0.000000000000000000e+00
1.158999999999999986e+01 -5.000000000000000000e+00 -2.925923621686967735e-01
-1.158999999999999986e+01 5.000000000000000000e+00 -3.049074822951735264e+00
-1.039329723873002997e+01 5.000000000000000000e+00 -1.462961810843483867e-01
3.859999999999999876e+00 5.000000000000000000e+00 0.000000000000000000e+00
1.158999999999999986e+01 5.000000000000000000e+00 -7.314809054217419337e-01
-1.158999999999999986e+01 1.500000000000000000e+01 -2.858889787542082672e+00
-1.039329723873002997e+01 1.500000000000000000e+01 -1.462961810843483867e-01
3.859999999999999876e+00 1.500000000000000000e+01 0.000000000000000000e+00
1.158999999999999986e+01 1.500000000000000000e+01 -1.170369448674787094e+00
