-1.158999999999999986e+01 -1.500000000000000000e+01 -3.237413561189988798e+00
-1.055034048842235173e+01 -1.500000000000000000e+01 0.000000000000000000e+00
3.859999999999999876e+00 -1.500000000000000000e+01 -6.354886990083427611e-02
1.158999999999999986e+01 -1.500000000000000000e+01 -1.016781918413348501e-01
-1.158999999999999986e+01 -5.000000000000000000e+00 -3.237413561189988798e+00
-1.055034048842235173e+01 -5.000000000000000000e+00 0.000000000000000000e+00
3.859999999999999876e+00 -5.000000000000000000e+00 -6.354886990083427611e-02
1.158999999999999986e+01 -5.000000000000000000e+00 -1.016781918413348501e-01
-1.158999999999999986e+01 5.000000000000000000e+00 -3.618706780594994399e+00
-1.055034048842235173e+01 5.000000000000000000e+00 0.000000000000000000e+00
3.859999999999999876e+00 5.000000000000000000e+00 -1.270977398016685522e-01
1.158999999999999986e+01 5.000000000000000000e+00 -1.906466097025028283e-01
-1.158999999999999986e+01 1.500000000000000000e+01 -4.000000000000000000e+00
-1.055034048842235173e+01 1.500000000000000000e+01 0.000000000000000000e+00
3.859999999999999876e+00 1.500000000000000000e+01 -1.270977398016685522e-01
1.158999999999999986e+01 1.500000000000000000e+01 -2.541954796033371253e-02
