-1.158999999999999986e+01 -1.500000000000000000e+01 -1.384027324040813800e-01
-8.866845723188674810e+00 -1.500000000000000000e+01 -8.650170775255086597e-02
3.859999999999999876e+00 -1.500000000000000000e+01 0.000000000000000000e+00
1.158999999999999986e+01 -1.500000000000000000e+01 -1.000000000000000000e+00
-1.158999999999999986e+01 -5.000000000000000000e+00 -1.384027324040813800e-01
-8.866845723188674810e+00 -5.000000000000000000e+00 -8.650170775255086597e-02
3.859999999999999876e+00 -5.000000000000000000e+00 0.000000000000000000e+00
1.158999999999999986e+01 -5.000000000000000000e+00 -1.000000000000000000e+00
-1.158999999999999986e+01 5.000000000000000000e+00 -2.595051232576526257e-01
-8.866845723188674810e+00 5.000000000000000000e+00 -1.730034155051017319e-01
3.859999999999999876e+00 5.000000000000000000e+00 0.000000000000000000e+00
1.158999999999999986e+01 5.000000000000000000e+00 -2.500000000000000000e+00
-1.158999999999999986e+01 1.500000000000000000e+01 -3.460068310102034500e-02
-8.866845723188674810e+00 1.500000000000000000e+01 -1.730034155051017319e-01
3.859999999999999876e+00 1.500000000000000000e+01 0.000000000000000000e+00
1.158999999999999986e+01 1.500000000000000000e+01 -4.000000000000000000e+00
