-1.158999999999999986e+01 -1.500000000000000000e+01 -2.210828546427624719e+00
-1.028536153666272135e+01 -1.500000000000000000e+01 0.000000000000000000e+00
3.859999999999999432e+00 -1.500000000000000000e+01 -8.648775331625890850e-02
1.158999999999999986e+01 -1.500000000000000000e+01 -1.383804053060142536e-01
-1.158999999999999986e+01 -5.000000000000000000e+00 -2.210828546427624719e+00
-1.028536153666272135e+01 -5.000000000000000000e+00 0.000000000000000000e+00
3.859999999999999432e+00 -5.000000000000000000e+00 -8.648775331625890850e-02
1.158999999999999986e+01 -5.000000000000000000e+00 -1.383804053060142536e-01
-1.158999999999999986e+01 5.000000000000000000e+00 -2.845951013265035634e+00
-1.028536153666272135e+01 5.000000000000000000e+00 0.000000000000000000e+00
3.859999999999999432e+00 5.000000000000000000e+00 -1.729755066325178170e-01
1.158999999999999986e+01 5.000000000000000000e+00 -2.594632599487767255e-01
-1.158999999999999986e+01 1.500000000000000000e+01 -3.481073480102446549e+00
-1.028536153666272135e+01 1.500000000000000000e+01 0.000000000000000000e+00
3.859999999999999432e+00 1.500000000000000000e+01 -1.729755066325178170e-01
1.158999999999999986e+01 1.500000000000000000e+01 -3.459510132650356340e-02
