-1.158999999999999986e+01 -1.500000000000000000e+01 -1.239635511021903280e+00
-1.063954438877737907e+01 -1.500000000000000000e+01 -1.188069514028275986e-01
3.859999999999999876e+00 -1.500000000000000000e+01 0.000000000000000000e+00
1.158999999999999986e+01 -1.500000000000000000e+01 -4.752278056113103943e-01
-1.158999999999999986e+01 -5.000000000000000000e+00 -1.239635511021903280e+00
-1.063954438877737907e+01 -5.000000000000000000e+00 -1.188069514028275986e-01
3.859999999999999876e+00 -5.000000000000000000e+00 0.000000000000000000e+00
1.158999999999999986e+01 -5.000000000000000000e+00 -4.752278056113103943e-01
-1.158999999999999986e+01 5.000000000000000000e+00 -1.930737437374551613e+00
-1.063954438877737907e+01 5.000000000000000000e+00 -2.376139028056551972e-01
3.859999999999999876e+00 5.000000000000000000e+00 0.000000000000000000e+00
1.158999999999999986e+01 5.000000000000000000e+00 -1.188069514028275986e+00
-1.158999999999999986e+01 1.500000000000000000e+01 -2.146611558115889551e+00
-1.063954438877737907e+01 1.500000000000000000e+01 -2.376139028056551972e-01
3.859999999999999876e+00 1.500000000000000000e+01 0.000000000000000000e+00
1.158999999999999986e+01 1.500000000000000000e+01 -1.900911222445241577e+00
