-1.158999999999999986e+01 -1.500000000000000000e+01 -1.273934056508212453e+00
-1.008309132568092714e+01 -1.500000000000000000e+01 -1.893101349647074716e-01
3.860000000000000320e+00 -1.500000000000000000e+01 0.000000000000000000e+00
1.158999999999999986e+01 -1.500000000000000000e+01 -3.893101349647074549e+00
-1.158999999999999986e+01 -5.000000000000000000e+00 -1.273934056508212453e+00
-1.008309132568092714e+01 -5.000000000000000000e+00 -1.893101349647074716e-01
3.860000000000000320e+00 -5.000000000000000000e+00 0.000000000000000000e+00
1.158999999999999986e+01 -5.000000000000000000e+00 -3.893101349647074549e+00
-1.158999999999999986e+01 5.000000000000000000e+00 -1.538968245458802730e+00
-1.008309132568092714e+01 5.000000000000000000e+00 -3.786202699294149432e-01
3.860000000000000320e+00 5.000000000000000000e+00 0.000000000000000000e+00
1.158999999999999986e+01 5.000000000000000000e+00 -3.135860809788244552e+00
-1.158999999999999986e+01 1.500000000000000000e+01 -1.046761894550563454e+00
-1.008309132568092714e+01 1.500000000000000000e+01 -3.786202699294149432e-01
3.860000000000000320e+00 1.500000000000000000e+01 0.000000000000000000e+00
1.158999999999999986e+01 1.500000000000000000e+01 -2.378620269929414999e+00
