-1.158999999999999986e+01 -1.500000000000000000e+01 -2.906960289317915280e-01
-1.159726740072329321e+01 -1.500000000000000000e+01 -1.816850180823696981e-01
3.859999999999999432e+00 -1.500000000000000000e+01 0.000000000000000000e+00
1.158999999999999986e+01 -1.500000000000000000e+01 -4.363370036164739396e+00
-1.158999999999999986e+01 -5.000000000000000000e+00 -2.906960289317915280e-01
-1.159726740072329321e+01 -5.000000000000000000e+00 -1.816850180823696981e-01
3.859999999999999432e+00 -5.000000000000000000e+00 0.000000000000000000e+00
1.158999999999999986e+01 -5.000000000000000000e+00 -4.363370036164739396e+00
-1.158999999999999986e+01 5.000000000000000000e+00 -5.450550542471090942e-01
-1.159726740072329321e+01 5.000000000000000000e+00 -3.633700361647393962e-01
3.859999999999999432e+00 5.000000000000000000e+00 0.000000000000000000e+00
1.158999999999999986e+01 5.000000000000000000e+00 -3.636629963835260604e+00
-1.158999999999999986e+01 1.500000000000000000e+01 -7.267400723294788201e-02
-1.159726740072329321e+01 1.500000000000000000e+01 -3.633700361647393962e-01
3.859999999999999432e+00 1.500000000000000000e+01 0.000000000000000000e+00
1.158999999999999986e+01 1.500000000000000000e+01 -2.909889891505781812e+00
