-1.158999999999999986e+01 -1.500000000000000000e+01 -2.876504630619020286e+00
-7.629052661003123958e+00 -1.500000000000000000e+01 0.000000000000000000e+00
3.859999999999999876e+00 -1.500000000000000000e+01 -2.345630788273775635e-01
1.158999999999999986e+01 -1.500000000000000000e+01 -3.753009261238041128e-01
-1.158999999999999986e+01 -5.000000000000000000e+00 -2.876504630619020286e+00
-7.629052661003123958e+00 -5.000000000000000000e+00 0.000000000000000000e+00
3.859999999999999876e+00 -5.000000000000000000e+00 -2.345630788273775635e-01
1.158999999999999986e+01 -5.000000000000000000e+00 -3.753009261238041128e-01
-1.158999999999999986e+01 5.000000000000000000e+00 -2.969126157654755183e+00
-7.629052661003123958e+00 5.000000000000000000e+00 0.000000000000000000e+00
3.859999999999999876e+00 5.000000000000000000e+00 -4.691261576547551271e-01
1.158999999999999986e+01 5.000000000000000000e+00 -7.036892364821326629e-01
-1.158999999999999986e+01 1.500000000000000000e+01 -3.061747684690489635e+00
-7.629052661003123958e+00 1.500000000000000000e+01 0.000000000000000000e+00
3.859999999999999876e+00 1.500000000000000000e+01 -4.691261576547551271e-01
1.158999999999999986e+01 1.500000000000000000e+01 -9.382523153095102819e-02
