-1.158999999999999986e+01 -1.500000000000000000e+01 -1.711845005740171954e+00
-1.159380410001275408e+01 -1.500000000000000000e+01 0.000000000000000000e+00
3.859999999999999432e+00 -1.500000000000000000e+01 -9.510250031889844191e-02
1.158999999999999986e+01 -1.500000000000000000e+01 -1.391343997959050061e+00
-1.158999999999999986e+01 -5.000000000000000000e+00 -1.711845005740171954e+00
-1.159380410001275408e+01 -5.000000000000000000e+00 0.000000000000000000e+00
3.859999999999999432e+00 -5.000000000000000000e+00 -9.510250031889844191e-02
1.158999999999999986e+01 -5.000000000000000000e+00 -1.391343997959050061e+00
-1.158999999999999986e+01 5.000000000000000000e+00 -1.331435004464578187e+00
-1.159380410001275408e+01 5.000000000000000000e+00 0.000000000000000000e+00
3.859999999999999432e+00 5.000000000000000000e+00 -1.902050006377968838e-01
1.158999999999999986e+01 5.000000000000000000e+00 -2.144077497129913912e+00
-1.158999999999999986e+01 1.500000000000000000e+01 -9.510250031889844191e-01
-1.159380410001275408e+01 1.500000000000000000e+01 0.000000000000000000e+00
3.859999999999999432e+00 1.500000000000000000e+01 -1.902050006377968838e-01
1.158999999999999986e+01 1.500000000000000000e+01 -2.516400995025184439e+00
