-1.209455691933911403e+01 -1.500000000000000000e+01 -2.216404909620811825e+00
-9.563637800096977060e+00 -1.500000000000000000e+01 -1.238607701652214010e-01
3.859999999999999876e+00 -1.500000000000000000e+01 0.000000000000000000e+00
1.158999999999999986e+01 -1.500000000000000000e+01 -4.954430806608856042e-01
-1.209455691933911403e+01 -5.000000000000000000e+00 -2.216404909620811825e+00
-9.563637800096977060e+00 -5.000000000000000000e+00 -1.238607701652214010e-01
3.859999999999999876e+00 -5.000000000000000000e+00 0.000000000000000000e+00
1.158999999999999986e+01 -5.000000000000000000e+00 -4.954430806608856042e-01
-1.209455691933911403e+01 5.000000000000000000e+00 -2.389809987852121953e+00
-9.563637800096977060e+00 5.000000000000000000e+00 -2.477215403304428021e-01
3.859999999999999876e+00 5.000000000000000000e+00 0.000000000000000000e+00
1.158999999999999986e+01 5.000000000000000000e+00 -1.238607701652214121e+00
-1.209455691933911403e+01 1.500000000000000000e+01 -2.067771985422546255e+00
-9.563637800096977060e+00 1.500000000000000000e+01 -2.477215403304428021e-01
3.859999999999999876e+00 1.500000000000000000e+01 0.000000000000000000e+00
1.158999999999999986e+01 1.500000000000000000e+01 -1.981772322643542417e+00
