-1.158999999999999986e+01 -1.500000000000000000e+01 -3.928426478097417629e-01
-1.080431470438051633e+01 -1.500000000000000000e+01 0.000000000000000000e+00
3.860000000000000320e+00 -1.500000000000000000e+01 0.000000000000000000e+00
1.158999999999999986e+01 -1.500000000000000000e+01 -1.214314704380516474e+00
-1.158999999999999986e+01 -5.000000000000000000e+00 -3.928426478097417629e-01
-1.080431470438051633e+01 -5.000000000000000000e+00 0.000000000000000000e+00
3.860000000000000320e+00 -5.000000000000000000e+00 0.000000000000000000e+00
1.158999999999999986e+01 -5.000000000000000000e+00 -1.214314704380516474e+00
-1.158999999999999986e+01 5.000000000000000000e+00 -9.821066195243544072e-01
-1.080431470438051633e+01 5.000000000000000000e+00 0.000000000000000000e+00
3.860000000000000320e+00 5.000000000000000000e+00 0.000000000000000000e+00
1.158999999999999986e+01 5.000000000000000000e+00 -1.821472056570774711e+00
-1.158999999999999986e+01 1.500000000000000000e+01 -1.571370591238967052e+00
-1.080431470438051633e+01 1.500000000000000000e+01 0.000000000000000000e+00
3.860000000000000320e+00 1.500000000000000000e+01 0.000000000000000000e+00
1.158999999999999986e+01 1.500000000000000000e+01 -2.428629408761032948e+00
