-1.158999999999999986e+01 -1.500000000000000000e+01 -4.000000000000000000e+00
-9.650388038847708572e+00 -1.500000000000000000e+01 0.000000000000000000e+00
3.859999999999999876e+00 -1.500000000000000000e+01 0.000000000000000000e+00
1.158999999999999986e+01 -1.500000000000000000e+01 -6.038803884770893582e-02
-1.158999999999999986e+01 -5.000000000000000000e+00 -2.545291029135781535e+00
-9.650388038847708572e+00 -5.000000000000000000e+00 0.000000000000000000e+00
3.859999999999999876e+00 -5.000000000000000000e+00 0.000000000000000000e+00
1.158999999999999986e+01 -5.000000000000000000e+00 -6.038803884770893582e-02
-1.158999999999999986e+01 5.000000000000000000e+00 -1.090582058271563515e+00
-9.650388038847708572e+00 5.000000000000000000e+00 0.000000000000000000e+00
3.859999999999999876e+00 5.000000000000000000e+00 0.000000000000000000e+00
1.158999999999999986e+01 5.000000000000000000e+00 -6.038803884770893582e-02
-1.158999999999999986e+01 1.500000000000000000e+01 -1.090582058271563515e+00
-9.650388038847708572e+00 1.500000000000000000e+01 0.000000000000000000e+00
3.859999999999999876e+00 1.500000000000000000e+01 0.000000000000000000e+00
1.158999999999999986e+01 1.500000000000000000e+01 -6.038803884770893582e-02
