-1.158999999999999986e+01 -1.500000000000000000e+01 -5.198167013089862731e-01
-1.129296970289572144e+01 -1.500000000000000000e+01 -2.312786404204708879e-01
3.859999999999999876e+00 -1.500000000000000000e+01 -1.872135957952911212e-02
1.158999999999999986e+01 -1.500000000000000000e+01 -4.192969702895722683e+00
-1.158999999999999986e+01 -5.000000000000000000e+00 -5.198167013089862731e-01
-1.129296970289572144e+01 -5.000000000000000000e+00 -2.312786404204708879e-01
3.859999999999999876e+00 -5.000000000000000000e+00 -1.872135957952911212e-02
1.158999999999999986e+01 -5.000000000000000000e+00 -4.192969702895722683e+00
-1.158999999999999986e+01 5.000000000000000000e+00 -8.810495170567038681e-01
-1.129296970289572144e+01 5.000000000000000000e+00 -4.625572808409417758e-01
3.859999999999999876e+00 5.000000000000000000e+00 -3.744271915905822423e-02
1.158999999999999986e+01 5.000000000000000000e+00 -3.294065044625179794e+00
-1.158999999999999986e+01 1.500000000000000000e+01 -3.920532094406541379e-01
-1.129296970289572144e+01 1.500000000000000000e+01 -4.625572808409417758e-01
3.859999999999999876e+00 1.500000000000000000e+01 -3.744271915905822423e-02
1.158999999999999986e+01 1.500000000000000000e+01 -2.320274948036520346e+00
