-1.158999999999999986e+01 -1.500000000000000000e+01 -1.856054234577858342e+00
-7.800846649732275928e+00 -1.500000000000000000e+01 0.000000000000000000e+00
3.859999999999999876e+00 -1.500000000000000000e+01 -2.140135586444646132e-01
1.158999999999999986e+01 -1.500000000000000000e+01 -3.424216938311434033e-01
-1.158999999999999986e+01 -5.000000000000000000e+00 -1.856054234577858342e+00
-7.800846649732275928e+00 -5.000000000000000000e+00 0.000000000000000000e+00
3.859999999999999876e+00 -5.000000000000000000e+00 -2.140135586444646132e-01
1.158999999999999986e+01 -5.000000000000000000e+00 -3.424216938311434033e-01
-1.158999999999999986e+01 5.000000000000000000e+00 -2.500000000000000000e+00
-7.800846649732275928e+00 5.000000000000000000e+00 0.000000000000000000e+00
3.859999999999999876e+00 5.000000000000000000e+00 -4.280271172889292264e-01
1.158999999999999986e+01 5.000000000000000000e+00 -6.420406759333938673e-01
-1.158999999999999986e+01 1.500000000000000000e+01 -4.000000000000000000e+00
-7.800846649732275928e+00 1.500000000000000000e+01 0.000000000000000000e+00
3.859999999999999876e+00 1.500000000000000000e+01 -4.280271172889292264e-01
1.158999999999999986e+01 1.500000000000000000e+01 -8.560542345778585083e-02
