-1.158999999999999986e+01 -1.500000000000000000e+01 -7.285135922664799368e-01
-1.013297281546704021e+01 -1.500000000000000000e+01 0.000000000000000000e+00
3.860000000000000320e+00 -1.500000000000000000e+01 0.000000000000000000e+00
1.158999999999999986e+01 -1.500000000000000000e+01 -5.429728154670401263e-01
-1.158999999999999986e+01 -5.000000000000000000e+00 -7.285135922664799368e-01
-1.013297281546704021e+01 -5.000000000000000000e+00 0.000000000000000000e+00
3.860000000000000320e+00 -5.000000000000000000e+00 0.000000000000000000e+00
1.158999999999999986e+01 -5.000000000000000000e+00 -5.429728154670401263e-01
-1.158999999999999986e+01 5.000000000000000000e+00 -1.821283980666199787e+00
-1.013297281546704021e+01 5.000000000000000000e+00 0.000000000000000000e+00
3.860000000000000320e+00 5.000000000000000000e+00 0.000000000000000000e+00
1.158999999999999986e+01 5.000000000000000000e+00 -8.144592232005601895e-01
-1.158999999999999986e+01 1.500000000000000000e+01 -2.914054369065919747e+00
-1.013297281546704021e+01 1.500000000000000000e+01 0.000000000000000000e+00
3.860000000000000320e+00 1.500000000000000000e+01 0.000000000000000000e+00
1.158999999999999986e+01 1.500000000000000000e+01 -1.085945630934080253e+00
