-1.258653138448529774e+01 -1.500000000000000000e+01 -3.986125537941192842e+00
-1.158999999999999986e+01 -1.500000000000000000e+01 0.000000000000000000e+00
3.859999999999999876e+00 -1.500000000000000000e+01 0.000000000000000000e+00
1.158999999999999986e+01 -1.500000000000000000e+01 -6.937231029403578830e-03
-1.258653138448529774e+01 -5.000000000000000000e+00 -3.986125537941192842e+00
-1.158999999999999986e+01 -5.000000000000000000e+00 0.000000000000000000e+00
3.859999999999999876e+00 -5.000000000000000000e+00 0.000000000000000000e+00
1.158999999999999986e+01 -5.000000000000000000e+00 -6.937231029403578830e-03
-1.258653138448529774e+01 5.000000000000000000e+00 -3.986125537941192842e+00
-1.158999999999999986e+01 5.000000000000000000e+00 0.000000000000000000e+00
3.859999999999999876e+00 5.000000000000000000e+00 0.000000000000000000e+00
1.158999999999999986e+01 5.000000000000000000e+00 -1.040584654410536825e-02
-1.258653138448529774e+01 1.500000000000000000e+01 -3.986125537941192842e+00
-1.158999999999999986e+01 1.500000000000000000e+01 0.000000000000000000e+00
3.859999999999999876e+00 1.500000000000000000e+01 0.000000000000000000e+00
1.158999999999999986e+01 1.500000000000000000e+01 -1.387446205880715766e-02
