-1.086155117374091716e+01 -1.500000000000000000e+01 -8.146535212227515865e-01
-1.047935569939964751e+01 -1.500000000000000000e+01 0.000000000000000000e+00
3.859999999999999876e+00 -1.500000000000000000e+01 -6.788779343522929888e-02
1.158999999999999986e+01 -1.500000000000000000e+01 -3.022415774532698052e+00
-1.158999999999999986e+01 -5.000000000000000000e+00 -8.146535212227515865e-01
-1.047935569939964751e+01 -5.000000000000000000e+00 0.000000000000000000e+00
3.859999999999999876e+00 -5.000000000000000000e+00 -6.788779343522929888e-02
1.158999999999999986e+01 -5.000000000000000000e+00 -3.022415774532698052e+00
-1.231844882625908255e+01 5.000000000000000000e+00 -8.146535212227515865e-01
-1.047935569939964751e+01 5.000000000000000000e+00 0.000000000000000000e+00
3.859999999999999876e+00 5.000000000000000000e+00 -1.357755868704585978e-01
1.158999999999999986e+01 5.000000000000000000e+00 -3.117458685342019198e+00
-1.231844882625908255e+01 1.500000000000000000e+01 -8.146535212227515865e-01
-1.047935569939964751e+01 1.500000000000000000e+01 0.000000000000000000e+00
3.859999999999999876e+00 1.500000000000000000e+01 -1.357755868704585978e-01
1.158999999999999986e+01 1.500000000000000000e+01 -2.940950422410423037e+00
