-1.158999999999999986e+01 -1.500000000000000000e+01 -1.724604047879490398e+00
-1.159632054431144610e+01 -1.500000000000000000e+01 -1.580136077861465094e-01
3.859999999999999876e+00 -1.500000000000000000e+01 0.000000000000000000e+00
1.158999999999999986e+01 -1.500000000000000000e+01 -2.844244940150637113e+00
-1.158999999999999986e+01 -5.000000000000000000e+00 -1.724604047879490398e+00
-1.159632054431144610e+01 -5.000000000000000000e+00 -1.580136077861465094e-01
3.859999999999999876e+00 -5.000000000000000000e+00 0.000000000000000000e+00
1.158999999999999986e+01 -5.000000000000000000e+00 -2.844244940150637113e+00
-1.158999999999999986e+01 5.000000000000000000e+00 -1.945823098780095517e+00
-1.159632054431144610e+01 5.000000000000000000e+00 -3.160272155722930187e-01
3.859999999999999876e+00 5.000000000000000000e+00 0.000000000000000000e+00
1.158999999999999986e+01 5.000000000000000000e+00 -2.212190509006051187e+00
-1.158999999999999986e+01 1.500000000000000000e+01 -1.534987718536114487e+00
-1.159632054431144610e+01 1.500000000000000000e+01 -3.160272155722930187e-01
3.859999999999999876e+00 1.500000000000000000e+01 0.000000000000000000e+00
1.158999999999999986e+01 1.500000000000000000e+01 -1.580136077861465038e+00
