-1.139906525953586147e+01 -1.500000000000000000e+01 -3.236261038143452007e-01
-1.159809065259535998e+01 -1.500000000000000000e+01 -2.022663148839657365e-01
3.859999999999999876e+00 -1.500000000000000000e+01 0.000000000000000000e+00
1.158999999999999986e+01 -1.500000000000000000e+01 -4.404532629767931695e+00
-1.158999999999999986e+01 -5.000000000000000000e+00 -3.236261038143452007e-01
-1.159809065259535998e+01 -5.000000000000000000e+00 -2.022663148839657365e-01
3.859999999999999876e+00 -5.000000000000000000e+00 0.000000000000000000e+00
1.158999999999999986e+01 -5.000000000000000000e+00 -4.404532629767931695e+00
-1.178093474046413647e+01 5.000000000000000000e+00 -6.067989446518972096e-01
-1.159809065259535998e+01 5.000000000000000000e+00 -4.045326297679314731e-01
3.859999999999999876e+00 5.000000000000000000e+00 0.000000000000000000e+00
1.158999999999999986e+01 5.000000000000000000e+00 -3.595467370232068305e+00
-1.178093474046413647e+01 1.500000000000000000e+01 -8.090652595358630017e-02
-1.159809065259535998e+01 1.500000000000000000e+01 -4.045326297679314731e-01
3.859999999999999876e+00 1.500000000000000000e+01 0.000000000000000000e+00
1.158999999999999986e+01 1.500000000000000000e+01 -2.786402110696205803e+00
