-1.158999999999999986e+01 -1.500000000000000000e+01 -1.791010811416125614e+00
-7.927382890654023129e+00 -1.500000000000000000e+01 0.000000000000000000e+00
3.859999999999999876e+00 -1.500000000000000000e+01 -2.238763514270157018e-01
1.158999999999999986e+01 -1.500000000000000000e+01 -7.761805394509739831e-01
-1.158999999999999986e+01 -5.000000000000000000e+00 -1.791010811416125614e+00
-7.927382890654023129e+00 -5.000000000000000000e+00 0.000000000000000000e+00
3.859999999999999876e+00 -5.000000000000000000e+00 -2.238763514270157018e-01
1.158999999999999986e+01 -5.000000000000000000e+00 -7.761805394509739831e-01
-1.158999999999999986e+01 5.000000000000000000e+00 -2.238763514270157184e+00
-7.927382890654023129e+00 5.000000000000000000e+00 0.000000000000000000e+00
3.859999999999999876e+00 5.000000000000000000e+00 -4.477527028540314036e-01
1.158999999999999986e+01 5.000000000000000000e+00 -1.089607431448795793e+00
-1.158999999999999986e+01 1.500000000000000000e+01 -3.582021622832251229e+00
-7.927382890654023129e+00 1.500000000000000000e+01 0.000000000000000000e+00
3.859999999999999876e+00 1.500000000000000000e+01 -4.477527028540314036e-01
1.158999999999999986e+01 1.500000000000000000e+01 -5.075289177385550188e-01
