-1.158999999999999986e+01 -1.500000000000000000e+01 -1.656360587435837806e-01
-1.136418283991291389e+01 -1.500000000000000000e+01 0.000000000000000000e+00
3.859999999999999876e+00 -1.500000000000000000e+01 -1.380300489529864838e-02
1.158999999999999986e+01 -1.500000000000000000e+01 -1.911660768670088606e+00
-1.158999999999999986e+01 -5.000000000000000000e+00 -1.656360587435837806e-01
-1.136418283991291389e+01 -5.000000000000000000e+00 0.000000000000000000e+00
3.859999999999999876e+00 -5.000000000000000000e+00 -1.380300489529864838e-02
1.158999999999999986e+01 -5.000000000000000000e+00 -1.911660768670088606e+00
-1.158999999999999986e+01 5.000000000000000000e+00 -1.656360587435837806e-01
-1.136418283991291389e+01 5.000000000000000000e+00 0.000000000000000000e+00
3.859999999999999876e+00 5.000000000000000000e+00 -2.760600979059729676e-02
1.158999999999999986e+01 5.000000000000000000e+00 -2.875772955942311970e+00
-1.158999999999999986e+01 1.500000000000000000e+01 -1.656360587435837806e-01
-1.136418283991291389e+01 1.500000000000000000e+01 0.000000000000000000e+00
3.859999999999999876e+00 1.500000000000000000e+01 -2.760600979059729676e-02
1.158999999999999986e+01 1.500000000000000000e+01 -3.784673123633341074e+00
