-1.158999999999999986e+01 -1.500000000000000000e+01 -1.823879732065394332e+00
-7.730057099989578795e+00 -1.500000000000000000e+01 -2.751879186478212169e-02
3.859999999999999876e+00 -1.500000000000000000e+01 -2.224812081352178783e-01
1.158999999999999986e+01 -1.500000000000000000e+01 -4.660451004754770921e-01
-1.158999999999999986e+01 -5.000000000000000000e+00 -1.823879732065394332e+00
-7.730057099989578795e+00 -5.000000000000000000e+00 -2.751879186478212169e-02
3.859999999999999876e+00 -5.000000000000000000e+00 -2.224812081352178783e-01
1.158999999999999986e+01 -5.000000000000000000e+00 -4.660451004754770921e-01
-1.158999999999999986e+01 5.000000000000000000e+00 -2.307368456946525370e+00
-7.730057099989578795e+00 5.000000000000000000e+00 -5.503758372956424338e-02
3.859999999999999876e+00 5.000000000000000000e+00 -4.449624162704357566e-01
1.158999999999999986e+01 5.000000000000000000e+00 -9.426315430534748518e-01
-1.158999999999999986e+01 1.500000000000000000e+01 -3.570706846909398990e+00
-7.730057099989578795e+00 1.500000000000000000e+01 -5.503758372956424338e-02
3.859999999999999876e+00 1.500000000000000000e+01 -4.449624162704357566e-01
1.158999999999999986e+01 1.500000000000000000e+01 -5.292931530906010984e-01
