-1.158999999999999986e+01 -1.500000000000000000e+01 -1.138868866789365608e+00
-7.790235931589774232e+00 -1.500000000000000000e+01 -6.943443339468274855e-02
3.860000000000000320e+00 -1.500000000000000000e+01 -2.152827833026586257e-01
1.158999999999999986e+01 -1.500000000000000000e+01 -8.999279204417158784e-01
-1.158999999999999986e+01 -5.000000000000000000e+00 -1.034717216697341291e+00
-7.790235931589774232e+00 -5.000000000000000000e+00 -6.943443339468274855e-02
3.860000000000000320e+00 -5.000000000000000000e+00 -2.152827833026586257e-01
1.158999999999999986e+01 -5.000000000000000000e+00 -6.916246202576675772e-01
-1.158999999999999986e+01 5.000000000000000000e+00 -2.326413916513292879e+00
-7.790235931589774232e+00 5.000000000000000000e+00 -3.471721669734137428e-02
3.860000000000000320e+00 5.000000000000000000e+00 -4.305655666053172514e-01
1.158999999999999986e+01 5.000000000000000000e+00 -7.847172166973414020e-01
-1.158999999999999986e+01 1.500000000000000000e+01 -3.722262266421268784e+00
-7.790235931589774232e+00 1.500000000000000000e+01 -3.471721669734137428e-02
3.860000000000000320e+00 1.500000000000000000e+01 -4.305655666053172514e-01
1.158999999999999986e+01 1.500000000000000000e+01 -2.249819801104289696e-01
