-1.198316386525024058e+01 -1.500000000000000000e+01 -1.815389914900868984e+00
-1.037632773050048307e+01 -1.500000000000000000e+01 -1.517090336874396539e-01
3.859999999999999432e+00 -1.500000000000000000e+01 0.000000000000000000e+00
1.158999999999999986e+01 -1.500000000000000000e+01 -6.068361347497586156e-01
-1.198316386525024058e+01 -5.000000000000000000e+00 -1.815389914900868984e+00
-1.037632773050048307e+01 -5.000000000000000000e+00 -1.517090336874396539e-01
3.859999999999999432e+00 -5.000000000000000000e+00 0.000000000000000000e+00
1.158999999999999986e+01 -5.000000000000000000e+00 -6.068361347497586156e-01
-1.198316386525024058e+01 5.000000000000000000e+00 -2.027782562063284555e+00
-1.037632773050048307e+01 5.000000000000000000e+00 -3.034180673748793078e-01
3.859999999999999432e+00 5.000000000000000000e+00 0.000000000000000000e+00
1.158999999999999986e+01 5.000000000000000000e+00 -1.517090336874396428e+00
-1.198316386525024058e+01 1.500000000000000000e+01 -1.633339074475941288e+00
-1.037632773050048307e+01 1.500000000000000000e+01 -3.034180673748793078e-01
3.859999999999999432e+00 1.500000000000000000e+01 0.000000000000000000e+00
1.158999999999999986e+01 1.500000000000000000e+01 -2.427344538999034462e+00
