-1.158999999999999986e+01 -1.500000000000000000e+01 -5.799189499773558243e-01
-1.159128870877772677e+01 -1.500000000000000000e+01 0.000000000000000000e+00
3.859999999999999876e+00 -1.500000000000000000e+01 -3.221771944318643777e-02
1.158999999999999986e+01 -1.500000000000000000e+01 -1.793806595563606887e+00
-1.158999999999999986e+01 -5.000000000000000000e+00 -5.799189499773558243e-01
-1.159128870877772677e+01 -5.000000000000000000e+00 0.000000000000000000e+00
3.859999999999999876e+00 -5.000000000000000000e+00 -3.221771944318643777e-02
1.158999999999999986e+01 -5.000000000000000000e+00 -1.793806595563606887e+00
-1.158999999999999986e+01 5.000000000000000000e+00 -4.510480722046101287e-01
-1.159128870877772677e+01 5.000000000000000000e+00 0.000000000000000000e+00
3.859999999999999876e+00 5.000000000000000000e+00 -6.443543888637287553e-02
1.158999999999999986e+01 5.000000000000000000e+00 -2.710040525011321755e+00
-1.158999999999999986e+01 1.500000000000000000e+01 -3.221771944318643777e-01
-1.159128870877772677e+01 1.500000000000000000e+01 0.000000000000000000e+00
3.859999999999999876e+00 1.500000000000000000e+01 -6.443543888637287553e-02
1.158999999999999986e+01 1.500000000000000000e+01 -3.497403576686291427e+00
