-1.185632628336049166e+01 -1.500000000000000000e+01 -1.358774620097768615e+00
-1.012998930388737762e+01 -1.500000000000000000e+01 -1.834184291598771888e-01
3.859999999999999432e+00 -1.500000000000000000e+01 0.000000000000000000e+00
1.158999999999999986e+01 -1.500000000000000000e+01 -3.301531724877789564e+00
-1.185632628336049166e+01 -5.000000000000000000e+00 -1.358774620097768615e+00
-1.012998930388737762e+01 -5.000000000000000000e+00 -1.834184291598771888e-01
3.859999999999999432e+00 -5.000000000000000000e+00 0.000000000000000000e+00
1.158999999999999986e+01 -5.000000000000000000e+00 -3.301531724877789564e+00
-1.185632628336049166e+01 5.000000000000000000e+00 -1.615560420921596574e+00
-1.012998930388737762e+01 5.000000000000000000e+00 -3.668368583197543775e-01
3.859999999999999432e+00 5.000000000000000000e+00 0.000000000000000000e+00
1.158999999999999986e+01 5.000000000000000000e+00 -2.567858008238280476e+00
-1.185632628336049166e+01 1.500000000000000000e+01 -1.138672505105915889e+00
-1.012998930388737762e+01 1.500000000000000000e+01 -3.668368583197543775e-01
3.859999999999999432e+00 1.500000000000000000e+01 0.000000000000000000e+00
1.158999999999999986e+01 1.500000000000000000e+01 -1.834184291598771832e+00
