-1.158999999999999986e+01 -1.500000000000000000e+01 -1.041990686904450403e+00
-9.502239464369697686e+00 -1.500000000000000000e+01 0.000000000000000000e+00
3.859999999999999876e+00 -1.500000000000000000e+01 -1.049767172611260069e-02
1.158999999999999986e+01 -1.500000000000000000e+01 -1.679627476178016318e-02
-1.158999999999999986e+01 -5.000000000000000000e+00 -1.041990686904450403e+00
-9.502239464369697686e+00 -5.000000000000000000e+00 0.000000000000000000e+00
3.859999999999999876e+00 -5.000000000000000000e+00 -1.049767172611260069e-02
1.158999999999999986e+01 -5.000000000000000000e+00 -1.679627476178016318e-02
-1.158999999999999986e+01 5.000000000000000000e+00 -2.500000000000000000e+00
-9.502239464369697686e+00 5.000000000000000000e+00 0.000000000000000000e+00
3.859999999999999876e+00 5.000000000000000000e+00 -2.099534345222520137e-02
1.158999999999999986e+01 5.000000000000000000e+00 -3.149301517833780206e-02
-1.158999999999999986e+01 1.500000000000000000e+01 -4.000000000000000000e+00
-9.502239464369697686e+00 1.500000000000000000e+01 0.000000000000000000e+00
3.859999999999999876e+00 1.500000000000000000e+01 -2.099534345222520137e-02
1.158999999999999986e+01 1.500000000000000000e+01 -4.199068690445040795e-03
