-1.158999999999999986e+01 -1.500000000000000000e+01 -2.760097395556483590e+00
-8.481201652173982808e+00 -1.500000000000000000e+01 0.000000000000000000e+00
3.859999999999999876e+00 -1.500000000000000000e+01 -1.900243488891208976e-01
1.158999999999999986e+01 -1.500000000000000000e+01 -1.263649375996659163e+00
-1.158999999999999986e+01 -5.000000000000000000e+00 -2.760097395556483590e+00
-8.481201652173982808e+00 -5.000000000000000000e+00 0.000000000000000000e+00
3.859999999999999876e+00 -5.000000000000000000e+00 -1.900243488891208976e-01
1.158999999999999986e+01 -5.000000000000000000e+00 -1.263649375996659163e+00
-1.158999999999999986e+01 5.000000000000000000e+00 -2.760097395556483590e+00
-8.481201652173982808e+00 5.000000000000000000e+00 0.000000000000000000e+00
3.859999999999999876e+00 5.000000000000000000e+00 -3.800486977782417952e-01
1.158999999999999986e+01 5.000000000000000000e+00 -1.529683464441428331e+00
-1.158999999999999986e+01 1.500000000000000000e+01 -2.760097395556483590e+00
-8.481201652173982808e+00 1.500000000000000000e+01 0.000000000000000000e+00
3.859999999999999876e+00 1.500000000000000000e+01 -3.800486977782417952e-01
1.158999999999999986e+01 1.500000000000000000e+01 -1.035620157329713908e+00
