-1.158999999999999986e+01 -1.500000000000000000e+01 -4.000000000000000000e+00
-9.674202120110871661e+00 -1.500000000000000000e+01 0.000000000000000000e+00
3.859999999999999432e+00 -1.500000000000000000e+01 0.000000000000000000e+00
1.158999999999999986e+01 -1.500000000000000000e+01 0.000000000000000000e+00
-1.158999999999999986e+01 -5.000000000000000000e+00 -2.563151590083153852e+00
-9.674202120110871661e+00 -5.000000000000000000e+00 0.000000000000000000e+00
3.859999999999999432e+00 -5.000000000000000000e+00 0.000000000000000000e+00
1.158999999999999986e+01 -5.000000000000000000e+00 0.000000000000000000e+00
-1.158999999999999986e+01 5.000000000000000000e+00 -1.126303180166307705e+00
-9.674202120110871661e+00 5.000000000000000000e+00 0.000000000000000000e+00
3.859999999999999432e+00 5.000000000000000000e+00 0.000000000000000000e+00
1.158999999999999986e+01 5.000000000000000000e+00 0.000000000000000000e+00
-1.158999999999999986e+01 1.500000000000000000e+01 -1.126303180166307705e+00
-9.674202120110871661e+00 1.500000000000000000e+01 0.000000000000000000e+00
3.859999999999999432e+00 1.500000000000000000e+01 0.000000000000000000e+00
1.158999999999999986e+01 1.500000000000000000e+01 0.000000000000000000e+00
