-1.158999999999999986e+01 -1.500000000000000000e+01 -1.142206165999442025e+00
-9.441394556530584126e+00 -1.500000000000000000e+01 0.000000000000000000e+00
3.859999999999999876e+00 -1.500000000000000000e+01 -1.777577074993025308e-02
1.158999999999999986e+01 -1.500000000000000000e+01 -2.844123319988840770e-02
-1.158999999999999986e+01 -5.000000000000000000e+00 -1.142206165999442025e+00
-9.441394556530584126e+00 -5.000000000000000000e+00 0.000000000000000000e+00
3.859999999999999876e+00 -5.000000000000000000e+00 -1.777577074993025308e-02
1.158999999999999986e+01 -5.000000000000000000e+00 -2.844123319988840770e-02
-1.158999999999999986e+01 5.000000000000000000e+00 -2.535551541499860839e+00
-9.441394556530584126e+00 5.000000000000000000e+00 0.000000000000000000e+00
3.859999999999999876e+00 5.000000000000000000e+00 -3.555154149986050616e-02
1.158999999999999986e+01 5.000000000000000000e+00 -5.332731224979075924e-02
-1.158999999999999986e+01 1.500000000000000000e+01 -3.928896917000279210e+00
-9.441394556530584126e+00 1.500000000000000000e+01 0.000000000000000000e+00
3.859999999999999876e+00 1.500000000000000000e+01 -3.555154149986050616e-02
1.158999999999999986e+01 1.500000000000000000e+01 -7.110308299972101925e-03
