-1.215669282707468923e+01 -1.500000000000000000e+01 -4.333071729253109572e-01
-9.817773662735477913e+00 -1.500000000000000000e+01 0.000000000000000000e+00
3.860000000000000320e+00 -1.500000000000000000e+01 -1.083267932313277393e-01
1.158999999999999986e+01 -1.500000000000000000e+01 -2.440094177468880687e+00
-1.215669282707468923e+01 -5.000000000000000000e+00 -4.333071729253109572e-01
-9.817773662735477913e+00 -5.000000000000000000e+00 0.000000000000000000e+00
3.860000000000000320e+00 -5.000000000000000000e+00 -1.083267932313277393e-01
1.158999999999999986e+01 -5.000000000000000000e+00 -2.440094177468880687e+00
-1.215669282707468923e+01 5.000000000000000000e+00 -1.083267932313277448e+00
-9.817773662735477913e+00 5.000000000000000000e+00 0.000000000000000000e+00
3.860000000000000320e+00 5.000000000000000000e+00 -2.166535864626554786e-01
1.158999999999999986e+01 5.000000000000000000e+00 -2.591751687992739583e+00
-1.215669282707468923e+01 1.500000000000000000e+01 -1.733228691701243829e+00
-9.817773662735477913e+00 1.500000000000000000e+01 0.000000000000000000e+00
3.860000000000000320e+00 1.500000000000000000e+01 -2.166535864626554786e-01
1.158999999999999986e+01 1.500000000000000000e+01 -2.310102025591287411e+00
