-1.158999999999999986e+01 -1.500000000000000000e+01 -3.268273325059681267e-01
-1.159817068331264878e+01 -1.500000000000000000e+01 -2.042670828162300722e-01
3.859999999999999876e+00 -1.500000000000000000e+01 0.000000000000000000e+00
1.158999999999999986e+01 -1.500000000000000000e+01 -4.408534165632460144e+00
-1.158999999999999986e+01 -5.000000000000000000e+00 -3.268273325059681267e-01
-1.159817068331264878e+01 -5.000000000000000000e+00 -2.042670828162300722e-01
3.859999999999999876e+00 -5.000000000000000000e+00 0.000000000000000000e+00
1.158999999999999986e+01 -5.000000000000000000e+00 -4.408534165632460144e+00
-1.158999999999999986e+01 5.000000000000000000e+00 -6.128012484486902167e-01
-1.159817068331264878e+01 5.000000000000000000e+00 -4.085341656324601445e-01
3.859999999999999876e+00 5.000000000000000000e+00 0.000000000000000000e+00
1.158999999999999986e+01 5.000000000000000000e+00 -3.591465834367539856e+00
-1.158999999999999986e+01 1.500000000000000000e+01 -8.170683312649203167e-02
-1.159817068331264878e+01 1.500000000000000000e+01 -4.085341656324601445e-01
3.859999999999999876e+00 1.500000000000000000e+01 0.000000000000000000e+00
1.158999999999999986e+01 1.500000000000000000e+01 -2.774397503102619567e+00
