-1.158999999999999986e+01 -1.500000000000000000e+01 -3.161926112782631915e+00
-1.094728103062567470e+01 -1.500000000000000000e+01 -8.158987117179072879e-02
3.859999999999999432e+00 -1.500000000000000000e+01 -1.684101288282092712e-01
1.158999999999999986e+01 -1.500000000000000000e+01 -1.738073887217367997e+00
-1.158999999999999986e+01 -5.000000000000000000e+00 -3.161926112782631915e+00
-1.094728103062567470e+01 -5.000000000000000000e+00 -8.158987117179072879e-02
3.859999999999999432e+00 -5.000000000000000000e+00 -1.684101288282092712e-01
1.158999999999999986e+01 -5.000000000000000000e+00 -1.738073887217367997e+00
-1.158999999999999986e+01 5.000000000000000000e+00 -2.602511417110302094e+00
-1.094728103062567470e+01 5.000000000000000000e+00 -1.631797423435814576e-01
3.859999999999999432e+00 5.000000000000000000e+00 -3.368202576564185424e-01
1.158999999999999986e+01 5.000000000000000000e+00 -1.647488582889697906e+00
-1.158999999999999986e+01 1.500000000000000000e+01 -1.716737236750808915e+00
-1.094728103062567470e+01 1.500000000000000000e+01 -1.631797423435814576e-01
3.859999999999999432e+00 1.500000000000000000e+01 -3.368202576564185424e-01
1.158999999999999986e+01 1.500000000000000000e+01 -8.832627632491909520e-01
