-1.158999999999999986e+01 -1.500000000000000000e+01 -5.274223235767130369e-01
-1.072928078889245995e+01 -1.500000000000000000e+01 -1.969073651763695865e-01
3.860000000000000320e+00 -1.500000000000000000e+01 -5.309263482363041353e-02
1.158999999999999986e+01 -1.500000000000000000e+01 -3.629280788892461196e+00
-1.158999999999999986e+01 -5.000000000000000000e+00 -5.274223235767130369e-01
-1.072928078889245995e+01 -5.000000000000000000e+00 -1.969073651763695865e-01
3.860000000000000320e+00 -5.000000000000000000e+00 -5.309263482363041353e-02
1.158999999999999986e+01 -5.000000000000000000e+00 -3.629280788892461196e+00
-1.158999999999999986e+01 5.000000000000000000e+00 -1.121648443765412839e+00
-1.072928078889245995e+01 5.000000000000000000e+00 -3.938147303527391729e-01
3.860000000000000320e+00 5.000000000000000000e+00 -1.061852696472608271e-01
1.158999999999999986e+01 5.000000000000000000e+00 -2.915981016940065729e+00
-1.158999999999999986e+01 1.500000000000000000e+01 -9.282451032486345177e-01
-1.072928078889245995e+01 1.500000000000000000e+01 -3.938147303527391729e-01
3.860000000000000320e+00 1.500000000000000000e+01 -1.061852696472608271e-01
1.158999999999999986e+01 1.500000000000000000e+01 -1.990310705693147941e+00
