-1.158999999999999986e+01 -1.500000000000000000e+01 -7.380773075707902642e-01
-9.148386516985654637e+00 -1.500000000000000000e+01 -1.971754206920640351e-01
3.859999999999999876e+00 -1.500000000000000000e+01 -5.282457930793596490e-02
1.158999999999999986e+01 -1.500000000000000000e+01 -8.732210096609537286e-01
-1.158999999999999986e+01 -5.000000000000000000e+00 -7.380773075707902642e-01
-9.148386516985654637e+00 -5.000000000000000000e+00 -1.971754206920640351e-01
3.859999999999999876e+00 -5.000000000000000000e+00 -5.282457930793596490e-02
1.158999999999999986e+01 -5.000000000000000000e+00 -8.732210096609537286e-01
-1.158999999999999986e+01 5.000000000000000000e+00 -1.119772055155551671e+00
-9.148386516985654637e+00 5.000000000000000000e+00 -3.943508413841280702e-01
3.859999999999999876e+00 5.000000000000000000e+00 -1.056491586158719298e-01
1.158999999999999986e+01 5.000000000000000000e+00 -2.130227944844448107e+00
-1.158999999999999986e+01 1.500000000000000000e+01 -9.240634372038010191e-01
-9.148386516985654637e+00 1.500000000000000000e+01 -3.943508413841280702e-01
3.859999999999999876e+00 1.500000000000000000e+01 -1.056491586158719298e-01
1.158999999999999986e+01 1.500000000000000000e+01 -3.175936562796199070e+00
