-1.112111676327474541e+01 -1.500000000000000000e+01 -2.087979652210919301e+00
-1.052776647345051053e+01 -1.500000000000000000e+01 -1.327791908186861658e-01
3.859999999999999432e+00 -1.500000000000000000e+01 0.000000000000000000e+00
1.158999999999999986e+01 -1.500000000000000000e+01 -5.311167632747446632e-01
-1.158999999999999986e+01 -5.000000000000000000e+00 -2.087979652210919301e+00
-1.052776647345051053e+01 -5.000000000000000000e+00 -1.327791908186861658e-01
3.859999999999999432e+00 -5.000000000000000000e+00 0.000000000000000000e+00
1.158999999999999986e+01 -5.000000000000000000e+00 -5.311167632747446632e-01
-1.205888323672525431e+01 5.000000000000000000e+00 -2.273870519357079623e+00
-1.052776647345051053e+01 5.000000000000000000e+00 -2.655583816373723316e-01
3.859999999999999432e+00 5.000000000000000000e+00 0.000000000000000000e+00
1.158999999999999986e+01 5.000000000000000000e+00 -1.327791908186861658e+00
-1.205888323672525431e+01 1.500000000000000000e+01 -1.928644623228495725e+00
-1.052776647345051053e+01 1.500000000000000000e+01 -2.655583816373723316e-01
3.859999999999999432e+00 1.500000000000000000e+01 0.000000000000000000e+00
1.158999999999999986e+01 1.500000000000000000e+01 -2.124467053098978653e+00
