-1.158999999999999986e+01 -1.500000000000000000e+01 -2.575001893016346965e+00
-1.159999999999999964e+01 -1.500000000000000000e+01 -1.173779333526617785e-01
3.859999999999999876e+00 -1.500000000000000000e+01 -1.326220666473382215e-01
1.158999999999999986e+01 -1.500000000000000000e+01 -2.324998106983652946e+00
-1.158999999999999986e+01 -5.000000000000000000e+00 -2.575001893016346965e+00
-1.159999999999999964e+01 -5.000000000000000000e+00 -1.173779333526617785e-01
3.859999999999999876e+00 -5.000000000000000000e+00 -1.326220666473382215e-01
1.158999999999999986e+01 -5.000000000000000000e+00 -2.324998106983652946e+00
-1.158999999999999986e+01 5.000000000000000000e+00 -2.208842733120720325e+00
-1.159999999999999964e+01 5.000000000000000000e+00 -2.347558667053235570e-01
3.859999999999999876e+00 5.000000000000000000e+00 -2.652441332946764430e-01
1.158999999999999986e+01 5.000000000000000000e+00 -2.041157266879279675e+00
-1.158999999999999986e+01 1.500000000000000000e+01 -1.373171839814447015e+00
-1.159999999999999964e+01 1.500000000000000000e+01 -2.347558667053235570e-01
3.859999999999999876e+00 1.500000000000000000e+01 -2.652441332946764430e-01
1.158999999999999986e+01 1.500000000000000000e+01 -1.226828160185553074e+00
