-1.158999999999999986e+01 -1.500000000000000000e+01 -4.439711864993895141e+00
-1.153971186499389567e+01 -1.500000000000000000e+01 -3.676105793055162163e-03
3.859999999999999876e+00 -1.500000000000000000e+01 -2.463238942069448378e-01
1.158999999999999986e+01 -1.500000000000000000e+01 -4.382315002477736865e-01
-1.158999999999999986e+01 -5.000000000000000000e+00 -4.439711864993895141e+00
-1.153971186499389567e+01 -5.000000000000000000e+00 -3.676105793055162163e-03
3.859999999999999876e+00 -5.000000000000000000e+00 -2.463238942069448378e-01
1.158999999999999986e+01 -5.000000000000000000e+00 -4.382315002477736865e-01
-1.158999999999999986e+01 5.000000000000000000e+00 -3.459562836276393494e+00
-1.153971186499389567e+01 5.000000000000000000e+00 -7.352211586110324326e-03
3.859999999999999876e+00 5.000000000000000000e+00 -4.926477884138896757e-01
1.158999999999999986e+01 5.000000000000000000e+00 -7.830849521374965150e-01
-1.158999999999999986e+01 1.500000000000000000e+01 -2.464709384386670532e+00
-1.153971186499389567e+01 1.500000000000000000e+01 -7.352211586110324326e-03
3.859999999999999876e+00 1.500000000000000000e+01 -4.926477884138896757e-01
1.158999999999999986e+01 1.500000000000000000e+01 -1.426428271994398811e-01
