-1.158999999999999986e+01 -1.500000000000000000e+01 -4.251689420492058002e-01
-7.564338108113282111e+00 -1.500000000000000000e+01 -2.460673528048115954e-01
3.859999999999999876e+00 -1.500000000000000000e+01 0.000000000000000000e+00
1.158999999999999986e+01 -1.500000000000000000e+01 -2.031461177561507014e+00
-1.158999999999999986e+01 -5.000000000000000000e+00 -4.251689420492058002e-01
-7.564338108113282111e+00 -5.000000000000000000e+00 -2.460673528048115954e-01
3.859999999999999876e+00 -5.000000000000000000e+00 0.000000000000000000e+00
1.158999999999999986e+01 -5.000000000000000000e+00 -2.031461177561507014e+00
-1.158999999999999986e+01 5.000000000000000000e+00 -7.696632359759419950e-01
-7.564338108113282111e+00 5.000000000000000000e+00 -4.921347056096231909e-01
3.859999999999999876e+00 5.000000000000000000e+00 0.000000000000000000e+00
1.158999999999999986e+01 5.000000000000000000e+00 -2.523595883171130261e+00
-1.158999999999999986e+01 1.500000000000000000e+01 -1.298881186834318635e-01
-7.564338108113282111e+00 1.500000000000000000e+01 -4.921347056096231909e-01
3.859999999999999876e+00 1.500000000000000000e+01 0.000000000000000000e+00
1.158999999999999986e+01 1.500000000000000000e+01 -4.000000000000000000e+00
