-1.158999999999999986e+01 -1.500000000000000000e+01 -1.849224255749828405e+00
-8.657775735338933742e+00 -1.500000000000000000e+01 0.000000000000000000e+00
3.860000000000000320e+00 -1.500000000000000000e+01 -1.792313120208476329e-01
1.158999999999999986e+01 -1.500000000000000000e+01 -8.529196030665751049e-01
-1.158999999999999986e+01 -5.000000000000000000e+00 -1.849224255749828405e+00
-8.657775735338933742e+00 -5.000000000000000000e+00 0.000000000000000000e+00
3.860000000000000320e+00 -5.000000000000000000e+00 -1.792313120208476329e-01
1.158999999999999986e+01 -5.000000000000000000e+00 -8.529196030665751049e-01
-1.158999999999999986e+01 5.000000000000000000e+00 -2.924612127874913980e+00
-8.657775735338933742e+00 5.000000000000000000e+00 0.000000000000000000e+00
3.860000000000000320e+00 5.000000000000000000e+00 -3.584626240416952658e-01
1.158999999999999986e+01 5.000000000000000000e+00 -1.103843439895761946e+00
-1.158999999999999986e+01 1.500000000000000000e+01 -4.000000000000000000e+00
-8.657775735338933742e+00 1.500000000000000000e+01 0.000000000000000000e+00
3.860000000000000320e+00 1.500000000000000000e+01 -3.584626240416952658e-01
1.158999999999999986e+01 1.500000000000000000e+01 -6.378420286415580343e-01
