-1.158999999999999986e+01 -1.500000000000000000e+01 -3.843726576748132118e+00
-1.159737490630699241e+01 -1.500000000000000000e+01 0.000000000000000000e+00
3.860000000000000320e+00 -1.500000000000000000e+01 -1.843726576748132284e-01
1.158999999999999986e+01 -1.500000000000000000e+01 -2.949962522797011655e-01
-1.158999999999999986e+01 -5.000000000000000000e+00 -3.843726576748132118e+00
-1.159737490630699241e+01 -5.000000000000000000e+00 0.000000000000000000e+00
3.860000000000000320e+00 -5.000000000000000000e+00 -1.843726576748132284e-01
1.158999999999999986e+01 -5.000000000000000000e+00 -2.949962522797011655e-01
-1.158999999999999986e+01 5.000000000000000000e+00 -3.368745315349626512e+00
-1.159737490630699241e+01 5.000000000000000000e+00 0.000000000000000000e+00
3.860000000000000320e+00 5.000000000000000000e+00 -3.687453153496264568e-01
1.158999999999999986e+01 5.000000000000000000e+00 -5.531179730244396575e-01
-1.158999999999999986e+01 1.500000000000000000e+01 -2.893764053951120907e+00
-1.159737490630699241e+01 1.500000000000000000e+01 0.000000000000000000e+00
3.860000000000000320e+00 1.500000000000000000e+01 -3.687453153496264568e-01
1.158999999999999986e+01 1.500000000000000000e+01 -7.374906306992529137e-02
