-1.158999999999999986e+01 -1.500000000000000000e+01 -1.034361440100247886e+00
-9.589999999999999858e+00 -1.500000000000000000e+01 -2.059471222152605696e-01
3.859999999999999876e+00 -1.500000000000000000e+01 0.000000000000000000e+00
1.158999999999999986e+01 -1.500000000000000000e+01 -8.237884888610422784e-01
-1.158999999999999986e+01 -5.000000000000000000e+00 -7.700441733918113041e-01
-9.589999999999999858e+00 -5.000000000000000000e+00 -2.059471222152605696e-01
3.859999999999999876e+00 -5.000000000000000000e+00 0.000000000000000000e+00
1.158999999999999986e+01 -5.000000000000000000e+00 -8.237884888610422784e-01
-1.158999999999999986e+01 5.000000000000000000e+00 -7.940528777847394304e-01
-9.589999999999999858e+00 5.000000000000000000e+00 -4.118942444305211392e-01
3.859999999999999876e+00 5.000000000000000000e+00 0.000000000000000000e+00
1.158999999999999986e+01 5.000000000000000000e+00 -2.059471222152605918e+00
-1.158999999999999986e+01 1.500000000000000000e+01 -2.585903600250619716e-01
-9.589999999999999858e+00 1.500000000000000000e+01 -4.118942444305211392e-01
3.859999999999999876e+00 1.500000000000000000e+01 0.000000000000000000e+00
1.158999999999999986e+01 1.500000000000000000e+01 -3.295153955444169114e+00
