-1.158999999999999986e+01 -1.500000000000000000e+01 -2.000000000000000000e+00
-9.071521358389672329e+00 -1.500000000000000000e+01 0.000000000000000000e+00
3.859999999999999876e+00 -1.500000000000000000e+01 -1.539412372622449565e-01
1.158999999999999986e+01 -1.500000000000000000e+01 -1.783246183423672582e+00
-1.158999999999999986e+01 -5.000000000000000000e+00 -2.000000000000000000e+00
-9.071521358389672329e+00 -5.000000000000000000e+00 0.000000000000000000e+00
3.859999999999999876e+00 -5.000000000000000000e+00 -1.539412372622449565e-01
1.158999999999999986e+01 -5.000000000000000000e+00 -1.783246183423672582e+00
-1.158999999999999986e+01 5.000000000000000000e+00 -2.307882474524490135e+00
-9.071521358389672329e+00 5.000000000000000000e+00 0.000000000000000000e+00
3.859999999999999876e+00 5.000000000000000000e+00 -3.078824745244899130e-01
1.158999999999999986e+01 5.000000000000000000e+00 -1.998763915590815454e+00
-1.158999999999999986e+01 1.500000000000000000e+01 -3.231529898097959652e+00
-9.071521358389672329e+00 1.500000000000000000e+01 0.000000000000000000e+00
3.859999999999999876e+00 1.500000000000000000e+01 -3.078824745244899130e-01
1.158999999999999986e+01 1.500000000000000000e+01 -1.598516698708978723e+00
