-1.158999999999999986e+01 -1.500000000000000000e+01 -3.832294555167509387e+00
-1.136136157687837134e+01 -1.500000000000000000e+01 0.000000000000000000e+00
3.859999999999999876e+00 -1.500000000000000000e+01 -1.397545373604089369e-02
1.158999999999999986e+01 -1.500000000000000000e+01 -2.236072597766543268e-02
-1.158999999999999986e+01 -5.000000000000000000e+00 -3.832294555167509387e+00
-1.136136157687837134e+01 -5.000000000000000000e+00 0.000000000000000000e+00
3.859999999999999876e+00 -5.000000000000000000e+00 -1.397545373604089369e-02
1.158999999999999986e+01 -5.000000000000000000e+00 -2.236072597766543268e-02
-1.158999999999999986e+01 5.000000000000000000e+00 -3.916147277583754693e+00
-1.136136157687837134e+01 5.000000000000000000e+00 0.000000000000000000e+00
3.859999999999999876e+00 5.000000000000000000e+00 -2.795090747208178739e-02
1.158999999999999986e+01 5.000000000000000000e+00 -4.192636120812268108e-02
-1.158999999999999986e+01 1.500000000000000000e+01 -4.000000000000000000e+00
-1.136136157687837134e+01 1.500000000000000000e+01 0.000000000000000000e+00
3.859999999999999876e+00 1.500000000000000000e+01 -2.795090747208178739e-02
1.158999999999999986e+01 1.500000000000000000e+01 -5.590181494416358171e-03
