-1.158999999999999986e+01 -1.500000000000000000e+01 -3.206253289044992627e+00
-1.159482501315618030e+01 -1.500000000000000000e+01 0.000000000000000000e+00
3.859999999999999876e+00 -1.500000000000000000e+01 -1.206253289044992572e-01
1.158999999999999986e+01 -1.500000000000000000e+01 -1.930005262471988225e-01
-1.158999999999999986e+01 -5.000000000000000000e+00 -3.206253289044992627e+00
-1.159482501315618030e+01 -5.000000000000000000e+00 0.000000000000000000e+00
3.859999999999999876e+00 -5.000000000000000000e+00 -1.206253289044992572e-01
1.158999999999999986e+01 -5.000000000000000000e+00 -1.930005262471988225e-01
-1.158999999999999986e+01 5.000000000000000000e+00 -3.241250657808998348e+00
-1.159482501315618030e+01 5.000000000000000000e+00 0.000000000000000000e+00
3.859999999999999876e+00 5.000000000000000000e+00 -2.412506578089985143e-01
1.158999999999999986e+01 5.000000000000000000e+00 -3.618759867134977437e-01
-1.158999999999999986e+01 1.500000000000000000e+01 -3.276248026573004513e+00
-1.159482501315618030e+01 1.500000000000000000e+01 0.000000000000000000e+00
3.859999999999999876e+00 1.500000000000000000e+01 -2.412506578089985143e-01
1.158999999999999986e+01 1.500000000000000000e+01 -4.825013156179970564e-02
