-1.158999999999999986e+01 -1.500000000000000000e+01 -3.219770846456150082e+00
-1.002562794406198243e+01 -1.500000000000000000e+01 -5.418258010721180296e-02
3.859999999999999876e+00 -1.500000000000000000e+01 0.000000000000000000e+00
1.158999999999999986e+01 -1.500000000000000000e+01 -9.752864419298123977e-01
-1.158999999999999986e+01 -5.000000000000000000e+00 -2.044866327099420733e+00
-1.002562794406198243e+01 -5.000000000000000000e+00 -5.418258010721180296e-02
3.859999999999999876e+00 -5.000000000000000000e+00 0.000000000000000000e+00
1.158999999999999986e+01 -5.000000000000000000e+00 -9.752864419298123977e-01
-1.158999999999999986e+01 5.000000000000000000e+00 -9.458174198927882248e-01
-1.002562794406198243e+01 5.000000000000000000e+00 -1.083651602144236059e-01
3.859999999999999876e+00 5.000000000000000000e+00 0.000000000000000000e+00
1.158999999999999986e+01 5.000000000000000000e+00 -7.585561215009652969e-01
-1.158999999999999986e+01 1.500000000000000000e+01 -8.049427116140375205e-01
-1.002562794406198243e+01 1.500000000000000000e+01 -1.083651602144236059e-01
3.859999999999999876e+00 1.500000000000000000e+01 0.000000000000000000e+00
1.158999999999999986e+01 1.500000000000000000e+01 -5.418258010721179740e-01
