-1.158999999999999986e+01 -1.500000000000000000e+01 -4.000000000000000222e-01
-9.068990087483230766e+00 -1.500000000000000000e+01 -2.500000000000000000e-01
3.859999999999999876e+00 -1.500000000000000000e+01 0.000000000000000000e+00
1.158999999999999986e+01 -1.500000000000000000e+01 -4.120707205345165214e+00
-1.158999999999999986e+01 -5.000000000000000000e+00 -4.000000000000000222e-01
-9.068990087483230766e+00 -5.000000000000000000e+00 -2.500000000000000000e-01
3.859999999999999876e+00 -5.000000000000000000e+00 0.000000000000000000e+00
1.158999999999999986e+01 -5.000000000000000000e+00 -4.120707205345165214e+00
-1.158999999999999986e+01 5.000000000000000000e+00 -7.500000000000000000e-01
-9.068990087483230766e+00 5.000000000000000000e+00 -5.000000000000000000e-01
3.859999999999999876e+00 5.000000000000000000e+00 0.000000000000000000e+00
1.158999999999999986e+01 5.000000000000000000e+00 -3.373569068448388109e+00
-1.158999999999999986e+01 1.500000000000000000e+01 -1.000000000000000056e-01
-9.068990087483230766e+00 1.500000000000000000e+01 -5.000000000000000000e-01
3.859999999999999876e+00 1.500000000000000000e+01 0.000000000000000000e+00
1.158999999999999986e+01 1.500000000000000000e+01 -2.626430931551611891e+00
