-1.158999999999999986e+01 -1.500000000000000000e+01 -1.553535383851623264e+00
-7.500000000000000000e+00 -1.500000000000000000e+01 -6.976009627318385808e-02
3.859999999999999432e+00 -1.500000000000000000e+01 -1.802399037268161419e-01
1.158999999999999986e+01 -1.500000000000000000e+01 -1.125505001241112080e+00
-1.158999999999999986e+01 -5.000000000000000000e+00 -1.553535383851623264e+00
-7.500000000000000000e+00 -5.000000000000000000e+00 -6.976009627318385808e-02
3.859999999999999432e+00 -5.000000000000000000e+00 -1.802399037268161419e-01
1.158999999999999986e+01 -5.000000000000000000e+00 -1.125505001241112080e+00
-1.158999999999999986e+01 5.000000000000000000e+00 -2.011679326087712827e+00
-7.500000000000000000e+00 5.000000000000000000e+00 -1.395201925463677162e-01
3.859999999999999432e+00 5.000000000000000000e+00 -3.604798074536322838e-01
1.158999999999999986e+01 5.000000000000000000e+00 -1.377840866458654778e+00
-1.158999999999999986e+01 1.500000000000000000e+01 -2.911742498138331747e+00
-7.500000000000000000e+00 1.500000000000000000e+01 -1.395201925463677162e-01
3.859999999999999432e+00 1.500000000000000000e+01 -3.604798074536322838e-01
1.158999999999999986e+01 1.500000000000000000e+01 -9.092171167689327982e-01
