-1.158999999999999986e+01 -1.500000000000000000e+01 -7.893360455746383231e-01
-9.593511065907089019e+00 -1.500000000000000000e+01 -8.777664767723403205e-02
3.859999999999999432e+00 -1.500000000000000000e+01 -1.622233523227659679e-01
1.158999999999999986e+01 -1.500000000000000000e+01 -1.839537021906638259e+00
-1.158999999999999986e+01 -5.000000000000000000e+00 -7.893360455746383231e-01
-9.593511065907089019e+00 -5.000000000000000000e+00 -8.777664767723403205e-02
3.859999999999999432e+00 -5.000000000000000000e+00 -1.622233523227659679e-01
1.158999999999999986e+01 -5.000000000000000000e+00 -1.839537021906638259e+00
-1.158999999999999986e+01 5.000000000000000000e+00 -1.885563466259361665e+00
-9.593511065907089019e+00 5.000000000000000000e+00 -1.755532953544680641e-01
3.859999999999999432e+00 5.000000000000000000e+00 -3.244467046455319359e-01
1.158999999999999986e+01 5.000000000000000000e+00 -1.715543124449574464e+00
-1.158999999999999986e+01 1.500000000000000000e+01 -2.630684296235148878e+00
-9.593511065907089019e+00 1.500000000000000000e+01 -1.755532953544680641e-01
3.859999999999999432e+00 1.500000000000000000e+01 -3.244467046455319359e-01
1.158999999999999986e+01 1.500000000000000000e+01 -9.426558177014466855e-01
