-1.158999999999999986e+01 -1.500000000000000000e+01 -5.244570040623097729e-01
-1.159922214372461013e+01 -1.500000000000000000e+01 -2.305535931152641049e-01
3.859999999999999876e+00 -1.500000000000000000e+01 0.000000000000000000e+00
1.158999999999999986e+01 -1.500000000000000000e+01 -4.149964676074754166e+00
-1.158999999999999986e+01 -5.000000000000000000e+00 -5.244570040623097729e-01
-1.159922214372461013e+01 -5.000000000000000000e+00 -2.305535931152641049e-01
3.859999999999999876e+00 -5.000000000000000000e+00 0.000000000000000000e+00
1.158999999999999986e+01 -5.000000000000000000e+00 -4.149964676074754166e+00
-1.158999999999999986e+01 5.000000000000000000e+00 -9.250176619626230279e-01
-1.159922214372461013e+01 5.000000000000000000e+00 -4.611071862305282099e-01
3.859999999999999876e+00 5.000000000000000000e+00 0.000000000000000000e+00
1.158999999999999986e+01 5.000000000000000000e+00 -3.227750303613697636e+00
-1.158999999999999986e+01 1.500000000000000000e+01 -4.033639474018799742e-01
-1.159922214372461013e+01 1.500000000000000000e+01 -4.611071862305282099e-01
3.859999999999999876e+00 1.500000000000000000e+01 0.000000000000000000e+00
1.158999999999999986e+01 1.500000000000000000e+01 -2.305535931152641105e+00
