-1.158999999999999986e+01 -1.500000000000000000e+01 -1.043732557350416146e+00
-9.589999999999999858e+00 -1.500000000000000000e+01 -3.505832120860025158e-01
3.860000000000000320e+00 -1.500000000000000000e+01 0.000000000000000000e+00
1.158999999999999986e+01 -1.500000000000000000e+01 -2.206998545032030190e+00
-1.158999999999999986e+01 -5.000000000000000000e+00 -7.419829210924085983e-01
-9.589999999999999858e+00 -5.000000000000000000e+00 -3.505832120860025158e-01
3.860000000000000320e+00 -5.000000000000000000e+00 0.000000000000000000e+00
1.158999999999999986e+01 -5.000000000000000000e+00 -1.603499272516015095e+00
-1.158999999999999986e+01 5.000000000000000000e+00 -9.511664241720050317e-01
-9.589999999999999858e+00 5.000000000000000000e+00 -3.994167879139974842e-01
3.860000000000000320e+00 5.000000000000000000e+00 0.000000000000000000e+00
1.158999999999999986e+01 5.000000000000000000e+00 -1.896500727483984905e+00
-1.158999999999999986e+01 1.500000000000000000e+01 -8.644324118536190760e-01
-9.589999999999999858e+00 1.500000000000000000e+01 -3.994167879139974842e-01
3.860000000000000320e+00 1.500000000000000000e+01 0.000000000000000000e+00
1.158999999999999986e+01 1.500000000000000000e+01 -2.793001454967969810e+00
