-1.158999999999999986e+01 -1.500000000000000000e+01 -1.907825949636786866e+00
-9.599999999999999645e+00 -1.500000000000000000e+01 -1.580593933148300712e-01
3.860000000000000320e+00 -1.500000000000000000e+01 -9.194060668516992885e-02
1.158999999999999986e+01 -1.500000000000000000e+01 -2.992174050363213045e+00
-1.158999999999999986e+01 -5.000000000000000000e+00 -1.907825949636786866e+00
-9.599999999999999645e+00 -5.000000000000000000e+00 -1.580593933148300712e-01
3.860000000000000320e+00 -5.000000000000000000e+00 -9.194060668516992885e-02
1.158999999999999986e+01 -5.000000000000000000e+00 -2.992174050363213045e+00
-1.158999999999999986e+01 5.000000000000000000e+00 -1.761346673536869245e+00
-9.599999999999999645e+00 5.000000000000000000e+00 -3.161187866296601423e-01
3.860000000000000320e+00 5.000000000000000000e+00 -1.838812133703398577e-01
1.158999999999999986e+01 5.000000000000000000e+00 -2.488653326463130977e+00
-1.158999999999999986e+01 1.500000000000000000e+01 -9.826298241776312281e-01
-9.599999999999999645e+00 1.500000000000000000e+01 -3.161187866296601423e-01
3.860000000000000320e+00 1.500000000000000000e+01 -1.838812133703398577e-01
1.158999999999999986e+01 1.500000000000000000e+01 -1.617370175822368639e+00
