-1.158999999999999986e+01 -1.500000000000000000e+01 -1.055745570993156246e+00
-1.053425442900684317e+01 -1.500000000000000000e+01 -2.639363927482890615e-01
3.859999999999999876e+00 -1.500000000000000000e+01 0.000000000000000000e+00
1.158999999999999986e+01 -1.500000000000000000e+01 -4.000000000000000000e+00
-1.158999999999999986e+01 -5.000000000000000000e+00 -6.598409818707227092e-01
-1.053425442900684317e+01 -5.000000000000000000e+00 -2.639363927482890615e-01
3.859999999999999876e+00 -5.000000000000000000e+00 0.000000000000000000e+00
1.158999999999999986e+01 -5.000000000000000000e+00 -3.208190821755132927e+00
-1.158999999999999986e+01 5.000000000000000000e+00 -6.598409818707227092e-01
-1.053425442900684317e+01 5.000000000000000000e+00 -1.319681963741445307e-01
3.859999999999999876e+00 5.000000000000000000e+00 0.000000000000000000e+00
1.158999999999999986e+01 5.000000000000000000e+00 -2.416381643510265853e+00
-1.158999999999999986e+01 1.500000000000000000e+01 -1.055745570993156246e+00
-1.053425442900684317e+01 1.500000000000000000e+01 -1.319681963741445307e-01
3.859999999999999876e+00 1.500000000000000000e+01 0.000000000000000000e+00
1.158999999999999986e+01 1.500000000000000000e+01 -2.416381643510265853e+00
