-1.158999999999999986e+01 -1.500000000000000000e+01 -2.131498439244830845e+00
-9.589999999999999858e+00 -1.500000000000000000e+01 0.000000000000000000e+00
3.860000000000000320e+00 -1.500000000000000000e+01 -1.885830732074718075e-01
1.158999999999999986e+01 -1.500000000000000000e+01 -7.543322928298872299e-01
-1.158999999999999986e+01 -5.000000000000000000e+00 -1.565749219622415422e+00
-9.589999999999999858e+00 -5.000000000000000000e+00 0.000000000000000000e+00
3.860000000000000320e+00 -5.000000000000000000e+00 -1.885830732074718075e-01
1.158999999999999986e+01 -5.000000000000000000e+00 -4.714576830186795187e-01
-1.158999999999999986e+01 5.000000000000000000e+00 -1.934250780377584578e+00
-9.589999999999999858e+00 5.000000000000000000e+00 0.000000000000000000e+00
3.860000000000000320e+00 5.000000000000000000e+00 -9.429153660373590373e-02
1.158999999999999986e+01 5.000000000000000000e+00 -4.714576830186795187e-01
-1.158999999999999986e+01 1.500000000000000000e+01 -2.868501560755169155e+00
-9.589999999999999858e+00 1.500000000000000000e+01 0.000000000000000000e+00
3.860000000000000320e+00 1.500000000000000000e+01 -9.429153660373590373e-02
1.158999999999999986e+01 1.500000000000000000e+01 -7.543322928298872299e-01
