-1.158999999999999986e+01 -1.500000000000000000e+01 -2.601940386897724777e-01
-1.089747504441610637e+01 -1.500000000000000000e+01 -1.626212741811078055e-01
3.859999999999999876e+00 -1.500000000000000000e+01 0.000000000000000000e+00
1.158999999999999986e+01 -1.500000000000000000e+01 -4.325242548362215445e+00
-1.158999999999999986e+01 -5.000000000000000000e+00 -2.601940386897724777e-01
-1.089747504441610637e+01 -5.000000000000000000e+00 -1.626212741811078055e-01
3.859999999999999876e+00 -5.000000000000000000e+00 0.000000000000000000e+00
1.158999999999999986e+01 -5.000000000000000000e+00 -3.800970193448862222e+00
-1.158999999999999986e+01 5.000000000000000000e+00 -4.878638225433233888e-01
-1.089747504441610637e+01 5.000000000000000000e+00 -3.252425483622156110e-01
3.859999999999999876e+00 5.000000000000000000e+00 0.000000000000000000e+00
1.158999999999999986e+01 5.000000000000000000e+00 -2.626212741811078111e+00
-1.158999999999999986e+01 1.500000000000000000e+01 -6.504850967244311943e-02
-1.089747504441610637e+01 1.500000000000000000e+01 -3.252425483622156110e-01
3.859999999999999876e+00 1.500000000000000000e+01 0.000000000000000000e+00
1.158999999999999986e+01 1.500000000000000000e+01 -1.975727645086646778e+00
