-1.158999999999999986e+01 -1.500000000000000000e+01 -4.000000000000000222e-01
-9.594440454123853712e+00 -1.500000000000000000e+01 -2.500000000000000000e-01
3.859999999999999876e+00 -1.500000000000000000e+01 0.000000000000000000e+00
1.158999999999999986e+01 -1.500000000000000000e+01 -4.496028895802753667e+00
-1.158999999999999986e+01 -5.000000000000000000e+00 -4.000000000000000222e-01
-9.594440454123853712e+00 -5.000000000000000000e+00 -2.500000000000000000e-01
3.859999999999999876e+00 -5.000000000000000000e+00 0.000000000000000000e+00
1.158999999999999986e+01 -5.000000000000000000e+00 -4.496028895802753667e+00
-1.158999999999999986e+01 5.000000000000000000e+00 -7.500000000000000000e-01
-9.594440454123853712e+00 5.000000000000000000e+00 -5.000000000000000000e-01
3.859999999999999876e+00 5.000000000000000000e+00 0.000000000000000000e+00
1.158999999999999986e+01 5.000000000000000000e+00 -3.498676298600917889e+00
-1.158999999999999986e+01 1.500000000000000000e+01 -1.000000000000000056e-01
-9.594440454123853712e+00 1.500000000000000000e+01 -5.000000000000000000e-01
3.859999999999999876e+00 1.500000000000000000e+01 0.000000000000000000e+00
1.158999999999999986e+01 1.500000000000000000e+01 -2.501323701399082111e+00
