-1.158999999999999986e+01 -1.500000000000000000e+01 -1.635594318946425485e+00
-7.978282456382816079e+00 -1.500000000000000000e+01 -5.693838766462100409e-02
3.859999999999999876e+00 -1.500000000000000000e+01 -1.930616123353789959e-01
1.158999999999999986e+01 -1.500000000000000000e+01 -1.333789557699784467e+00
-1.158999999999999986e+01 -5.000000000000000000e+00 -1.635594318946425485e+00
-7.978282456382816079e+00 -5.000000000000000000e+00 -5.693838766462100409e-02
3.859999999999999876e+00 -5.000000000000000000e+00 -1.930616123353789959e-01
1.158999999999999986e+01 -5.000000000000000000e+00 -1.333789557699784467e+00
-1.158999999999999986e+01 5.000000000000000000e+00 -2.101431286347652971e+00
-7.978282456382816079e+00 5.000000000000000000e+00 -1.138767753292420082e-01
3.859999999999999876e+00 5.000000000000000000e+00 -3.861232246707579918e-01
1.158999999999999986e+01 5.000000000000000000e+00 -1.376322264310831045e+00
-1.158999999999999986e+01 1.500000000000000000e+01 -3.111761152431912425e+00
-7.978282456382816079e+00 1.500000000000000000e+01 -1.138767753292420082e-01
3.859999999999999876e+00 1.500000000000000000e+01 -3.861232246707579918e-01
1.158999999999999986e+01 1.500000000000000000e+01 -6.466085215803616393e-01
