-1.158999999999999986e+01 -1.500000000000000000e+01 -1.027145502375320207e+00
-1.061714550237531896e+01 -1.500000000000000000e+01 0.000000000000000000e+00
3.859999999999999876e+00 -1.500000000000000000e+01 0.000000000000000000e+00
1.158999999999999986e+01 -1.500000000000000000e+01 -1.945708995249359585e+00
-1.158999999999999986e+01 -5.000000000000000000e+00 -1.027145502375320207e+00
-1.061714550237531896e+01 -5.000000000000000000e+00 0.000000000000000000e+00
3.859999999999999876e+00 -5.000000000000000000e+00 0.000000000000000000e+00
1.158999999999999986e+01 -5.000000000000000000e+00 -1.216068122030849796e+00
-1.158999999999999986e+01 5.000000000000000000e+00 -1.540718253562980422e+00
-1.061714550237531896e+01 5.000000000000000000e+00 0.000000000000000000e+00
3.859999999999999876e+00 5.000000000000000000e+00 0.000000000000000000e+00
1.158999999999999986e+01 5.000000000000000000e+00 -4.864272488123398963e-01
-1.158999999999999986e+01 1.500000000000000000e+01 -2.054291004750640415e+00
-1.061714550237531896e+01 1.500000000000000000e+01 0.000000000000000000e+00
3.859999999999999876e+00 1.500000000000000000e+01 0.000000000000000000e+00
1.158999999999999986e+01 1.500000000000000000e+01 -4.864272488123398963e-01
