-1.158999999999999986e+01 -1.500000000000000000e+01 -6.578965068951448947e-01
-8.899203286798856638e+00 -1.500000000000000000e+01 0.000000000000000000e+00
3.859999999999999876e+00 -1.500000000000000000e+01 -1.644741267237862237e-01
1.158999999999999986e+01 -1.500000000000000000e+01 -1.631572575177478335e+00
-1.158999999999999986e+01 -5.000000000000000000e+00 -6.578965068951448947e-01
-8.899203286798856638e+00 -5.000000000000000000e+00 0.000000000000000000e+00
3.859999999999999876e+00 -5.000000000000000000e+00 -1.644741267237862237e-01
1.158999999999999986e+01 -5.000000000000000000e+00 -1.631572575177478335e+00
-1.158999999999999986e+01 5.000000000000000000e+00 -1.644741267237862292e+00
-8.899203286798856638e+00 5.000000000000000000e+00 0.000000000000000000e+00
3.859999999999999876e+00 5.000000000000000000e+00 -3.289482534475724473e-01
1.158999999999999986e+01 5.000000000000000000e+00 -1.861836352590779065e+00
-1.158999999999999986e+01 1.500000000000000000e+01 -2.631586027580579579e+00
-8.899203286798856638e+00 1.500000000000000000e+01 0.000000000000000000e+00
3.859999999999999876e+00 1.500000000000000000e+01 -3.289482534475724473e-01
1.158999999999999986e+01 1.500000000000000000e+01 -1.434203623108935011e+00
