-1.115590185507021559e+01 -1.500000000000000000e+01 -2.868196289859569426e+00
-1.045819628985956840e+01 -1.500000000000000000e+01 -2.829509275351075881e-01
3.859999999999999432e+00 -1.500000000000000000e+01 0.000000000000000000e+00
1.158999999999999986e+01 -1.500000000000000000e+01 -2.263607420280860705e+00
-1.158999999999999986e+01 -5.000000000000000000e+00 -2.443769898556908515e+00
-1.045819628985956840e+01 -5.000000000000000000e+00 -2.829509275351075881e-01
3.859999999999999432e+00 -5.000000000000000000e+00 0.000000000000000000e+00
1.158999999999999986e+01 -5.000000000000000000e+00 -1.414754637675537996e+00
-1.202409814492978413e+01 5.000000000000000000e+00 -2.443769898556908515e+00
-1.045819628985956840e+01 5.000000000000000000e+00 -1.414754637675537940e-01
3.859999999999999432e+00 5.000000000000000000e+00 0.000000000000000000e+00
1.158999999999999986e+01 5.000000000000000000e+00 -5.659018550702151762e-01
-1.202409814492978413e+01 1.500000000000000000e+01 -2.868196289859569426e+00
-1.045819628985956840e+01 1.500000000000000000e+01 -1.414754637675537940e-01
3.859999999999999432e+00 1.500000000000000000e+01 0.000000000000000000e+00
1.158999999999999986e+01 1.500000000000000000e+01 -5.659018550702151762e-01
