-1.158999999999999986e+01 -1.500000000000000000e+01 -2.000000000000000000e+00
-8.832761913958689703e+00 -1.500000000000000000e+01 0.000000000000000000e+00
3.859999999999999432e+00 -1.500000000000000000e+01 -1.685353353325984294e-01
1.158999999999999986e+01 -1.500000000000000000e+01 -1.573091171210582617e+00
-1.158999999999999986e+01 -5.000000000000000000e+00 -2.000000000000000000e+00
-8.832761913958689703e+00 -5.000000000000000000e+00 0.000000000000000000e+00
3.859999999999999432e+00 -5.000000000000000000e+00 -1.685353353325984294e-01
1.158999999999999986e+01 -5.000000000000000000e+00 -1.573091171210582617e+00
-1.158999999999999986e+01 5.000000000000000000e+00 -2.337070670665196914e+00
-8.832761913958689703e+00 5.000000000000000000e+00 0.000000000000000000e+00
3.859999999999999432e+00 5.000000000000000000e+00 -3.370706706651968587e-01
1.158999999999999986e+01 5.000000000000000000e+00 -1.809040640676220502e+00
-1.158999999999999986e+01 1.500000000000000000e+01 -3.348282682660787657e+00
-8.832761913958689703e+00 1.500000000000000000e+01 0.000000000000000000e+00
3.859999999999999432e+00 1.500000000000000000e+01 -3.370706706651968587e-01
1.158999999999999986e+01 1.500000000000000000e+01 -1.370848768811464558e+00
