-1.199156100304542960e+01 -1.500000000000000000e+01 -1.196877993909142290e+00
-1.039312200609085757e+01 -1.500000000000000000e+01 -2.992194984772855726e-01
3.859999999999999876e+00 -1.500000000000000000e+01 0.000000000000000000e+00
1.158999999999999986e+01 -1.500000000000000000e+01 -4.000000000000000000e+00
-1.199156100304542960e+01 -5.000000000000000000e+00 -7.480487461932139315e-01
-1.039312200609085757e+01 -5.000000000000000000e+00 -2.992194984772855726e-01
3.859999999999999876e+00 -5.000000000000000000e+00 0.000000000000000000e+00
1.158999999999999986e+01 -5.000000000000000000e+00 -3.102341504568143282e+00
-1.199156100304542960e+01 5.000000000000000000e+00 -7.480487461932139315e-01
-1.039312200609085757e+01 5.000000000000000000e+00 -1.496097492386427863e-01
3.859999999999999876e+00 5.000000000000000000e+00 0.000000000000000000e+00
1.158999999999999986e+01 5.000000000000000000e+00 -2.204683009136286564e+00
-1.199156100304542960e+01 1.500000000000000000e+01 -1.196877993909142290e+00
-1.039312200609085757e+01 1.500000000000000000e+01 -1.496097492386427863e-01
3.859999999999999876e+00 1.500000000000000000e+01 0.000000000000000000e+00
1.158999999999999986e+01 1.500000000000000000e+01 -2.204683009136286564e+00
