-1.158999999999999986e+01 -1.500000000000000000e+01 -3.753035772290546745e+00
-1.019458352525672495e+01 -1.500000000000000000e+01 0.000000000000000000e+00
3.859999999999999876e+00 -1.500000000000000000e+01 -1.753035772290546523e-01
1.158999999999999986e+01 -1.500000000000000000e+01 -1.475628487901613051e+00
-1.158999999999999986e+01 -5.000000000000000000e+00 -3.753035772290546745e+00
-1.019458352525672495e+01 -5.000000000000000000e+00 0.000000000000000000e+00
3.859999999999999876e+00 -5.000000000000000000e+00 -1.753035772290546523e-01
1.158999999999999986e+01 -5.000000000000000000e+00 -1.475628487901613051e+00
-1.158999999999999986e+01 5.000000000000000000e+00 -3.051821463374327692e+00
-1.019458352525672495e+01 5.000000000000000000e+00 0.000000000000000000e+00
3.859999999999999876e+00 5.000000000000000000e+00 -3.506071544581093047e-01
1.158999999999999986e+01 5.000000000000000000e+00 -1.721053496022289409e+00
-1.158999999999999986e+01 1.500000000000000000e+01 -2.350607154458109527e+00
-1.019458352525672495e+01 1.500000000000000000e+01 0.000000000000000000e+00
3.859999999999999876e+00 1.500000000000000000e+01 -3.506071544581093047e-01
1.158999999999999986e+01 1.500000000000000000e+01 -1.265264195226747379e+00
