-1.158999999999999986e+01 -1.500000000000000000e+01 -3.368342250436988650e+00
-1.050079956865215536e+01 -1.500000000000000000e+01 0.000000000000000000e+00
3.860000000000000320e+00 -1.500000000000000000e+01 -1.368342250436988816e-01
1.158999999999999986e+01 -1.500000000000000000e+01 -2.189347600699182161e-01
-1.158999999999999986e+01 -5.000000000000000000e+00 -3.368342250436988650e+00
-1.050079956865215536e+01 -5.000000000000000000e+00 0.000000000000000000e+00
3.860000000000000320e+00 -5.000000000000000000e+00 -1.368342250436988816e-01
1.158999999999999986e+01 -5.000000000000000000e+00 -2.189347600699182161e-01
-1.158999999999999986e+01 5.000000000000000000e+00 -3.273668450087397819e+00
-1.050079956865215536e+01 5.000000000000000000e+00 0.000000000000000000e+00
3.860000000000000320e+00 5.000000000000000000e+00 -2.736684500873977632e-01
1.158999999999999986e+01 5.000000000000000000e+00 -4.105026751310966171e-01
-1.158999999999999986e+01 1.500000000000000000e+01 -3.178994649737806988e+00
-1.050079956865215536e+01 1.500000000000000000e+01 0.000000000000000000e+00
3.860000000000000320e+00 1.500000000000000000e+01 -2.736684500873977632e-01
1.158999999999999986e+01 1.500000000000000000e+01 -5.473369001747955404e-02
