-1.158999999999999986e+01 -1.500000000000000000e+01 -2.258923594163159798e+00
-1.133107640583683917e+01 -1.500000000000000000e+01 0.000000000000000000e+00
3.859999999999999876e+00 -1.500000000000000000e+01 -6.473089854078994954e-02
1.158999999999999986e+01 -1.500000000000000000e+01 -3.741076405836840202e+00
-1.158999999999999986e+01 -5.000000000000000000e+00 -2.064730898540790172e+00
-1.133107640583683917e+01 -5.000000000000000000e+00 0.000000000000000000e+00
3.859999999999999876e+00 -5.000000000000000000e+00 -6.473089854078994954e-02
1.158999999999999986e+01 -5.000000000000000000e+00 -3.643980058025655389e+00
-1.158999999999999986e+01 5.000000000000000000e+00 -1.870538202918420101e+00
-1.133107640583683917e+01 5.000000000000000000e+00 0.000000000000000000e+00
3.859999999999999876e+00 5.000000000000000000e+00 -3.236544927039497477e-02
1.158999999999999986e+01 5.000000000000000000e+00 -3.643980058025655389e+00
-1.158999999999999986e+01 1.500000000000000000e+01 -1.870538202918420101e+00
-1.133107640583683917e+01 1.500000000000000000e+01 0.000000000000000000e+00
3.859999999999999876e+00 1.500000000000000000e+01 -3.236544927039497477e-02
1.158999999999999986e+01 1.500000000000000000e+01 -3.741076405836840202e+00
