-1.158999999999999986e+01 -1.500000000000000000e+01 -3.450471893029957382e+00
-1.122364792868663841e+01 -1.500000000000000000e+01 0.000000000000000000e+00
3.859999999999999876e+00 -1.500000000000000000e+01 -4.579400891417020891e-02
1.158999999999999986e+01 -1.500000000000000000e+01 -7.327041426267233426e-02
-1.158999999999999986e+01 -5.000000000000000000e+00 -3.450471893029957382e+00
-1.122364792868663841e+01 -5.000000000000000000e+00 0.000000000000000000e+00
3.859999999999999876e+00 -5.000000000000000000e+00 -4.579400891417020891e-02
1.158999999999999986e+01 -5.000000000000000000e+00 -7.327041426267233426e-02
-1.158999999999999986e+01 5.000000000000000000e+00 -3.725235946514978913e+00
-1.122364792868663841e+01 5.000000000000000000e+00 0.000000000000000000e+00
3.859999999999999876e+00 5.000000000000000000e+00 -9.158801782834041783e-02
1.158999999999999986e+01 5.000000000000000000e+00 -1.373820267425106267e-01
-1.158999999999999986e+01 1.500000000000000000e+01 -4.000000000000000000e+00
-1.122364792868663841e+01 1.500000000000000000e+01 0.000000000000000000e+00
3.859999999999999876e+00 1.500000000000000000e+01 -9.158801782834041783e-02
1.158999999999999986e+01 1.500000000000000000e+01 -1.831760356566808357e-02
