-1.158999999999999986e+01 -1.500000000000000000e+01 -2.415710489856476517e+00
-1.159536824553301315e+01 -1.500000000000000000e+01 0.000000000000000000e+00
3.859999999999999876e+00 -1.500000000000000000e+01 -1.342061383253597973e-01
1.158999999999999986e+01 -1.500000000000000000e+01 -1.141080714717697342e+00
-1.158999999999999986e+01 -5.000000000000000000e+00 -2.415710489856476517e+00
-1.159536824553301315e+01 -5.000000000000000000e+00 0.000000000000000000e+00
3.859999999999999876e+00 -5.000000000000000000e+00 -1.342061383253597973e-01
1.158999999999999986e+01 -5.000000000000000000e+00 -1.141080714717697342e+00
-1.158999999999999986e+01 5.000000000000000000e+00 -1.878885936555037217e+00
-1.159536824553301315e+01 5.000000000000000000e+00 0.000000000000000000e+00
3.859999999999999876e+00 5.000000000000000000e+00 -2.684122766507195945e-01
1.158999999999999986e+01 5.000000000000000000e+00 -1.792144755071761741e+00
-1.158999999999999986e+01 1.500000000000000000e+01 -1.342061383253597917e+00
-1.159536824553301315e+01 1.500000000000000000e+01 0.000000000000000000e+00
3.859999999999999876e+00 1.500000000000000000e+01 -2.684122766507195945e-01
1.158999999999999986e+01 1.500000000000000000e+01 -1.906384242124387063e+00
